 -2.500000000000000E-002  0.000000000000000E+000
 -2.400000000000000E-002  0.000000000000000E+000
 -2.300000000000000E-002  0.000000000000000E+000
 -2.200000000000000E-002  0.000000000000000E+000
 -2.100000000000000E-002  0.000000000000000E+000
 -2.000000000000000E-002  0.000000000000000E+000
 -1.900000000000000E-002  0.000000000000000E+000
 -1.800000000000000E-002  0.000000000000000E+000
 -1.700000000000000E-002  0.000000000000000E+000
 -1.600000000000000E-002  0.000000000000000E+000
 -1.500000000000000E-002  0.000000000000000E+000
 -1.400000000000000E-002  0.000000000000000E+000
 -1.300000000000000E-002  0.000000000000000E+000
 -1.200000000000000E-002  0.000000000000000E+000
 -1.100000000000000E-002  0.000000000000000E+000
 -1.000000000000000E-002  0.000000000000000E+000
 -9.000000000000001E-003  0.000000000000000E+000
 -8.000000000000000E-003   1.22869860870440     
 -6.999999999999999E-003   4.52674957186334     
 -6.000000000000002E-003   5.84265452859393     
 -5.000000000000001E-003   9.72464693838561     
 -4.000000000000000E-003   15.3673843477387     
 -3.000000000000003E-003   18.7681071562221     
 -2.000000000000002E-003   14.1183608881623     
 -1.000000000000001E-003   16.2514023567626     
  0.000000000000000E+000   19.4113120318292     
  1.000000000000001E-003   15.2948544295005     
  1.999999999999998E-003   8.80073413367201     
  2.999999999999999E-003   6.31238039205192     
  4.000000000000000E-003   6.36960755792256     
  4.999999999999998E-003   3.51626496684232     
  5.999999999999998E-003   2.95707692623343     
  6.999999999999999E-003   1.53816055909396     
  8.000000000000000E-003   1.96963122640466     
  9.000000000000001E-003   2.84760632815157     
  1.000000000000000E-002   1.02775834099632     
  1.100000000000000E-002   4.36788896313447     
  1.200000000000000E-002   3.55921313987651     
  1.300000000000000E-002   1.47924525598412     
  1.400000000000000E-002  5.151351873479396E-003
  1.500000000000000E-002  0.000000000000000E+000
  1.600000000000000E-002  0.000000000000000E+000
  1.700000000000000E-002  0.000000000000000E+000
  1.800000000000000E-002  0.000000000000000E+000
  1.900000000000000E-002  0.000000000000000E+000
  2.000000000000000E-002  0.000000000000000E+000
  2.100000000000000E-002  0.000000000000000E+000
  2.200000000000000E-002  0.000000000000000E+000
  2.300000000000000E-002  0.000000000000000E+000
  2.400000000000000E-002  0.000000000000000E+000
  2.500000000000000E-002  0.000000000000000E+000
