 -2.500000000000000E-002  0.000000000000000E+000
 -2.400000000000000E-002  0.000000000000000E+000
 -2.300000000000000E-002  0.000000000000000E+000
 -2.200000000000000E-002  0.000000000000000E+000
 -2.100000000000000E-002  0.000000000000000E+000
 -2.000000000000000E-002  0.000000000000000E+000
 -1.900000000000000E-002  0.000000000000000E+000
 -1.800000000000000E-002  0.000000000000000E+000
 -1.700000000000000E-002  0.000000000000000E+000
 -1.600000000000000E-002  0.120004979890868     
 -1.500000000000000E-002  0.414053309412752     
 -1.400000000000000E-002   1.74706776886629     
 -1.300000000000000E-002  0.270463941830091     
 -1.200000000000000E-002  0.608712736613205     
 -1.100000000000000E-002  0.803203611173927     
 -1.000000000000000E-002   1.31048806693052     
 -9.000000000000001E-003  0.838635585282351     
 -8.000000000000000E-003  0.667179660079389     
 -6.999999999999999E-003  0.653907489142683     
 -6.000000000000002E-003   1.45353499399678     
 -5.000000000000001E-003   1.85311225435561     
 -4.000000000000000E-003   5.38496562917610     
 -3.000000000000003E-003   23.0560411714039     
 -2.000000000000002E-003   73.0453796694187     
 -1.000000000000001E-003   100.657837541606     
  0.000000000000000E+000   80.8823470622756     
  1.000000000000001E-003   64.2541190192819     
  1.999999999999998E-003   37.6245639861638     
  2.999999999999999E-003   33.0655863560340     
  4.000000000000000E-003   2.37663600031473     
  4.999999999999998E-003   1.06929664298750     
  5.999999999999998E-003   1.37036661189835     
  6.999999999999999E-003  0.567226384454800     
  8.000000000000000E-003  0.633672207797343     
  9.000000000000001E-003   1.09375842436595     
  1.000000000000000E-002   1.38732022762095     
  1.100000000000000E-002   1.52832890179475     
  1.200000000000000E-002   1.60757439779505     
  1.300000000000000E-002   1.90839933646154     
  1.400000000000000E-002   2.47120727918867     
  1.500000000000000E-002   1.96724393646394     
  1.600000000000000E-002  0.335864815922418     
  1.700000000000000E-002  0.000000000000000E+000
  1.800000000000000E-002  0.000000000000000E+000
  1.900000000000000E-002  0.000000000000000E+000
  2.000000000000000E-002  0.000000000000000E+000
  2.100000000000000E-002  0.000000000000000E+000
  2.200000000000000E-002  0.000000000000000E+000
  2.300000000000000E-002  0.000000000000000E+000
  2.400000000000000E-002  0.000000000000000E+000
  2.500000000000000E-002  0.000000000000000E+000
