 -2.500000000000000E-002  0.000000000000000E+000
 -2.400000000000000E-002  0.000000000000000E+000
 -2.300000000000000E-002  0.000000000000000E+000
 -2.200000000000000E-002  0.000000000000000E+000
 -2.100000000000000E-002  0.000000000000000E+000
 -2.000000000000000E-002  0.000000000000000E+000
 -1.900000000000000E-002  0.000000000000000E+000
 -1.800000000000000E-002  0.000000000000000E+000
 -1.700000000000000E-002  0.000000000000000E+000
 -1.600000000000000E-002  0.000000000000000E+000
 -1.500000000000000E-002  0.000000000000000E+000
 -1.400000000000000E-002  0.000000000000000E+000
 -1.300000000000000E-002  0.000000000000000E+000
 -1.200000000000000E-002  0.000000000000000E+000
 -1.100000000000000E-002  0.000000000000000E+000
 -1.000000000000000E-002  0.000000000000000E+000
 -9.000000000000001E-003  0.000000000000000E+000
 -8.000000000000000E-003  0.000000000000000E+000
 -6.999999999999999E-003  0.000000000000000E+000
 -6.000000000000002E-003  0.000000000000000E+000
 -5.000000000000001E-003   3.59118883456787     
 -4.000000000000000E-003   8.11410794274718     
 -3.000000000000003E-003   36.6071329432258     
 -2.000000000000002E-003   68.2186031026075     
 -1.000000000000001E-003   76.6389013667178     
  0.000000000000000E+000   62.6697062691416     
  1.000000000000001E-003   44.5219612555089     
  1.999999999999998E-003   35.6945425003800     
  2.999999999999999E-003   20.3038286237408     
  4.000000000000000E-003   2.49032279854279     
  4.999999999999998E-003   3.90297731255095     
  5.999999999999998E-003   3.11844403235309     
  6.999999999999999E-003   5.42353645602764     
  8.000000000000000E-003   1.29369828414398     
  9.000000000000001E-003   1.34911224882897     
  1.000000000000000E-002   3.12873245104629     
  1.100000000000000E-002   2.35037331232007     
  1.200000000000000E-002   1.32744229745990     
  1.300000000000000E-002  0.501697968088874     
  1.400000000000000E-002  0.000000000000000E+000
  1.500000000000000E-002  0.000000000000000E+000
  1.600000000000000E-002  0.000000000000000E+000
  1.700000000000000E-002  0.000000000000000E+000
  1.800000000000000E-002  0.000000000000000E+000
  1.900000000000000E-002  0.000000000000000E+000
  2.000000000000000E-002  0.000000000000000E+000
  2.100000000000000E-002  0.000000000000000E+000
  2.200000000000000E-002  0.000000000000000E+000
  2.300000000000000E-002  0.000000000000000E+000
  2.400000000000000E-002  0.000000000000000E+000
  2.500000000000000E-002  0.000000000000000E+000
