 -2.500000000000000E-002  0.000000000000000E+000
 -2.400000000000000E-002  0.000000000000000E+000
 -2.300000000000000E-002  0.000000000000000E+000
 -2.200000000000000E-002  0.000000000000000E+000
 -2.100000000000000E-002  0.000000000000000E+000
 -2.000000000000000E-002  0.000000000000000E+000
 -1.900000000000000E-002  0.000000000000000E+000
 -1.800000000000000E-002  0.000000000000000E+000
 -1.700000000000000E-002  0.233245163472668     
 -1.600000000000000E-002  0.443845835159689     
 -1.500000000000000E-002   1.69759083074622     
 -1.400000000000000E-002  0.471338170621423     
 -1.300000000000000E-002  0.509345630023678     
 -1.200000000000000E-002   1.98098360404351     
 -1.100000000000000E-002   3.41027063572666     
 -1.000000000000000E-002   2.22866752105801     
 -9.000000000000001E-003  0.838907915573667     
 -8.000000000000000E-003   3.91041633405341     
 -6.999999999999999E-003   5.45530313869031     
 -6.000000000000002E-003   6.19115398921264     
 -5.000000000000001E-003   3.62648781808412     
 -4.000000000000000E-003   4.93309331885531     
 -3.000000000000003E-003   4.93879303355116     
 -2.000000000000002E-003   2.10740001148315     
 -1.000000000000001E-003   2.63276529835909     
  0.000000000000000E+000   3.22220426767583     
  1.000000000000001E-003   4.79451091768399     
  1.999999999999998E-003   3.81690769514717     
  2.999999999999999E-003   3.14517422942464     
  4.000000000000000E-003   5.78103110326113     
  4.999999999999998E-003   7.56274786099462     
  5.999999999999998E-003   5.39621625412055     
  6.999999999999999E-003   8.39968705801043     
  8.000000000000000E-003   2.67009136125648     
  9.000000000000001E-003  0.776940991928538     
  1.000000000000000E-002   1.53274598002044     
  1.100000000000000E-002   1.96714907712662     
  1.200000000000000E-002   2.31935269295839     
  1.300000000000000E-002   2.00067299375186     
  1.400000000000000E-002  0.930629267924564     
  1.500000000000000E-002  0.000000000000000E+000
  1.600000000000000E-002  0.000000000000000E+000
  1.700000000000000E-002  0.000000000000000E+000
  1.800000000000000E-002  0.000000000000000E+000
  1.900000000000000E-002  0.000000000000000E+000
  2.000000000000000E-002  0.000000000000000E+000
  2.100000000000000E-002  0.000000000000000E+000
  2.200000000000000E-002  0.000000000000000E+000
  2.300000000000000E-002  0.000000000000000E+000
  2.400000000000000E-002  0.000000000000000E+000
  2.500000000000000E-002  0.000000000000000E+000
