 -2.500000000000000E-002  0.000000000000000E+000
 -2.400000000000000E-002  0.000000000000000E+000
 -2.300000000000000E-002  0.000000000000000E+000
 -2.200000000000000E-002  0.000000000000000E+000
 -2.100000000000000E-002  0.000000000000000E+000
 -2.000000000000000E-002  0.000000000000000E+000
 -1.900000000000000E-002  0.000000000000000E+000
 -1.800000000000000E-002  0.000000000000000E+000
 -1.700000000000000E-002  0.000000000000000E+000
 -1.600000000000000E-002  0.000000000000000E+000
 -1.500000000000000E-002  0.000000000000000E+000
 -1.400000000000000E-002  0.000000000000000E+000
 -1.300000000000000E-002  0.000000000000000E+000
 -1.200000000000000E-002  0.000000000000000E+000
 -1.100000000000000E-002  0.000000000000000E+000
 -1.000000000000000E-002  0.000000000000000E+000
 -9.000000000000001E-003  0.000000000000000E+000
 -8.000000000000000E-003  8.086700385140399E-003
 -6.999999999999999E-003   1.09495495290607     
 -6.000000000000002E-003   5.01346109081499     
 -5.000000000000001E-003   10.0536420557224     
 -4.000000000000000E-003   15.6509835474339     
 -3.000000000000003E-003   17.3887887415763     
 -2.000000000000002E-003   16.5945417315089     
 -1.000000000000001E-003   16.1814026923536     
  0.000000000000000E+000   11.9504826050074     
  1.000000000000001E-003   11.3147750921798     
  1.999999999999998E-003   8.09169072574583     
  2.999999999999999E-003   1.66861232868050     
  4.000000000000000E-003   1.96239646137920     
  4.999999999999998E-003   1.08766063297706     
  5.999999999999998E-003  0.609151462795570     
  6.999999999999999E-003  0.951537405197230     
  8.000000000000000E-003   2.17250168461712     
  9.000000000000001E-003   1.44105681227882     
  1.000000000000000E-002   2.02750392017195     
  1.100000000000000E-002   3.96646152607042     
  1.200000000000000E-002   3.78686541010252     
  1.300000000000000E-002   2.65705472704802     
  1.400000000000000E-002   1.37785471994247     
  1.500000000000000E-002  4.487297310478271E-002
  1.600000000000000E-002  0.000000000000000E+000
  1.700000000000000E-002  0.000000000000000E+000
  1.800000000000000E-002  0.000000000000000E+000
  1.900000000000000E-002  0.000000000000000E+000
  2.000000000000000E-002  0.000000000000000E+000
  2.100000000000000E-002  0.000000000000000E+000
  2.200000000000000E-002  0.000000000000000E+000
  2.300000000000000E-002  0.000000000000000E+000
  2.400000000000000E-002  0.000000000000000E+000
  2.500000000000000E-002  0.000000000000000E+000
