 -2.500000000000000E-002  0.000000000000000E+000
 -2.400000000000000E-002  0.000000000000000E+000
 -2.300000000000000E-002  0.000000000000000E+000
 -2.200000000000000E-002  0.000000000000000E+000
 -2.100000000000000E-002  0.000000000000000E+000
 -2.000000000000000E-002  0.000000000000000E+000
 -1.900000000000000E-002  0.000000000000000E+000
 -1.800000000000000E-002  0.000000000000000E+000
 -1.700000000000000E-002  0.000000000000000E+000
 -1.600000000000000E-002  0.000000000000000E+000
 -1.500000000000000E-002  0.000000000000000E+000
 -1.400000000000000E-002  0.000000000000000E+000
 -1.300000000000000E-002  0.000000000000000E+000
 -1.200000000000000E-002  0.000000000000000E+000
 -1.100000000000000E-002  0.482513495401755     
 -1.000000000000000E-002   2.92423670155171     
 -9.000000000000001E-003   1.35063160166113     
 -8.000000000000000E-003   2.03406250095700     
 -6.999999999999999E-003   1.95156474314423     
 -6.000000000000002E-003   3.68786404849127     
 -5.000000000000001E-003   8.78283277341970     
 -4.000000000000000E-003   1.94371746876938     
 -3.000000000000003E-003   9.71451911983425     
 -2.000000000000002E-003   14.6962165930145     
 -1.000000000000001E-003   4.54271272511167     
  0.000000000000000E+000   12.9221093705595     
  1.000000000000001E-003   23.4304933174369     
  1.999999999999998E-003   24.2641368233953     
  2.999999999999999E-003   7.03595388006683     
  4.000000000000000E-003   1.66424223134296     
  4.999999999999998E-003   2.35973889679652     
  5.999999999999998E-003   2.72347355770436     
  6.999999999999999E-003   4.64544584584262     
  8.000000000000000E-003   3.85869545006223     
  9.000000000000001E-003   2.33756351828651     
  1.000000000000000E-002  0.253045337149707     
  1.100000000000000E-002  0.000000000000000E+000
  1.200000000000000E-002  0.000000000000000E+000
  1.300000000000000E-002  0.000000000000000E+000
  1.400000000000000E-002  0.000000000000000E+000
  1.500000000000000E-002  0.000000000000000E+000
  1.600000000000000E-002  0.000000000000000E+000
  1.700000000000000E-002  0.000000000000000E+000
  1.800000000000000E-002  0.000000000000000E+000
  1.900000000000000E-002  0.000000000000000E+000
  2.000000000000000E-002  0.000000000000000E+000
  2.100000000000000E-002  0.000000000000000E+000
  2.200000000000000E-002  0.000000000000000E+000
  2.300000000000000E-002  0.000000000000000E+000
  2.400000000000000E-002  0.000000000000000E+000
  2.500000000000000E-002  0.000000000000000E+000
