 -2.500000000000000E-002  0.000000000000000E+000
 -2.400000000000000E-002  0.000000000000000E+000
 -2.300000000000000E-002  0.000000000000000E+000
 -2.200000000000000E-002  0.000000000000000E+000
 -2.100000000000000E-002  0.000000000000000E+000
 -2.000000000000000E-002  0.000000000000000E+000
 -1.900000000000000E-002  0.000000000000000E+000
 -1.800000000000000E-002  0.000000000000000E+000
 -1.700000000000000E-002  9.650009799518879E-002
 -1.600000000000000E-002   1.05786384148109     
 -1.500000000000000E-002   2.82894528738862     
 -1.400000000000000E-002   1.37752826637583     
 -1.300000000000000E-002   1.51369445338311     
 -1.200000000000000E-002   1.02537156142437     
 -1.100000000000000E-002   2.75239232222044     
 -1.000000000000000E-002   2.02619839994510     
 -9.000000000000001E-003   1.76035096572038     
 -8.000000000000000E-003   1.20292843769161     
 -6.999999999999999E-003   2.45920811841175     
 -6.000000000000002E-003   4.40274341007743     
 -5.000000000000001E-003   12.2590957004312     
 -4.000000000000000E-003   18.7768592945236     
 -3.000000000000003E-003   14.2862718747122     
 -2.000000000000002E-003   9.53068020197257     
 -1.000000000000001E-003   11.1748795298198     
  0.000000000000000E+000   8.28979924134341     
  1.000000000000001E-003   4.99115847934969     
  1.999999999999998E-003   3.22656761375483     
  2.999999999999999E-003   3.97716012810342     
  4.000000000000000E-003   3.61225823817425     
  4.999999999999998E-003   2.74496474736327     
  5.999999999999998E-003   2.16010070824820     
  6.999999999999999E-003   1.84222884707626     
  8.000000000000000E-003   3.88970451518354     
  9.000000000000001E-003   6.25346052395326     
  1.000000000000000E-002   3.64164692838452     
  1.100000000000000E-002   3.86510682280925     
  1.200000000000000E-002   5.24983082019263     
  1.300000000000000E-002   4.77147368188168     
  1.400000000000000E-002   4.06658663777006     
  1.500000000000000E-002  0.849090302837411     
  1.600000000000000E-002  0.000000000000000E+000
  1.700000000000000E-002  0.000000000000000E+000
  1.800000000000000E-002  0.000000000000000E+000
  1.900000000000000E-002  0.000000000000000E+000
  2.000000000000000E-002  0.000000000000000E+000
  2.100000000000000E-002  0.000000000000000E+000
  2.200000000000000E-002  0.000000000000000E+000
  2.300000000000000E-002  0.000000000000000E+000
  2.400000000000000E-002  0.000000000000000E+000
  2.500000000000000E-002  0.000000000000000E+000
