 -2.500000000000000E-002  0.000000000000000E+000
 -2.400000000000000E-002  0.000000000000000E+000
 -2.300000000000000E-002  0.000000000000000E+000
 -2.200000000000000E-002  0.000000000000000E+000
 -2.100000000000000E-002  0.000000000000000E+000
 -2.000000000000000E-002  0.000000000000000E+000
 -1.900000000000000E-002  0.000000000000000E+000
 -1.800000000000000E-002  0.000000000000000E+000
 -1.700000000000000E-002  0.000000000000000E+000
 -1.600000000000000E-002  0.000000000000000E+000
 -1.500000000000000E-002  0.000000000000000E+000
 -1.400000000000000E-002  0.000000000000000E+000
 -1.300000000000000E-002  0.000000000000000E+000
 -1.200000000000000E-002  0.000000000000000E+000
 -1.100000000000000E-002  0.000000000000000E+000
 -1.000000000000000E-002  0.000000000000000E+000
 -9.000000000000001E-003  0.000000000000000E+000
 -8.000000000000000E-003  0.000000000000000E+000
 -6.999999999999999E-003  0.266494215036517     
 -6.000000000000002E-003   3.25168403797451     
 -5.000000000000001E-003   7.16641623691222     
 -4.000000000000000E-003   13.5220021796740     
 -3.000000000000003E-003   35.8844758034613     
 -2.000000000000002E-003   37.6736651933090     
 -1.000000000000001E-003   33.9028191971989     
  0.000000000000000E+000   24.1513347820960     
  1.000000000000001E-003   21.5149709348627     
  1.999999999999998E-003   21.0193692987263     
  2.999999999999999E-003   5.32507281326217     
  4.000000000000000E-003   2.82997395755002     
  4.999999999999998E-003   2.26259289604513     
  5.999999999999998E-003   2.31963057120878     
  6.999999999999999E-003   3.13777847457379     
  8.000000000000000E-003   2.69349269019563     
  9.000000000000001E-003   3.29282516423897     
  1.000000000000000E-002   2.16821181345258     
  1.100000000000000E-002   4.34151668496530     
  1.200000000000000E-002   4.43006891886108     
  1.300000000000000E-002   1.02144427316521     
  1.400000000000000E-002  6.119863229824695E-003
  1.500000000000000E-002  0.000000000000000E+000
  1.600000000000000E-002  0.000000000000000E+000
  1.700000000000000E-002  0.000000000000000E+000
  1.800000000000000E-002  0.000000000000000E+000
  1.900000000000000E-002  0.000000000000000E+000
  2.000000000000000E-002  0.000000000000000E+000
  2.100000000000000E-002  0.000000000000000E+000
  2.200000000000000E-002  0.000000000000000E+000
  2.300000000000000E-002  0.000000000000000E+000
  2.400000000000000E-002  0.000000000000000E+000
  2.500000000000000E-002  0.000000000000000E+000
