 -2.500000000000000E-002  0.000000000000000E+000
 -2.400000000000000E-002  0.000000000000000E+000
 -2.300000000000000E-002  0.000000000000000E+000
 -2.200000000000000E-002  0.000000000000000E+000
 -2.100000000000000E-002  0.000000000000000E+000
 -2.000000000000000E-002  0.000000000000000E+000
 -1.900000000000000E-002  0.000000000000000E+000
 -1.800000000000000E-002  0.000000000000000E+000
 -1.700000000000000E-002  0.000000000000000E+000
 -1.600000000000000E-002  0.000000000000000E+000
 -1.500000000000000E-002  0.000000000000000E+000
 -1.400000000000000E-002  0.000000000000000E+000
 -1.300000000000000E-002  0.000000000000000E+000
 -1.200000000000000E-002  0.000000000000000E+000
 -1.100000000000000E-002  0.000000000000000E+000
 -1.000000000000000E-002  0.000000000000000E+000
 -9.000000000000001E-003  0.000000000000000E+000
 -8.000000000000000E-003   2.99271053251714     
 -6.999999999999999E-003   7.74697242371361     
 -6.000000000000002E-003   12.4381877762817     
 -5.000000000000001E-003   11.5523497640778     
 -4.000000000000000E-003   12.1981209737608     
 -3.000000000000003E-003   11.0441750454140     
 -2.000000000000002E-003   11.7150989201874     
 -1.000000000000001E-003   13.3065229739174     
  0.000000000000000E+000   16.9192948020671     
  1.000000000000001E-003   8.36085939296455     
  1.999999999999998E-003   11.5226328498017     
  2.999999999999999E-003   11.8815338227841     
  4.000000000000000E-003   5.25549606269603     
  4.999999999999998E-003   2.54637590338209     
  5.999999999999998E-003   8.17289405591150     
  6.999999999999999E-003   7.33004496098955     
  8.000000000000000E-003   4.47749509622210     
  9.000000000000001E-003   2.64999586635828     
  1.000000000000000E-002   2.01238485715257     
  1.100000000000000E-002   3.30953011885610     
  1.200000000000000E-002  0.886833800944453     
  1.300000000000000E-002  0.000000000000000E+000
  1.400000000000000E-002  0.000000000000000E+000
  1.500000000000000E-002  0.000000000000000E+000
  1.600000000000000E-002  0.000000000000000E+000
  1.700000000000000E-002  0.000000000000000E+000
  1.800000000000000E-002  0.000000000000000E+000
  1.900000000000000E-002  0.000000000000000E+000
  2.000000000000000E-002  0.000000000000000E+000
  2.100000000000000E-002  0.000000000000000E+000
  2.200000000000000E-002  0.000000000000000E+000
  2.300000000000000E-002  0.000000000000000E+000
  2.400000000000000E-002  0.000000000000000E+000
  2.500000000000000E-002  0.000000000000000E+000
