 -2.500000000000000E-002  0.000000000000000E+000
 -2.400000000000000E-002  0.000000000000000E+000
 -2.300000000000000E-002  0.000000000000000E+000
 -2.200000000000000E-002  0.000000000000000E+000
 -2.100000000000000E-002  0.000000000000000E+000
 -2.000000000000000E-002  0.000000000000000E+000
 -1.900000000000000E-002  0.000000000000000E+000
 -1.800000000000000E-002  0.000000000000000E+000
 -1.700000000000000E-002  0.000000000000000E+000
 -1.600000000000000E-002  0.000000000000000E+000
 -1.500000000000000E-002  0.000000000000000E+000
 -1.400000000000000E-002  0.000000000000000E+000
 -1.300000000000000E-002  0.000000000000000E+000
 -1.200000000000000E-002  0.000000000000000E+000
 -1.100000000000000E-002  0.000000000000000E+000
 -1.000000000000000E-002  0.000000000000000E+000
 -9.000000000000001E-003  0.000000000000000E+000
 -8.000000000000000E-003  0.000000000000000E+000
 -6.999999999999999E-003  0.000000000000000E+000
 -6.000000000000002E-003   1.69948917159656     
 -5.000000000000001E-003   3.93762873603506     
 -4.000000000000000E-003   13.5246209991501     
 -3.000000000000003E-003   13.9915929327077     
 -2.000000000000002E-003   10.8339192396348     
 -1.000000000000001E-003   14.5008172043749     
  0.000000000000000E+000   7.96851050078106     
  1.000000000000001E-003   3.05128744346654     
  1.999999999999998E-003   2.06957546667184     
  2.999999999999999E-003   1.31918164711143     
  4.000000000000000E-003   1.95384928610348     
  4.999999999999998E-003   1.56525179592872     
  5.999999999999998E-003   1.16124865570567     
  6.999999999999999E-003   1.53599334287599     
  8.000000000000000E-003  0.567709959401827     
  9.000000000000001E-003   1.06719651299360     
  1.000000000000000E-002   2.04396021523459     
  1.100000000000000E-002   1.15038597978311     
  1.200000000000000E-002   2.35230299440504     
  1.300000000000000E-002   1.94847701687710     
  1.400000000000000E-002   1.05726089916087     
  1.500000000000000E-002  0.000000000000000E+000
  1.600000000000000E-002  0.000000000000000E+000
  1.700000000000000E-002  0.000000000000000E+000
  1.800000000000000E-002  0.000000000000000E+000
  1.900000000000000E-002  0.000000000000000E+000
  2.000000000000000E-002  0.000000000000000E+000
  2.100000000000000E-002  0.000000000000000E+000
  2.200000000000000E-002  0.000000000000000E+000
  2.300000000000000E-002  0.000000000000000E+000
  2.400000000000000E-002  0.000000000000000E+000
  2.500000000000000E-002  0.000000000000000E+000
