 -2.500000000000000E-002  0.000000000000000E+000
 -2.400000000000000E-002  0.000000000000000E+000
 -2.300000000000000E-002  0.000000000000000E+000
 -2.200000000000000E-002  0.000000000000000E+000
 -2.100000000000000E-002  0.000000000000000E+000
 -2.000000000000000E-002  0.000000000000000E+000
 -1.900000000000000E-002  0.000000000000000E+000
 -1.800000000000000E-002  0.000000000000000E+000
 -1.700000000000000E-002  0.000000000000000E+000
 -1.600000000000000E-002  0.466592983488044     
 -1.500000000000000E-002   1.35126838870891     
 -1.400000000000000E-002   3.23327715658855     
 -1.300000000000000E-002  0.574387732004973     
 -1.200000000000000E-002   1.69110774068580     
 -1.100000000000000E-002   1.49026608896162     
 -1.000000000000000E-002   2.52355497529370     
 -9.000000000000001E-003   1.51879180751892     
 -8.000000000000000E-003   1.39384821014119     
 -6.999999999999999E-003   2.87557695324525     
 -6.000000000000002E-003   2.55520543124869     
 -5.000000000000001E-003   9.13910040024527     
 -4.000000000000000E-003   14.7568134788473     
 -3.000000000000003E-003   13.3401775451441     
 -2.000000000000002E-003   8.69941409295247     
 -1.000000000000001E-003   5.09195051116555     
  0.000000000000000E+000   4.64937137004589     
  1.000000000000001E-003   4.36214367233347     
  1.999999999999998E-003   3.04518681436373     
  2.999999999999999E-003   2.21559851205911     
  4.000000000000000E-003   2.98617019048063     
  4.999999999999998E-003   2.25133402091076     
  5.999999999999998E-003   2.38609226772160     
  6.999999999999999E-003   1.47403335039713     
  8.000000000000000E-003   1.88577331855313     
  9.000000000000001E-003   1.83017291214468     
  1.000000000000000E-002   3.21535273881390     
  1.100000000000000E-002   2.94879594400774     
  1.200000000000000E-002   3.01723106521433     
  1.300000000000000E-002   4.66585769136377     
  1.400000000000000E-002   4.35146211163582     
  1.500000000000000E-002   3.06252612510839     
  1.600000000000000E-002  0.136044398605629     
  1.700000000000000E-002  0.000000000000000E+000
  1.800000000000000E-002  0.000000000000000E+000
  1.900000000000000E-002  0.000000000000000E+000
  2.000000000000000E-002  0.000000000000000E+000
  2.100000000000000E-002  0.000000000000000E+000
  2.200000000000000E-002  0.000000000000000E+000
  2.300000000000000E-002  0.000000000000000E+000
  2.400000000000000E-002  0.000000000000000E+000
  2.500000000000000E-002  0.000000000000000E+000
