 -2.500000000000000E-002  0.000000000000000E+000
 -2.400000000000000E-002  0.000000000000000E+000
 -2.300000000000000E-002  0.000000000000000E+000
 -2.200000000000000E-002  0.000000000000000E+000
 -2.100000000000000E-002  0.000000000000000E+000
 -2.000000000000000E-002  0.000000000000000E+000
 -1.900000000000000E-002  0.000000000000000E+000
 -1.800000000000000E-002  0.000000000000000E+000
 -1.700000000000000E-002  0.000000000000000E+000
 -1.600000000000000E-002  0.171810933182972     
 -1.500000000000000E-002  0.504560839315745     
 -1.400000000000000E-002   2.05889250363304     
 -1.300000000000000E-002  0.464045723868246     
 -1.200000000000000E-002  0.550719181882082     
 -1.100000000000000E-002  0.745120381939788     
 -1.000000000000000E-002   2.91599739059461     
 -9.000000000000001E-003   5.76032040064436     
 -8.000000000000000E-003   4.07592245075513     
 -6.999999999999999E-003   4.62407311890599     
 -6.000000000000002E-003   4.76821379505629     
 -5.000000000000001E-003   7.33018506011558     
 -4.000000000000000E-003   14.3807869284399     
 -3.000000000000003E-003   17.4857801216906     
 -2.000000000000002E-003   19.3138292759783     
 -1.000000000000001E-003   15.1334305457540     
  0.000000000000000E+000   9.30970400973888     
  1.000000000000001E-003   6.89463137910703     
  1.999999999999998E-003   2.67307345029264     
  2.999999999999999E-003   3.26534376359391     
  4.000000000000000E-003   4.22039751830281     
  4.999999999999998E-003   2.32574364187959     
  5.999999999999998E-003   1.56928267708122     
  6.999999999999999E-003   1.68068602501846     
  8.000000000000000E-003   2.12122086804396     
  9.000000000000001E-003   2.12571246570017     
  1.000000000000000E-002   2.67373895145991     
  1.100000000000000E-002   1.63318662810053     
  1.200000000000000E-002   2.00436883612762     
  1.300000000000000E-002   2.94727298447964     
  1.400000000000000E-002   4.37579274483498     
  1.500000000000000E-002   2.84805266354422     
  1.600000000000000E-002   2.35935903170221     
  1.700000000000000E-002   1.37916203724022     
  1.800000000000000E-002  0.641300468374425     
  1.900000000000000E-002   2.08533976823862     
  2.000000000000000E-002  0.139381435382276     
  2.100000000000000E-002  0.000000000000000E+000
  2.200000000000000E-002  0.000000000000000E+000
  2.300000000000000E-002  0.000000000000000E+000
  2.400000000000000E-002  0.000000000000000E+000
  2.500000000000000E-002  0.000000000000000E+000
