 -2.500000000000000E-002  0.000000000000000E+000
 -2.400000000000000E-002  0.000000000000000E+000
 -2.300000000000000E-002  0.000000000000000E+000
 -2.200000000000000E-002  0.000000000000000E+000
 -2.100000000000000E-002  0.000000000000000E+000
 -2.000000000000000E-002  0.000000000000000E+000
 -1.900000000000000E-002  0.000000000000000E+000
 -1.800000000000000E-002  0.000000000000000E+000
 -1.700000000000000E-002  0.000000000000000E+000
 -1.600000000000000E-002  0.000000000000000E+000
 -1.500000000000000E-002  0.000000000000000E+000
 -1.400000000000000E-002  0.000000000000000E+000
 -1.300000000000000E-002  0.000000000000000E+000
 -1.200000000000000E-002  0.000000000000000E+000
 -1.100000000000000E-002  0.000000000000000E+000
 -1.000000000000000E-002  0.000000000000000E+000
 -9.000000000000001E-003  0.000000000000000E+000
 -8.000000000000000E-003  0.000000000000000E+000
 -6.999999999999999E-003  0.000000000000000E+000
 -6.000000000000002E-003  0.945283827222004     
 -5.000000000000001E-003   9.00729238446510     
 -4.000000000000000E-003   14.1954135035418     
 -3.000000000000003E-003   14.3772665004876     
 -2.000000000000002E-003   10.5777922644449     
 -1.000000000000001E-003   17.7341722053408     
  0.000000000000000E+000   10.8146093859999     
  1.000000000000001E-003   2.32545630059024     
  1.999999999999998E-003   3.66098563011330     
  2.999999999999999E-003   2.88847276327633     
  4.000000000000000E-003   3.38749239011294     
  4.999999999999998E-003   4.32592253746349     
  5.999999999999998E-003   3.67374924036980     
  6.999999999999999E-003   2.85863007466426     
  8.000000000000000E-003   1.33414607440738     
  9.000000000000001E-003   2.34214499977639     
  1.000000000000000E-002   4.00188362480142     
  1.100000000000000E-002  0.997029597254725     
  1.200000000000000E-002  0.908356695667587     
  1.300000000000000E-002  0.000000000000000E+000
  1.400000000000000E-002  0.000000000000000E+000
  1.500000000000000E-002  0.000000000000000E+000
  1.600000000000000E-002  0.000000000000000E+000
  1.700000000000000E-002  0.000000000000000E+000
  1.800000000000000E-002  0.000000000000000E+000
  1.900000000000000E-002  0.000000000000000E+000
  2.000000000000000E-002  0.000000000000000E+000
  2.100000000000000E-002  0.000000000000000E+000
  2.200000000000000E-002  0.000000000000000E+000
  2.300000000000000E-002  0.000000000000000E+000
  2.400000000000000E-002  0.000000000000000E+000
  2.500000000000000E-002  0.000000000000000E+000
