 -2.500000000000000E-002  0.000000000000000E+000
 -2.400000000000000E-002  0.000000000000000E+000
 -2.300000000000000E-002  0.000000000000000E+000
 -2.200000000000000E-002  0.000000000000000E+000
 -2.100000000000000E-002  0.000000000000000E+000
 -2.000000000000000E-002  0.000000000000000E+000
 -1.900000000000000E-002  0.000000000000000E+000
 -1.800000000000000E-002  0.000000000000000E+000
 -1.700000000000000E-002  0.000000000000000E+000
 -1.600000000000000E-002  0.339165103384497     
 -1.500000000000000E-002  0.733274826739268     
 -1.400000000000000E-002   1.62426135118884     
 -1.300000000000000E-002  0.324031902245260     
 -1.200000000000000E-002  0.783426404447635     
 -1.100000000000000E-002  0.652189164593980     
 -1.000000000000000E-002   1.29573322301620     
 -9.000000000000001E-003  0.858147394991792     
 -8.000000000000000E-003  0.649764588145213     
 -6.999999999999999E-003   1.43492005084429     
 -6.000000000000002E-003   1.38580854064184     
 -5.000000000000001E-003   5.29361964351320     
 -4.000000000000000E-003   11.8606855620017     
 -3.000000000000003E-003   17.7759961595517     
 -2.000000000000002E-003   24.1230718648199     
 -1.000000000000001E-003   22.7505985994751     
  0.000000000000000E+000   21.3612842485474     
  1.000000000000001E-003   18.5607822555983     
  1.999999999999998E-003   12.5225894127644     
  2.999999999999999E-003   5.10328028033441     
  4.000000000000000E-003   2.87880198238872     
  4.999999999999998E-003   2.45598861396199     
  5.999999999999998E-003   1.56729141739363     
  6.999999999999999E-003   1.05721681505362     
  8.000000000000000E-003   1.46874994470001     
  9.000000000000001E-003  0.992419101270660     
  1.000000000000000E-002   2.72168388459284     
  1.100000000000000E-002   1.51448305655194     
  1.200000000000000E-002   1.94108361292498     
  1.300000000000000E-002   3.85389145902053     
  1.400000000000000E-002   2.20024420874952     
  1.500000000000000E-002   1.88044255795764     
  1.600000000000000E-002  0.103592768589148     
  1.700000000000000E-002  0.000000000000000E+000
  1.800000000000000E-002  0.000000000000000E+000
  1.900000000000000E-002  0.000000000000000E+000
  2.000000000000000E-002  0.000000000000000E+000
  2.100000000000000E-002  0.000000000000000E+000
  2.200000000000000E-002  0.000000000000000E+000
  2.300000000000000E-002  0.000000000000000E+000
  2.400000000000000E-002  0.000000000000000E+000
  2.500000000000000E-002  0.000000000000000E+000
