 -2.500000000000000E-002  0.000000000000000E+000
 -2.400000000000000E-002  0.000000000000000E+000
 -2.300000000000000E-002  0.000000000000000E+000
 -2.200000000000000E-002  0.000000000000000E+000
 -2.100000000000000E-002  0.000000000000000E+000
 -2.000000000000000E-002  0.000000000000000E+000
 -1.900000000000000E-002  0.000000000000000E+000
 -1.800000000000000E-002  0.000000000000000E+000
 -1.700000000000000E-002  0.000000000000000E+000
 -1.600000000000000E-002  0.000000000000000E+000
 -1.500000000000000E-002  0.000000000000000E+000
 -1.400000000000000E-002  0.000000000000000E+000
 -1.300000000000000E-002  0.000000000000000E+000
 -1.200000000000000E-002  0.000000000000000E+000
 -1.100000000000000E-002  0.000000000000000E+000
 -1.000000000000000E-002  0.214406425745610     
 -9.000000000000001E-003   1.04754333953985     
 -8.000000000000000E-003  0.926943377088306     
 -6.999999999999999E-003   1.52586815381061     
 -6.000000000000002E-003  0.923219518196049     
 -5.000000000000001E-003   1.08873875492277     
 -4.000000000000000E-003   3.84452399597920     
 -3.000000000000003E-003   21.4511562499891     
 -2.000000000000002E-003   34.2378588779032     
 -1.000000000000001E-003   43.6686553528468     
  0.000000000000000E+000   30.8294981079130     
  1.000000000000001E-003   26.8004418058982     
  1.999999999999998E-003   26.4598145352352     
  2.999999999999999E-003   7.71318633088384     
  4.000000000000000E-003   2.34335785472073     
  4.999999999999998E-003   1.89027292700063     
  5.999999999999998E-003  0.287059012128280     
  6.999999999999999E-003  0.441924076088400     
  8.000000000000000E-003  0.677461437777316     
  9.000000000000001E-003  0.592227024154748     
  1.000000000000000E-002  0.403142842178222     
  1.100000000000000E-002  0.377848464806674     
  1.200000000000000E-002  0.569015454970214     
  1.300000000000000E-002  0.224226080223109     
  1.400000000000000E-002   1.06429003607798     
  1.500000000000000E-002   1.26557401921281     
  1.600000000000000E-002  0.427731595504879     
  1.700000000000000E-002  0.568743042711586     
  1.800000000000000E-002  0.162562612049543     
  1.900000000000000E-002  0.396494205188700     
  2.000000000000000E-002  0.479707856261690     
  2.100000000000000E-002  6.699663299281249E-002
  2.200000000000000E-002  0.000000000000000E+000
  2.300000000000000E-002  0.000000000000000E+000
  2.400000000000000E-002  0.000000000000000E+000
  2.500000000000000E-002  0.000000000000000E+000
