 -2.500000000000000E-002  0.000000000000000E+000
 -2.400000000000000E-002  0.000000000000000E+000
 -2.300000000000000E-002  0.000000000000000E+000
 -2.200000000000000E-002  0.000000000000000E+000
 -2.100000000000000E-002  0.000000000000000E+000
 -2.000000000000000E-002  4.121120742782362E-002
 -1.900000000000000E-002   1.12025214696218     
 -1.800000000000000E-002  0.691937559244706     
 -1.700000000000000E-002  0.649210412090728     
 -1.600000000000000E-002   1.38661795043193     
 -1.500000000000000E-002   1.48874072384263     
 -1.400000000000000E-002  0.331310852630603     
 -1.300000000000000E-002  8.423167212786174E-002
 -1.200000000000000E-002  0.633452397361531     
 -1.100000000000000E-002   2.21031587472093     
 -1.000000000000000E-002   1.13007765102940     
 -9.000000000000001E-003  0.913625974604754     
 -8.000000000000000E-003   5.54595299889245     
 -6.999999999999999E-003   5.50164619701016     
 -6.000000000000002E-003   4.48945726155368     
 -5.000000000000001E-003   6.06045249324112     
 -4.000000000000000E-003   5.08754962832076     
 -3.000000000000003E-003   4.44693367383012     
 -2.000000000000002E-003   4.46478617485114     
 -1.000000000000001E-003   3.31262058239287     
  0.000000000000000E+000   2.06930635080847     
  1.000000000000001E-003   3.59727579452778     
  1.999999999999998E-003   4.93568260308363     
  2.999999999999999E-003   5.47216530948471     
  4.000000000000000E-003   2.52597711224097     
  4.999999999999998E-003   1.47013747763070     
  5.999999999999998E-003   4.00906350788752     
  6.999999999999999E-003   6.49903040957063     
  8.000000000000000E-003   3.49585630301704     
  9.000000000000001E-003   4.91270986983929     
  1.000000000000000E-002   4.23000109332389     
  1.100000000000000E-002   3.57907152158687     
  1.200000000000000E-002   1.95659192362881     
  1.300000000000000E-002   2.10360503326379     
  1.400000000000000E-002  0.750312257538527     
  1.500000000000000E-002  0.000000000000000E+000
  1.600000000000000E-002  0.000000000000000E+000
  1.700000000000000E-002  0.000000000000000E+000
  1.800000000000000E-002  0.000000000000000E+000
  1.900000000000000E-002  0.000000000000000E+000
  2.000000000000000E-002  0.000000000000000E+000
  2.100000000000000E-002  0.000000000000000E+000
  2.200000000000000E-002  0.000000000000000E+000
  2.300000000000000E-002  0.000000000000000E+000
  2.400000000000000E-002  0.000000000000000E+000
  2.500000000000000E-002  0.000000000000000E+000
