 -2.500000000000000E-002  0.000000000000000E+000
 -2.400000000000000E-002  0.000000000000000E+000
 -2.300000000000000E-002  0.000000000000000E+000
 -2.200000000000000E-002  0.000000000000000E+000
 -2.100000000000000E-002  0.000000000000000E+000
 -2.000000000000000E-002  0.000000000000000E+000
 -1.900000000000000E-002  0.000000000000000E+000
 -1.800000000000000E-002  0.000000000000000E+000
 -1.700000000000000E-002  0.000000000000000E+000
 -1.600000000000000E-002  0.000000000000000E+000
 -1.500000000000000E-002  0.000000000000000E+000
 -1.400000000000000E-002  0.000000000000000E+000
 -1.300000000000000E-002  0.000000000000000E+000
 -1.200000000000000E-002  0.000000000000000E+000
 -1.100000000000000E-002  0.000000000000000E+000
 -1.000000000000000E-002  0.000000000000000E+000
 -9.000000000000001E-003  0.519029827462476     
 -8.000000000000000E-003   6.59411001823368     
 -6.999999999999999E-003   12.7939294346317     
 -6.000000000000002E-003   10.4840585943136     
 -5.000000000000001E-003   6.95613656368325     
 -4.000000000000000E-003   9.16153298415445     
 -3.000000000000003E-003   6.37384015889601     
 -2.000000000000002E-003   3.91764232890207     
 -1.000000000000001E-003   1.94528002519667     
  0.000000000000000E+000   2.14800277799790     
  1.000000000000001E-003   1.89124232823857     
  1.999999999999998E-003   1.64467513064965     
  2.999999999999999E-003   2.32444468193589     
  4.000000000000000E-003   1.17406120148060     
  4.999999999999998E-003   2.53717370362208     
  5.999999999999998E-003   3.36333025415358     
  6.999999999999999E-003   3.45226813399958     
  8.000000000000000E-003   4.48289712475541     
  9.000000000000001E-003   6.59727544804422     
  1.000000000000000E-002   7.66344648765396     
  1.100000000000000E-002   4.34464614016492     
  1.200000000000000E-002   1.35561450064070     
  1.300000000000000E-002  5.932151189037816E-003
  1.400000000000000E-002  0.000000000000000E+000
  1.500000000000000E-002  0.000000000000000E+000
  1.600000000000000E-002  0.000000000000000E+000
  1.700000000000000E-002  0.000000000000000E+000
  1.800000000000000E-002  0.000000000000000E+000
  1.900000000000000E-002  0.000000000000000E+000
  2.000000000000000E-002  0.000000000000000E+000
  2.100000000000000E-002  0.000000000000000E+000
  2.200000000000000E-002  0.000000000000000E+000
  2.300000000000000E-002  0.000000000000000E+000
  2.400000000000000E-002  0.000000000000000E+000
  2.500000000000000E-002  0.000000000000000E+000
