 -2.500000000000000E-002  0.000000000000000E+000
 -2.400000000000000E-002  0.000000000000000E+000
 -2.300000000000000E-002  0.000000000000000E+000
 -2.200000000000000E-002  0.000000000000000E+000
 -2.100000000000000E-002  0.000000000000000E+000
 -2.000000000000000E-002  0.102066835868497     
 -1.900000000000000E-002  0.718300937855111     
 -1.800000000000000E-002   1.27980222627639     
 -1.700000000000000E-002  0.296854266308754     
 -1.600000000000000E-002  0.558757885057450     
 -1.500000000000000E-002   1.54679969382618     
 -1.400000000000000E-002   1.25113404030908     
 -1.300000000000000E-002  0.362650451595033     
 -1.200000000000000E-002  0.341659876119515     
 -1.100000000000000E-002   1.14329540568157     
 -1.000000000000000E-002   1.34264460136695     
 -9.000000000000001E-003  0.919145838590347     
 -8.000000000000000E-003   2.57949097745136     
 -6.999999999999999E-003   4.34795477258856     
 -6.000000000000002E-003   3.41013534745896     
 -5.000000000000001E-003   4.53845993393021     
 -4.000000000000000E-003   4.73686589786610     
 -3.000000000000003E-003   22.1150726781617     
 -2.000000000000002E-003   70.6199591369955     
 -1.000000000000001E-003   93.2705618033114     
  0.000000000000000E+000   73.9270720357859     
  1.000000000000001E-003   59.5941840741028     
  1.999999999999998E-003   35.2970857783394     
  2.999999999999999E-003   31.7199188301303     
  4.000000000000000E-003   1.81021029717959     
  4.999999999999998E-003   2.68798986450109     
  5.999999999999998E-003   2.80283608800725     
  6.999999999999999E-003  0.682062481346914     
  8.000000000000000E-003   3.23066052335232     
  9.000000000000001E-003   3.91491177883246     
  1.000000000000000E-002   6.64169164347971     
  1.100000000000000E-002   6.60689146482494     
  1.200000000000000E-002   3.16695402991805     
  1.300000000000000E-002   2.01021285600989     
  1.400000000000000E-002  0.460915647570884     
  1.500000000000000E-002  0.000000000000000E+000
  1.600000000000000E-002  0.000000000000000E+000
  1.700000000000000E-002  0.000000000000000E+000
  1.800000000000000E-002  0.000000000000000E+000
  1.900000000000000E-002  0.000000000000000E+000
  2.000000000000000E-002  0.000000000000000E+000
  2.100000000000000E-002  0.000000000000000E+000
  2.200000000000000E-002  0.000000000000000E+000
  2.300000000000000E-002  0.000000000000000E+000
  2.400000000000000E-002  0.000000000000000E+000
  2.500000000000000E-002  0.000000000000000E+000
