 -2.500000000000000E-002  0.000000000000000E+000
 -2.400000000000000E-002  0.000000000000000E+000
 -2.300000000000000E-002  0.000000000000000E+000
 -2.200000000000000E-002  0.000000000000000E+000
 -2.100000000000000E-002  0.000000000000000E+000
 -2.000000000000000E-002  0.000000000000000E+000
 -1.900000000000000E-002  0.000000000000000E+000
 -1.800000000000000E-002  0.000000000000000E+000
 -1.700000000000000E-002  0.000000000000000E+000
 -1.600000000000000E-002  0.000000000000000E+000
 -1.500000000000000E-002  0.000000000000000E+000
 -1.400000000000000E-002  0.000000000000000E+000
 -1.300000000000000E-002  0.000000000000000E+000
 -1.200000000000000E-002  0.000000000000000E+000
 -1.100000000000000E-002  0.000000000000000E+000
 -1.000000000000000E-002  0.000000000000000E+000
 -9.000000000000001E-003  0.000000000000000E+000
 -8.000000000000000E-003  0.953045491307772     
 -6.999999999999999E-003   9.01902565809788     
 -6.000000000000002E-003   11.8752229925266     
 -5.000000000000001E-003   14.3582766841784     
 -4.000000000000000E-003   14.1874723396321     
 -3.000000000000003E-003   15.3508759098122     
 -2.000000000000002E-003   14.9095214879656     
 -1.000000000000001E-003   13.7943409308985     
  0.000000000000000E+000   4.83547079762879     
  1.000000000000001E-003   2.05938203682990     
  1.999999999999998E-003   1.93193795556905     
  2.999999999999999E-003   1.07328328147422     
  4.000000000000000E-003   1.30719320039064     
  4.999999999999998E-003   2.76710241717461     
  5.999999999999998E-003   2.41714461466675     
  6.999999999999999E-003   2.88383442043435     
  8.000000000000000E-003   4.74301715514041     
  9.000000000000001E-003   5.63681671586971     
  1.000000000000000E-002   6.76295511919948     
  1.100000000000000E-002   6.72165724323504     
  1.200000000000000E-002   4.34915152073845     
  1.300000000000000E-002   1.11402202722949     
  1.400000000000000E-002  0.000000000000000E+000
  1.500000000000000E-002  0.000000000000000E+000
  1.600000000000000E-002  0.000000000000000E+000
  1.700000000000000E-002  0.000000000000000E+000
  1.800000000000000E-002  0.000000000000000E+000
  1.900000000000000E-002  0.000000000000000E+000
  2.000000000000000E-002  0.000000000000000E+000
  2.100000000000000E-002  0.000000000000000E+000
  2.200000000000000E-002  0.000000000000000E+000
  2.300000000000000E-002  0.000000000000000E+000
  2.400000000000000E-002  0.000000000000000E+000
  2.500000000000000E-002  0.000000000000000E+000
