 -2.500000000000000E-002  0.000000000000000E+000
 -2.400000000000000E-002  0.000000000000000E+000
 -2.300000000000000E-002  0.000000000000000E+000
 -2.200000000000000E-002  0.000000000000000E+000
 -2.100000000000000E-002  0.000000000000000E+000
 -2.000000000000000E-002  0.000000000000000E+000
 -1.900000000000000E-002  0.000000000000000E+000
 -1.800000000000000E-002  0.000000000000000E+000
 -1.700000000000000E-002  0.000000000000000E+000
 -1.600000000000000E-002  0.000000000000000E+000
 -1.500000000000000E-002  0.000000000000000E+000
 -1.400000000000000E-002  0.000000000000000E+000
 -1.300000000000000E-002  0.000000000000000E+000
 -1.200000000000000E-002  0.000000000000000E+000
 -1.100000000000000E-002  0.000000000000000E+000
 -1.000000000000000E-002  0.000000000000000E+000
 -9.000000000000001E-003  0.000000000000000E+000
 -8.000000000000000E-003  0.000000000000000E+000
 -6.999999999999999E-003  0.000000000000000E+000
 -6.000000000000002E-003   1.06306732007932     
 -5.000000000000001E-003   6.90469533683113     
 -4.000000000000000E-003   14.6339501423464     
 -3.000000000000003E-003   19.4249376801993     
 -2.000000000000002E-003   15.9797748203459     
 -1.000000000000001E-003   15.0100813318464     
  0.000000000000000E+000   15.1707142865687     
  1.000000000000001E-003   6.63300315976962     
  1.999999999999998E-003   1.65818723011129     
  2.999999999999999E-003   1.90367829610337     
  4.000000000000000E-003   3.25238458393866     
  4.999999999999998E-003   3.61569754754836     
  5.999999999999998E-003   4.74208300646957     
  6.999999999999999E-003   3.68199422615632     
  8.000000000000000E-003   1.53357008449424     
  9.000000000000001E-003   1.34491047531653     
  1.000000000000000E-002   3.08819716927661     
  1.100000000000000E-002   2.88199978801946     
  1.200000000000000E-002  0.985364722004598     
  1.300000000000000E-002  0.319938792574090     
  1.400000000000000E-002  0.000000000000000E+000
  1.500000000000000E-002  0.000000000000000E+000
  1.600000000000000E-002  0.000000000000000E+000
  1.700000000000000E-002  0.000000000000000E+000
  1.800000000000000E-002  0.000000000000000E+000
  1.900000000000000E-002  0.000000000000000E+000
  2.000000000000000E-002  0.000000000000000E+000
  2.100000000000000E-002  0.000000000000000E+000
  2.200000000000000E-002  0.000000000000000E+000
  2.300000000000000E-002  0.000000000000000E+000
  2.400000000000000E-002  0.000000000000000E+000
  2.500000000000000E-002  0.000000000000000E+000
