 -2.500000000000000E-002  0.000000000000000E+000
 -2.400000000000000E-002  0.000000000000000E+000
 -2.300000000000000E-002  0.000000000000000E+000
 -2.200000000000000E-002  0.000000000000000E+000
 -2.100000000000000E-002  0.000000000000000E+000
 -2.000000000000000E-002  3.597781126854033E-002
 -1.900000000000000E-002  0.554896862980192     
 -1.800000000000000E-002   1.65647237053722     
 -1.700000000000000E-002   1.63417646852524     
 -1.600000000000000E-002  0.677961545728879     
 -1.500000000000000E-002   2.60037623484773     
 -1.400000000000000E-002   2.94593994171709     
 -1.300000000000000E-002   1.47311687862122     
 -1.200000000000000E-002  0.523240379185698     
 -1.100000000000000E-002  0.590006512389830     
 -1.000000000000000E-002   2.37524825867669     
 -9.000000000000001E-003   2.27657424309646     
 -8.000000000000000E-003   3.52208547037053     
 -6.999999999999999E-003   6.28908692567350     
 -6.000000000000002E-003   9.37715986118782     
 -5.000000000000001E-003   9.70788165700475     
 -4.000000000000000E-003   15.3136309378835     
 -3.000000000000003E-003   18.9219937070104     
 -2.000000000000002E-003   13.3105207601902     
 -1.000000000000001E-003   8.88726377310900     
  0.000000000000000E+000   6.34587036806318     
  1.000000000000001E-003   4.98122934229793     
  1.999999999999998E-003   2.55841137550119     
  2.999999999999999E-003   5.50880989005783     
  4.000000000000000E-003   4.27033637844251     
  4.999999999999998E-003   6.26561449401095     
  5.999999999999998E-003   3.43159195323793     
  6.999999999999999E-003   4.68317515238704     
  8.000000000000000E-003   8.76887406497518     
  9.000000000000001E-003   6.91789061598890     
  1.000000000000000E-002   10.9517550304739     
  1.100000000000000E-002   11.1657770635926     
  1.200000000000000E-002   4.77056139669687     
  1.300000000000000E-002   1.10539690229333     
  1.400000000000000E-002  8.879537197615826E-002
  1.500000000000000E-002  0.000000000000000E+000
  1.600000000000000E-002  0.000000000000000E+000
  1.700000000000000E-002  0.000000000000000E+000
  1.800000000000000E-002  0.000000000000000E+000
  1.900000000000000E-002  0.000000000000000E+000
  2.000000000000000E-002  0.000000000000000E+000
  2.100000000000000E-002  0.000000000000000E+000
  2.200000000000000E-002  0.000000000000000E+000
  2.300000000000000E-002  0.000000000000000E+000
  2.400000000000000E-002  0.000000000000000E+000
  2.500000000000000E-002  0.000000000000000E+000
