 -2.500000000000000E-002  0.000000000000000E+000
 -2.400000000000000E-002  0.000000000000000E+000
 -2.300000000000000E-002  0.000000000000000E+000
 -2.200000000000000E-002  0.000000000000000E+000
 -2.100000000000000E-002  0.000000000000000E+000
 -2.000000000000000E-002  0.000000000000000E+000
 -1.900000000000000E-002  0.000000000000000E+000
 -1.800000000000000E-002  0.000000000000000E+000
 -1.700000000000000E-002  0.000000000000000E+000
 -1.600000000000000E-002  0.000000000000000E+000
 -1.500000000000000E-002  0.000000000000000E+000
 -1.400000000000000E-002  0.000000000000000E+000
 -1.300000000000000E-002  0.000000000000000E+000
 -1.200000000000000E-002  0.000000000000000E+000
 -1.100000000000000E-002  0.000000000000000E+000
 -1.000000000000000E-002  0.000000000000000E+000
 -9.000000000000001E-003  0.738353863943217     
 -8.000000000000000E-003   1.41057892847338     
 -6.999999999999999E-003   1.88649051154413     
 -6.000000000000002E-003   4.19498077115600     
 -5.000000000000001E-003   4.11478540767350     
 -4.000000000000000E-003   9.24679384942036     
 -3.000000000000003E-003   16.6676246018684     
 -2.000000000000002E-003   14.4353647493998     
 -1.000000000000001E-003   12.0781319331411     
  0.000000000000000E+000   11.5305354114640     
  1.000000000000001E-003   10.8663838563742     
  1.999999999999998E-003   9.61214120495889     
  2.999999999999999E-003   4.07546120426794     
  4.000000000000000E-003   3.72964595121893     
  4.999999999999998E-003   3.09955189921373     
  5.999999999999998E-003   1.99344917556134     
  6.999999999999999E-003   3.92608671655763     
  8.000000000000000E-003   2.14721687752458     
  9.000000000000001E-003   2.95792929092405     
  1.000000000000000E-002   1.61700776480840     
  1.100000000000000E-002   2.61529460749191     
  1.200000000000000E-002  0.254631423014409     
  1.300000000000000E-002  0.000000000000000E+000
  1.400000000000000E-002  0.000000000000000E+000
  1.500000000000000E-002  0.000000000000000E+000
  1.600000000000000E-002  0.000000000000000E+000
  1.700000000000000E-002  0.000000000000000E+000
  1.800000000000000E-002  0.000000000000000E+000
  1.900000000000000E-002  0.000000000000000E+000
  2.000000000000000E-002  0.000000000000000E+000
  2.100000000000000E-002  0.000000000000000E+000
  2.200000000000000E-002  0.000000000000000E+000
  2.300000000000000E-002  0.000000000000000E+000
  2.400000000000000E-002  0.000000000000000E+000
  2.500000000000000E-002  0.000000000000000E+000
