 -2.500000000000000E-002  0.000000000000000E+000
 -2.400000000000000E-002  0.000000000000000E+000
 -2.300000000000000E-002  0.000000000000000E+000
 -2.200000000000000E-002  0.000000000000000E+000
 -2.100000000000000E-002  0.000000000000000E+000
 -2.000000000000000E-002  0.000000000000000E+000
 -1.900000000000000E-002  0.000000000000000E+000
 -1.800000000000000E-002  0.000000000000000E+000
 -1.700000000000000E-002  0.000000000000000E+000
 -1.600000000000000E-002  0.000000000000000E+000
 -1.500000000000000E-002  0.000000000000000E+000
 -1.400000000000000E-002  0.000000000000000E+000
 -1.300000000000000E-002  0.000000000000000E+000
 -1.200000000000000E-002  0.000000000000000E+000
 -1.100000000000000E-002  0.000000000000000E+000
 -1.000000000000000E-002  0.000000000000000E+000
 -9.000000000000001E-003  0.000000000000000E+000
 -8.000000000000000E-003  0.315308662818719     
 -6.999999999999999E-003   2.98589490369486     
 -6.000000000000002E-003   3.92252130782132     
 -5.000000000000001E-003   3.53729931258462     
 -4.000000000000000E-003   8.06484499861363     
 -3.000000000000003E-003   22.1205650853676     
 -2.000000000000002E-003   33.3383618374486     
 -1.000000000000001E-003   29.9499978543316     
  0.000000000000000E+000   21.5493135471760     
  1.000000000000001E-003   19.4502973374544     
  1.999999999999998E-003   20.0949316327960     
  2.999999999999999E-003   7.77276087734801     
  4.000000000000000E-003   1.59615087665603     
  4.999999999999998E-003   10.2773562338135     
  5.999999999999998E-003   7.87990309444234     
  6.999999999999999E-003   9.63429420922436     
  8.000000000000000E-003  9.571822840855033E-002
  9.000000000000001E-003  0.000000000000000E+000
  1.000000000000000E-002  0.000000000000000E+000
  1.100000000000000E-002  0.000000000000000E+000
  1.200000000000000E-002  0.000000000000000E+000
  1.300000000000000E-002  0.000000000000000E+000
  1.400000000000000E-002  0.000000000000000E+000
  1.500000000000000E-002  0.000000000000000E+000
  1.600000000000000E-002  0.000000000000000E+000
  1.700000000000000E-002  0.000000000000000E+000
  1.800000000000000E-002  0.000000000000000E+000
  1.900000000000000E-002  0.000000000000000E+000
  2.000000000000000E-002  0.000000000000000E+000
  2.100000000000000E-002  0.000000000000000E+000
  2.200000000000000E-002  0.000000000000000E+000
  2.300000000000000E-002  0.000000000000000E+000
  2.400000000000000E-002  0.000000000000000E+000
  2.500000000000000E-002  0.000000000000000E+000
