 -2.500000000000000E-002  0.000000000000000E+000
 -2.400000000000000E-002  0.000000000000000E+000
 -2.300000000000000E-002  0.000000000000000E+000
 -2.200000000000000E-002  0.000000000000000E+000
 -2.100000000000000E-002  0.000000000000000E+000
 -2.000000000000000E-002  0.000000000000000E+000
 -1.900000000000000E-002  0.000000000000000E+000
 -1.800000000000000E-002  0.000000000000000E+000
 -1.700000000000000E-002  0.000000000000000E+000
 -1.600000000000000E-002  0.000000000000000E+000
 -1.500000000000000E-002  0.000000000000000E+000
 -1.400000000000000E-002  0.000000000000000E+000
 -1.300000000000000E-002  0.000000000000000E+000
 -1.200000000000000E-002  0.000000000000000E+000
 -1.100000000000000E-002  0.000000000000000E+000
 -1.000000000000000E-002  0.000000000000000E+000
 -9.000000000000001E-003  0.000000000000000E+000
 -8.000000000000000E-003  5.399898695175867E-002
 -6.999999999999999E-003   2.46978852763470     
 -6.000000000000002E-003   5.06990227785518     
 -5.000000000000001E-003   8.88814588577828     
 -4.000000000000000E-003   8.75842731418049     
 -3.000000000000003E-003   10.0971879913477     
 -2.000000000000002E-003   9.04784938506648     
 -1.000000000000001E-003   8.48740787026554     
  0.000000000000000E+000   9.45545358295220     
  1.000000000000001E-003   9.32834950233131     
  1.999999999999998E-003   5.11315773831035     
  2.999999999999999E-003   4.40034804205165     
  4.000000000000000E-003   7.78863144548824     
  4.999999999999998E-003   7.19080963117112     
  5.999999999999998E-003   8.95301669819733     
  6.999999999999999E-003   3.43539016562549     
  8.000000000000000E-003  0.716714954792192     
  9.000000000000001E-003  0.000000000000000E+000
  1.000000000000000E-002  0.000000000000000E+000
  1.100000000000000E-002  0.000000000000000E+000
  1.200000000000000E-002  0.000000000000000E+000
  1.300000000000000E-002  0.000000000000000E+000
  1.400000000000000E-002  0.000000000000000E+000
  1.500000000000000E-002  0.000000000000000E+000
  1.600000000000000E-002  0.000000000000000E+000
  1.700000000000000E-002  0.000000000000000E+000
  1.800000000000000E-002  0.000000000000000E+000
  1.900000000000000E-002  0.000000000000000E+000
  2.000000000000000E-002  0.000000000000000E+000
  2.100000000000000E-002  0.000000000000000E+000
  2.200000000000000E-002  0.000000000000000E+000
  2.300000000000000E-002  0.000000000000000E+000
  2.400000000000000E-002  0.000000000000000E+000
  2.500000000000000E-002  0.000000000000000E+000
