 -2.500000000000000E-002  0.000000000000000E+000
 -2.400000000000000E-002  0.000000000000000E+000
 -2.300000000000000E-002  0.000000000000000E+000
 -2.200000000000000E-002  0.000000000000000E+000
 -2.100000000000000E-002  0.000000000000000E+000
 -2.000000000000000E-002  0.000000000000000E+000
 -1.900000000000000E-002  0.000000000000000E+000
 -1.800000000000000E-002  0.000000000000000E+000
 -1.700000000000000E-002  0.000000000000000E+000
 -1.600000000000000E-002  0.000000000000000E+000
 -1.500000000000000E-002  0.000000000000000E+000
 -1.400000000000000E-002  0.000000000000000E+000
 -1.300000000000000E-002  0.000000000000000E+000
 -1.200000000000000E-002  0.000000000000000E+000
 -1.100000000000000E-002  0.000000000000000E+000
 -1.000000000000000E-002  3.275517648125379E-002
 -9.000000000000001E-003   5.87203064701678     
 -8.000000000000000E-003   11.6093859297866     
 -6.999999999999999E-003   6.91693612992868     
 -6.000000000000002E-003   3.83487183488415     
 -5.000000000000001E-003   4.24221673507454     
 -4.000000000000000E-003   4.22730502518292     
 -3.000000000000003E-003   2.64126942214732     
 -2.000000000000002E-003   3.22674774592129     
 -1.000000000000001E-003   2.11813766438079     
  0.000000000000000E+000   1.08910651705410     
  1.000000000000001E-003   2.29115641232930     
  1.999999999999998E-003   2.70126355177786     
  2.999999999999999E-003   1.91177095682305     
  4.000000000000000E-003   3.88304353742036     
  4.999999999999998E-003   3.56957060971883     
  5.999999999999998E-003   5.71395651252590     
  6.999999999999999E-003   5.11545604236632     
  8.000000000000000E-003   8.97950378647713     
  9.000000000000001E-003   5.65526334343555     
  1.000000000000000E-002   2.96645021240620     
  1.100000000000000E-002  0.252372206861087     
  1.200000000000000E-002  0.000000000000000E+000
  1.300000000000000E-002  0.000000000000000E+000
  1.400000000000000E-002  0.000000000000000E+000
  1.500000000000000E-002  0.000000000000000E+000
  1.600000000000000E-002  0.000000000000000E+000
  1.700000000000000E-002  0.000000000000000E+000
  1.800000000000000E-002  0.000000000000000E+000
  1.900000000000000E-002  0.000000000000000E+000
  2.000000000000000E-002  0.000000000000000E+000
  2.100000000000000E-002  0.000000000000000E+000
  2.200000000000000E-002  0.000000000000000E+000
  2.300000000000000E-002  0.000000000000000E+000
  2.400000000000000E-002  0.000000000000000E+000
  2.500000000000000E-002  0.000000000000000E+000
