 -2.500000000000000E-002  0.000000000000000E+000
 -2.400000000000000E-002  0.000000000000000E+000
 -2.300000000000000E-002  0.000000000000000E+000
 -2.200000000000000E-002  0.000000000000000E+000
 -2.100000000000000E-002  0.000000000000000E+000
 -2.000000000000000E-002  0.000000000000000E+000
 -1.900000000000000E-002  0.000000000000000E+000
 -1.800000000000000E-002  0.000000000000000E+000
 -1.700000000000000E-002  0.000000000000000E+000
 -1.600000000000000E-002  0.000000000000000E+000
 -1.500000000000000E-002  0.000000000000000E+000
 -1.400000000000000E-002  0.000000000000000E+000
 -1.300000000000000E-002  0.000000000000000E+000
 -1.200000000000000E-002  0.000000000000000E+000
 -1.100000000000000E-002  0.000000000000000E+000
 -1.000000000000000E-002  0.000000000000000E+000
 -9.000000000000001E-003  0.000000000000000E+000
 -8.000000000000000E-003   1.63615678326516     
 -6.999999999999999E-003   4.58449553075411     
 -6.000000000000002E-003   7.67411471457491     
 -5.000000000000001E-003   11.7947648487773     
 -4.000000000000000E-003   14.1040649985855     
 -3.000000000000003E-003   14.3857762293495     
 -2.000000000000002E-003   13.4701833589958     
 -1.000000000000001E-003   13.3130698283253     
  0.000000000000000E+000   14.8200680455480     
  1.000000000000001E-003   8.55108775507687     
  1.999999999999998E-003   6.00171198501856     
  2.999999999999999E-003   5.45268601684060     
  4.000000000000000E-003   6.98524837638348     
  4.999999999999998E-003   3.68977970549402     
  5.999999999999998E-003   2.43535819321665     
  6.999999999999999E-003   2.66592586845188     
  8.000000000000000E-003   2.89276293648675     
  9.000000000000001E-003   3.57843682920730     
  1.000000000000000E-002   1.36423553278770     
  1.100000000000000E-002   4.28412876108196     
  1.200000000000000E-002   4.53240121064638     
  1.300000000000000E-002  0.122572491132314     
  1.400000000000000E-002  0.000000000000000E+000
  1.500000000000000E-002  0.000000000000000E+000
  1.600000000000000E-002  0.000000000000000E+000
  1.700000000000000E-002  0.000000000000000E+000
  1.800000000000000E-002  0.000000000000000E+000
  1.900000000000000E-002  0.000000000000000E+000
  2.000000000000000E-002  0.000000000000000E+000
  2.100000000000000E-002  0.000000000000000E+000
  2.200000000000000E-002  0.000000000000000E+000
  2.300000000000000E-002  0.000000000000000E+000
  2.400000000000000E-002  0.000000000000000E+000
  2.500000000000000E-002  0.000000000000000E+000
