 -2.500000000000000E-002  0.000000000000000E+000
 -2.400000000000000E-002  0.000000000000000E+000
 -2.300000000000000E-002  0.000000000000000E+000
 -2.200000000000000E-002  0.000000000000000E+000
 -2.100000000000000E-002  0.000000000000000E+000
 -2.000000000000000E-002  0.000000000000000E+000
 -1.900000000000000E-002  0.000000000000000E+000
 -1.800000000000000E-002  0.000000000000000E+000
 -1.700000000000000E-002  0.000000000000000E+000
 -1.600000000000000E-002  0.000000000000000E+000
 -1.500000000000000E-002  0.000000000000000E+000
 -1.400000000000000E-002  0.000000000000000E+000
 -1.300000000000000E-002  0.000000000000000E+000
 -1.200000000000000E-002  0.000000000000000E+000
 -1.100000000000000E-002  4.861301682068701E-002
 -1.000000000000000E-002  0.572806234243262     
 -9.000000000000001E-003   1.92220097241385     
 -8.000000000000000E-003  0.545582745812456     
 -6.999999999999999E-003   1.08852527070941     
 -6.000000000000002E-003   1.40109507571459     
 -5.000000000000001E-003   1.08073236532356     
 -4.000000000000000E-003   2.96140663844797     
 -3.000000000000003E-003   9.80703634284365     
 -2.000000000000002E-003   22.8876974402807     
 -1.000000000000001E-003   27.6470162618621     
  0.000000000000000E+000   24.7246880172750     
  1.000000000000001E-003   22.8035938952904     
  1.999999999999998E-003   14.9587987894715     
  2.999999999999999E-003   4.08101886555570     
  4.000000000000000E-003  0.896850520337293     
  4.999999999999998E-003  0.937869142703539     
  5.999999999999998E-003  0.999178337546303     
  6.999999999999999E-003  0.344192131108417     
  8.000000000000000E-003  0.575670439437641     
  9.000000000000001E-003  0.613545469196290     
  1.000000000000000E-002  0.438452027605710     
  1.100000000000000E-002  9.789220819103076E-002
  1.200000000000000E-002  0.539368880952519     
  1.300000000000000E-002  0.765425015719933     
  1.400000000000000E-002  0.378219706222139     
  1.500000000000000E-002  0.518474462780934     
  1.600000000000000E-002  0.653535169077953     
  1.700000000000000E-002  0.480765360431692     
  1.800000000000000E-002  0.417392241230804     
  1.900000000000000E-002  0.236844207246933     
  2.000000000000000E-002  8.464274814606221E-002
  2.100000000000000E-002  0.000000000000000E+000
  2.200000000000000E-002  0.000000000000000E+000
  2.300000000000000E-002  0.000000000000000E+000
  2.400000000000000E-002  0.000000000000000E+000
  2.500000000000000E-002  0.000000000000000E+000
