 -2.500000000000000E-002  0.000000000000000E+000
 -2.400000000000000E-002  0.000000000000000E+000
 -2.300000000000000E-002  0.000000000000000E+000
 -2.200000000000000E-002  0.000000000000000E+000
 -2.100000000000000E-002  0.000000000000000E+000
 -2.000000000000000E-002  0.000000000000000E+000
 -1.900000000000000E-002  0.000000000000000E+000
 -1.800000000000000E-002  0.000000000000000E+000
 -1.700000000000000E-002  0.000000000000000E+000
 -1.600000000000000E-002  0.000000000000000E+000
 -1.500000000000000E-002  0.000000000000000E+000
 -1.400000000000000E-002  0.000000000000000E+000
 -1.300000000000000E-002  0.000000000000000E+000
 -1.200000000000000E-002  0.000000000000000E+000
 -1.100000000000000E-002  0.000000000000000E+000
 -1.000000000000000E-002  0.261309736296200     
 -9.000000000000001E-003   1.07440207511241     
 -8.000000000000000E-003  0.922973535657887     
 -6.999999999999999E-003   1.55167887532859     
 -6.000000000000002E-003  0.811314261909245     
 -5.000000000000001E-003  0.971238347430858     
 -4.000000000000000E-003   3.61125411075899     
 -3.000000000000003E-003   24.0541143744822     
 -2.000000000000002E-003   62.8414401408870     
 -1.000000000000001E-003   83.7657785860439     
  0.000000000000000E+000   65.1396070316235     
  1.000000000000001E-003   52.1894268820383     
  1.999999999999998E-003   39.6669385704195     
  2.999999999999999E-003   22.9582565299307     
  4.000000000000000E-003   2.34968601637582     
  4.999999999999998E-003   2.06601624608864     
  5.999999999999998E-003  0.363651767620950     
  6.999999999999999E-003  0.436284473448150     
  8.000000000000000E-003  0.681261026559443     
  9.000000000000001E-003  0.532041865355595     
  1.000000000000000E-002  0.463855546632287     
  1.100000000000000E-002  0.403924169799024     
  1.200000000000000E-002  0.608922577678436     
  1.300000000000000E-002  0.159683252522537     
  1.400000000000000E-002   1.02406353934868     
  1.500000000000000E-002   1.32857609799269     
  1.600000000000000E-002  0.503940362658632     
  1.700000000000000E-002  0.613853618834583     
  1.800000000000000E-002  0.135872982621013     
  1.900000000000000E-002  0.447822796330982     
  2.000000000000000E-002  0.436000602213422     
  2.100000000000000E-002  0.000000000000000E+000
  2.200000000000000E-002  0.000000000000000E+000
  2.300000000000000E-002  0.000000000000000E+000
  2.400000000000000E-002  0.000000000000000E+000
  2.500000000000000E-002  0.000000000000000E+000
