 -2.500000000000000E-002  0.000000000000000E+000
 -2.400000000000000E-002  0.000000000000000E+000
 -2.300000000000000E-002  0.000000000000000E+000
 -2.200000000000000E-002  0.000000000000000E+000
 -2.100000000000000E-002  0.000000000000000E+000
 -2.000000000000000E-002  0.000000000000000E+000
 -1.900000000000000E-002  0.000000000000000E+000
 -1.800000000000000E-002  0.000000000000000E+000
 -1.700000000000000E-002   1.16533149461961     
 -1.600000000000000E-002   3.15644449290780     
 -1.500000000000000E-002   1.08326303825628     
 -1.400000000000000E-002   1.02426749145202     
 -1.300000000000000E-002   1.11156014490600     
 -1.200000000000000E-002  0.216573337858293     
 -1.100000000000000E-002   1.22591072013109     
 -1.000000000000000E-002   2.43408738235611     
 -9.000000000000001E-003  5.648189751280122E-002
 -8.000000000000000E-003  0.128405065757048     
 -6.999999999999999E-003   2.78032608886158     
 -6.000000000000002E-003   3.12353843268773     
 -5.000000000000001E-003  0.657390412693633     
 -4.000000000000000E-003  0.000000000000000E+000
 -3.000000000000003E-003   3.09648921386157     
 -2.000000000000002E-003   4.94381122870907     
 -1.000000000000001E-003  4.307955742935880E-002
  0.000000000000000E+000  0.197500419825166     
  1.000000000000001E-003   4.52678039568697     
  1.999999999999998E-003   3.25589852584811     
  2.999999999999999E-003  0.462729081604432     
  4.000000000000000E-003   2.62716342607521     
  4.999999999999998E-003   1.80510198071066     
  5.999999999999998E-003   2.99100246493705     
  6.999999999999999E-003   5.23108976404687     
  8.000000000000000E-003   5.87910393083944     
  9.000000000000001E-003   4.31566871457303     
  1.000000000000000E-002   3.17830863385669     
  1.100000000000000E-002   1.18175266199638     
  1.200000000000000E-002  0.000000000000000E+000
  1.300000000000000E-002  0.000000000000000E+000
  1.400000000000000E-002  0.000000000000000E+000
  1.500000000000000E-002  0.000000000000000E+000
  1.600000000000000E-002  0.000000000000000E+000
  1.700000000000000E-002  0.000000000000000E+000
  1.800000000000000E-002  0.000000000000000E+000
  1.900000000000000E-002  0.000000000000000E+000
  2.000000000000000E-002  0.000000000000000E+000
  2.100000000000000E-002  0.000000000000000E+000
  2.200000000000000E-002  0.000000000000000E+000
  2.300000000000000E-002  0.000000000000000E+000
  2.400000000000000E-002  0.000000000000000E+000
  2.500000000000000E-002  0.000000000000000E+000
