 -2.500000000000000E-002  0.000000000000000E+000
 -2.400000000000000E-002  0.000000000000000E+000
 -2.300000000000000E-002  0.000000000000000E+000
 -2.200000000000000E-002  0.000000000000000E+000
 -2.100000000000000E-002  0.000000000000000E+000
 -2.000000000000000E-002  0.000000000000000E+000
 -1.900000000000000E-002  0.000000000000000E+000
 -1.800000000000000E-002  0.000000000000000E+000
 -1.700000000000000E-002  0.000000000000000E+000
 -1.600000000000000E-002  0.000000000000000E+000
 -1.500000000000000E-002  0.000000000000000E+000
 -1.400000000000000E-002  0.000000000000000E+000
 -1.300000000000000E-002  0.000000000000000E+000
 -1.200000000000000E-002  0.000000000000000E+000
 -1.100000000000000E-002  0.000000000000000E+000
 -1.000000000000000E-002  0.000000000000000E+000
 -9.000000000000001E-003  0.000000000000000E+000
 -8.000000000000000E-003   1.90147791240028     
 -6.999999999999999E-003   7.78411396134195     
 -6.000000000000002E-003   18.5587665535944     
 -5.000000000000001E-003   28.0972223178620     
 -4.000000000000000E-003   36.6245966580684     
 -3.000000000000003E-003   36.9617975635285     
 -2.000000000000002E-003   27.9110564768598     
 -1.000000000000001E-003   23.5256208496605     
  0.000000000000000E+000   29.1106374781619     
  1.000000000000001E-003   19.3143569471488     
  1.999999999999998E-003   16.8849343578157     
  2.999999999999999E-003   13.9694488799157     
  4.000000000000000E-003   13.3258289825325     
  4.999999999999998E-003   13.7085803473149     
  5.999999999999998E-003   10.2450843429208     
  6.999999999999999E-003   8.71439474602123     
  8.000000000000000E-003   10.6595088818601     
  9.000000000000001E-003   8.38041627542041     
  1.000000000000000E-002   7.31820336860790     
  1.100000000000000E-002   6.83879743592642     
  1.200000000000000E-002   1.03206566303772     
  1.300000000000000E-002  0.000000000000000E+000
  1.400000000000000E-002  0.000000000000000E+000
  1.500000000000000E-002  0.000000000000000E+000
  1.600000000000000E-002  0.000000000000000E+000
  1.700000000000000E-002  0.000000000000000E+000
  1.800000000000000E-002  0.000000000000000E+000
  1.900000000000000E-002  0.000000000000000E+000
  2.000000000000000E-002  0.000000000000000E+000
  2.100000000000000E-002  0.000000000000000E+000
  2.200000000000000E-002  0.000000000000000E+000
  2.300000000000000E-002  0.000000000000000E+000
  2.400000000000000E-002  0.000000000000000E+000
  2.500000000000000E-002  0.000000000000000E+000
