 -2.500000000000000E-002  0.000000000000000E+000
 -2.400000000000000E-002  0.000000000000000E+000
 -2.300000000000000E-002  0.000000000000000E+000
 -2.200000000000000E-002  0.000000000000000E+000
 -2.100000000000000E-002  0.000000000000000E+000
 -2.000000000000000E-002  0.000000000000000E+000
 -1.900000000000000E-002  0.000000000000000E+000
 -1.800000000000000E-002  0.000000000000000E+000
 -1.700000000000000E-002  0.000000000000000E+000
 -1.600000000000000E-002  0.000000000000000E+000
 -1.500000000000000E-002  0.000000000000000E+000
 -1.400000000000000E-002  0.000000000000000E+000
 -1.300000000000000E-002  0.000000000000000E+000
 -1.200000000000000E-002  0.000000000000000E+000
 -1.100000000000000E-002  0.000000000000000E+000
 -1.000000000000000E-002  1.610994471420753E-003
 -9.000000000000001E-003   2.33788862673067     
 -8.000000000000000E-003   2.81021835540499     
 -6.999999999999999E-003   1.69608603509916     
 -6.000000000000002E-003   3.61123359959779     
 -5.000000000000001E-003   6.53257594321553     
 -4.000000000000000E-003   15.3855647817045     
 -3.000000000000003E-003   16.4227252243087     
 -2.000000000000002E-003   17.0559263652867     
 -1.000000000000001E-003   10.9427677943661     
  0.000000000000000E+000   12.0713752486812     
  1.000000000000001E-003   9.79023489216777     
  1.999999999999998E-003   4.07329774327411     
  2.999999999999999E-003   3.11009666511102     
  4.000000000000000E-003   2.02894641977177     
  4.999999999999998E-003   2.01007903507311     
  5.999999999999998E-003   3.69387943122854     
  6.999999999999999E-003   2.08721795767548     
  8.000000000000000E-003   3.54046593487195     
  9.000000000000001E-003   2.15585516662804     
  1.000000000000000E-002   4.60325665199548     
  1.100000000000000E-002   5.04474772640869     
  1.200000000000000E-002   2.16230413226828     
  1.300000000000000E-002  0.483075274658979     
  1.400000000000000E-002  0.000000000000000E+000
  1.500000000000000E-002  0.000000000000000E+000
  1.600000000000000E-002  0.000000000000000E+000
  1.700000000000000E-002  0.000000000000000E+000
  1.800000000000000E-002  0.000000000000000E+000
  1.900000000000000E-002  0.000000000000000E+000
  2.000000000000000E-002  0.000000000000000E+000
  2.100000000000000E-002  0.000000000000000E+000
  2.200000000000000E-002  0.000000000000000E+000
  2.300000000000000E-002  0.000000000000000E+000
  2.400000000000000E-002  0.000000000000000E+000
  2.500000000000000E-002  0.000000000000000E+000
