 -2.500000000000000E-002  0.000000000000000E+000
 -2.400000000000000E-002  0.000000000000000E+000
 -2.300000000000000E-002  0.000000000000000E+000
 -2.200000000000000E-002  0.000000000000000E+000
 -2.100000000000000E-002  0.000000000000000E+000
 -2.000000000000000E-002  0.000000000000000E+000
 -1.900000000000000E-002  0.000000000000000E+000
 -1.800000000000000E-002  0.000000000000000E+000
 -1.700000000000000E-002  0.000000000000000E+000
 -1.600000000000000E-002  0.000000000000000E+000
 -1.500000000000000E-002  0.000000000000000E+000
 -1.400000000000000E-002  0.000000000000000E+000
 -1.300000000000000E-002  0.000000000000000E+000
 -1.200000000000000E-002  0.000000000000000E+000
 -1.100000000000000E-002  0.000000000000000E+000
 -1.000000000000000E-002  0.000000000000000E+000
 -9.000000000000001E-003  0.000000000000000E+000
 -8.000000000000000E-003  0.000000000000000E+000
 -6.999999999999999E-003  0.000000000000000E+000
 -6.000000000000002E-003  0.154255520717933     
 -5.000000000000001E-003   5.19071129797522     
 -4.000000000000000E-003   18.1700225615043     
 -3.000000000000003E-003   22.9090449365943     
 -2.000000000000002E-003   23.9389709196709     
 -1.000000000000001E-003   19.4129436105131     
  0.000000000000000E+000   16.0470384090481     
  1.000000000000001E-003   27.6799034924931     
  1.999999999999998E-003   11.4281394225440     
  2.999999999999999E-003   1.84740915387956     
  4.000000000000000E-003   1.93381123752881     
  4.999999999999998E-003   2.94927020903820     
  5.999999999999998E-003   3.33736494336297     
  6.999999999999999E-003   4.08310230549011     
  8.000000000000000E-003   2.41415246144413     
  9.000000000000001E-003   2.57234324073584     
  1.000000000000000E-002   1.53024551530370     
  1.100000000000000E-002   1.74006602556985     
  1.200000000000000E-002   1.78521241286629     
  1.300000000000000E-002  0.592392323719533     
  1.400000000000000E-002  0.000000000000000E+000
  1.500000000000000E-002  0.000000000000000E+000
  1.600000000000000E-002  0.000000000000000E+000
  1.700000000000000E-002  0.000000000000000E+000
  1.800000000000000E-002  0.000000000000000E+000
  1.900000000000000E-002  0.000000000000000E+000
  2.000000000000000E-002  0.000000000000000E+000
  2.100000000000000E-002  0.000000000000000E+000
  2.200000000000000E-002  0.000000000000000E+000
  2.300000000000000E-002  0.000000000000000E+000
  2.400000000000000E-002  0.000000000000000E+000
  2.500000000000000E-002  0.000000000000000E+000
