 -2.500000000000000E-002  0.000000000000000E+000
 -2.400000000000000E-002  0.000000000000000E+000
 -2.300000000000000E-002  0.000000000000000E+000
 -2.200000000000000E-002  0.000000000000000E+000
 -2.100000000000000E-002  0.000000000000000E+000
 -2.000000000000000E-002  0.000000000000000E+000
 -1.900000000000000E-002  0.000000000000000E+000
 -1.800000000000000E-002  0.000000000000000E+000
 -1.700000000000000E-002  0.000000000000000E+000
 -1.600000000000000E-002  0.000000000000000E+000
 -1.500000000000000E-002  0.000000000000000E+000
 -1.400000000000000E-002  0.000000000000000E+000
 -1.300000000000000E-002  0.000000000000000E+000
 -1.200000000000000E-002  0.000000000000000E+000
 -1.100000000000000E-002  0.000000000000000E+000
 -1.000000000000000E-002  0.000000000000000E+000
 -9.000000000000001E-003  2.734228415327206E-002
 -8.000000000000000E-003   2.25949264866369     
 -6.999999999999999E-003   7.30110630285461     
 -6.000000000000002E-003   15.6373185643706     
 -5.000000000000001E-003   21.1059531508892     
 -4.000000000000000E-003   18.0902714671016     
 -3.000000000000003E-003   13.4927013898244     
 -2.000000000000002E-003   17.6039680867052     
 -1.000000000000001E-003   13.0918403841531     
  0.000000000000000E+000   8.40882505757763     
  1.000000000000001E-003   8.15506682028878     
  1.999999999999998E-003   6.96194720056094     
  2.999999999999999E-003   12.9592441473602     
  4.000000000000000E-003   10.4232475125468     
  4.999999999999998E-003   10.6862631995714     
  5.999999999999998E-003   6.13530288023210     
  6.999999999999999E-003   1.15712977220462     
  8.000000000000000E-003   1.11252821216422     
  9.000000000000001E-003   1.14574581131603     
  1.000000000000000E-002   3.41632519313424     
  1.100000000000000E-002   1.86794461387272     
  1.200000000000000E-002   5.50624873460192     
  1.300000000000000E-002   3.90014085774829     
  1.400000000000000E-002   1.91283248238298     
  1.500000000000000E-002  0.634544958997817     
  1.600000000000000E-002  3.988266723575634E-003
  1.700000000000000E-002  0.000000000000000E+000
  1.800000000000000E-002  0.000000000000000E+000
  1.900000000000000E-002  0.000000000000000E+000
  2.000000000000000E-002  0.000000000000000E+000
  2.100000000000000E-002  0.000000000000000E+000
  2.200000000000000E-002  0.000000000000000E+000
  2.300000000000000E-002  0.000000000000000E+000
  2.400000000000000E-002  0.000000000000000E+000
  2.500000000000000E-002  0.000000000000000E+000
