 -2.500000000000000E-002  0.000000000000000E+000
 -2.400000000000000E-002  0.000000000000000E+000
 -2.300000000000000E-002  0.000000000000000E+000
 -2.200000000000000E-002  0.000000000000000E+000
 -2.100000000000000E-002  0.000000000000000E+000
 -2.000000000000000E-002  0.000000000000000E+000
 -1.900000000000000E-002  2.733009533552307E-002
 -1.800000000000000E-002  0.667790292896822     
 -1.700000000000000E-002   1.38030024529085     
 -1.600000000000000E-002  0.618823741406706     
 -1.500000000000000E-002  0.635028122462903     
 -1.400000000000000E-002   1.11046243769492     
 -1.300000000000000E-002   1.12159098393910     
 -1.200000000000000E-002  0.761018479275685     
 -1.100000000000000E-002  0.844548695901974     
 -1.000000000000000E-002  0.812452556985755     
 -9.000000000000001E-003  0.729459626331618     
 -8.000000000000000E-003   2.71949012356181     
 -6.999999999999999E-003   7.60048045545495     
 -6.000000000000002E-003   13.8596170065594     
 -5.000000000000001E-003   17.2342928276136     
 -4.000000000000000E-003   19.5468482473161     
 -3.000000000000003E-003   17.4988061435385     
 -2.000000000000002E-003   16.2257032609955     
 -1.000000000000001E-003   14.2558356354062     
  0.000000000000000E+000   16.5879623761419     
  1.000000000000001E-003   18.9529254202141     
  1.999999999999998E-003   8.53154456191015     
  2.999999999999999E-003   16.8013808285810     
  4.000000000000000E-003   12.6013162296938     
  4.999999999999998E-003   15.9619321983795     
  5.999999999999998E-003   16.3356208189609     
  6.999999999999999E-003   17.1444246884450     
  8.000000000000000E-003   4.59769044899503     
  9.000000000000001E-003   1.43989375454953     
  1.000000000000000E-002   2.50494096212482     
  1.100000000000000E-002   2.30770824777910     
  1.200000000000000E-002  7.295048625723306E-002
  1.300000000000000E-002  0.000000000000000E+000
  1.400000000000000E-002  0.000000000000000E+000
  1.500000000000000E-002  0.000000000000000E+000
  1.600000000000000E-002  0.000000000000000E+000
  1.700000000000000E-002  0.000000000000000E+000
  1.800000000000000E-002  0.000000000000000E+000
  1.900000000000000E-002  0.000000000000000E+000
  2.000000000000000E-002  0.000000000000000E+000
  2.100000000000000E-002  0.000000000000000E+000
  2.200000000000000E-002  0.000000000000000E+000
  2.300000000000000E-002  0.000000000000000E+000
  2.400000000000000E-002  0.000000000000000E+000
  2.500000000000000E-002  0.000000000000000E+000
