 -2.500000000000000E-002  0.000000000000000E+000
 -2.400000000000000E-002  0.000000000000000E+000
 -2.300000000000000E-002  0.000000000000000E+000
 -2.200000000000000E-002  0.000000000000000E+000
 -2.100000000000000E-002  0.000000000000000E+000
 -2.000000000000000E-002  0.000000000000000E+000
 -1.900000000000000E-002  0.000000000000000E+000
 -1.800000000000000E-002  0.000000000000000E+000
 -1.700000000000000E-002  0.000000000000000E+000
 -1.600000000000000E-002  0.000000000000000E+000
 -1.500000000000000E-002  0.000000000000000E+000
 -1.400000000000000E-002  0.000000000000000E+000
 -1.300000000000000E-002  0.000000000000000E+000
 -1.200000000000000E-002  0.000000000000000E+000
 -1.100000000000000E-002  0.000000000000000E+000
 -1.000000000000000E-002  0.000000000000000E+000
 -9.000000000000001E-003   1.86426592379242     
 -8.000000000000000E-003   5.82274226263816     
 -6.999999999999999E-003   4.86410865519683     
 -6.000000000000002E-003   5.02489768915540     
 -5.000000000000001E-003   12.8457073552468     
 -4.000000000000000E-003   11.8436040789281     
 -3.000000000000003E-003   5.61333142682420     
 -2.000000000000002E-003   6.36319516247360     
 -1.000000000000001E-003   7.45630640095534     
  0.000000000000000E+000   5.18569691229325     
  1.000000000000001E-003   1.66699435712824     
  1.999999999999998E-003   3.92865123639452     
  2.999999999999999E-003   2.13198930835044     
  4.000000000000000E-003  0.576496009872135     
  4.999999999999998E-003   2.09927975930520     
  5.999999999999998E-003  0.872788545857046     
  6.999999999999999E-003   2.54771141570644     
  8.000000000000000E-003   2.71874872060420     
  9.000000000000001E-003   4.63401667319361     
  1.000000000000000E-002   5.51765279062741     
  1.100000000000000E-002   4.55468447836421     
  1.200000000000000E-002   3.45254144485502     
  1.300000000000000E-002   1.00046939223751     
  1.400000000000000E-002  0.000000000000000E+000
  1.500000000000000E-002  0.000000000000000E+000
  1.600000000000000E-002  0.000000000000000E+000
  1.700000000000000E-002  0.000000000000000E+000
  1.800000000000000E-002  0.000000000000000E+000
  1.900000000000000E-002  0.000000000000000E+000
  2.000000000000000E-002  0.000000000000000E+000
  2.100000000000000E-002  0.000000000000000E+000
  2.200000000000000E-002  0.000000000000000E+000
  2.300000000000000E-002  0.000000000000000E+000
  2.400000000000000E-002  0.000000000000000E+000
  2.500000000000000E-002  0.000000000000000E+000
