 -2.500000000000000E-002  0.000000000000000E+000
 -2.400000000000000E-002  0.000000000000000E+000
 -2.300000000000000E-002  0.000000000000000E+000
 -2.200000000000000E-002  0.000000000000000E+000
 -2.100000000000000E-002  0.000000000000000E+000
 -2.000000000000000E-002  0.000000000000000E+000
 -1.900000000000000E-002  0.000000000000000E+000
 -1.800000000000000E-002  0.000000000000000E+000
 -1.700000000000000E-002  0.000000000000000E+000
 -1.600000000000000E-002  0.000000000000000E+000
 -1.500000000000000E-002  0.131926909507687     
 -1.400000000000000E-002  0.662355318585235     
 -1.300000000000000E-002  0.782473916760305     
 -1.200000000000000E-002  0.407083901593150     
 -1.100000000000000E-002   1.11450359101518     
 -1.000000000000000E-002  0.466581872875860     
 -9.000000000000001E-003  0.635438190563508     
 -8.000000000000000E-003  0.519973448029874     
 -6.999999999999999E-003   1.10132636675338     
 -6.000000000000002E-003   7.42250129058888     
 -5.000000000000001E-003   15.4435497270541     
 -4.000000000000000E-003   20.4292825541327     
 -3.000000000000003E-003   17.9242697379942     
 -2.000000000000002E-003   14.3791444402755     
 -1.000000000000001E-003   13.3520861112950     
  0.000000000000000E+000   16.2913715418730     
  1.000000000000001E-003   13.3485814793663     
  1.999999999999998E-003   11.0310426498913     
  2.999999999999999E-003   7.51479259599380     
  4.000000000000000E-003   12.5503513223977     
  4.999999999999998E-003   9.97369119797825     
  5.999999999999998E-003   3.64376231910781     
  6.999999999999999E-003   2.54603152194962     
  8.000000000000000E-003   3.26738852620509     
  9.000000000000001E-003   3.05484393676591     
  1.000000000000000E-002   4.69371248017895     
  1.100000000000000E-002   3.87258358855395     
  1.200000000000000E-002   1.21402274023340     
  1.300000000000000E-002  0.308096722480239     
  1.400000000000000E-002  0.000000000000000E+000
  1.500000000000000E-002  0.000000000000000E+000
  1.600000000000000E-002  0.000000000000000E+000
  1.700000000000000E-002  0.000000000000000E+000
  1.800000000000000E-002  0.000000000000000E+000
  1.900000000000000E-002  0.000000000000000E+000
  2.000000000000000E-002  0.000000000000000E+000
  2.100000000000000E-002  0.000000000000000E+000
  2.200000000000000E-002  0.000000000000000E+000
  2.300000000000000E-002  0.000000000000000E+000
  2.400000000000000E-002  0.000000000000000E+000
  2.500000000000000E-002  0.000000000000000E+000
