 -2.500000000000000E-002  0.000000000000000E+000
 -2.400000000000000E-002  0.000000000000000E+000
 -2.300000000000000E-002  0.000000000000000E+000
 -2.200000000000000E-002  0.000000000000000E+000
 -2.100000000000000E-002  0.000000000000000E+000
 -2.000000000000000E-002  0.000000000000000E+000
 -1.900000000000000E-002  0.000000000000000E+000
 -1.800000000000000E-002  0.145351323476081     
 -1.700000000000000E-002  0.377283513574817     
 -1.600000000000000E-002   1.69570080319279     
 -1.500000000000000E-002  0.686544359756311     
 -1.400000000000000E-002  0.507724539314885     
 -1.300000000000000E-002  0.616005720064523     
 -1.200000000000000E-002   1.07500021077610     
 -1.100000000000000E-002  0.869852093630942     
 -1.000000000000000E-002  0.893042898271983     
 -9.000000000000001E-003  0.241987999872692     
 -8.000000000000000E-003  0.508550585821021     
 -6.999999999999999E-003  0.953416309733743     
 -6.000000000000002E-003   3.39890916697606     
 -5.000000000000001E-003   9.49446624491914     
 -4.000000000000000E-003   14.7060084886024     
 -3.000000000000003E-003   16.4267409889477     
 -2.000000000000002E-003   14.5279190222352     
 -1.000000000000001E-003   14.0995754923309     
  0.000000000000000E+000   13.2054881197249     
  1.000000000000001E-003   17.7706111147122     
  1.999999999999998E-003   8.23625294497045     
  2.999999999999999E-003   8.06576185758450     
  4.000000000000000E-003   8.30613166856084     
  4.999999999999998E-003   8.28004374301099     
  5.999999999999998E-003   8.34989818232143     
  6.999999999999999E-003   5.91901872530733     
  8.000000000000000E-003   1.61758332582727     
  9.000000000000001E-003   2.28035958959300     
  1.000000000000000E-002   1.05023390940770     
  1.100000000000000E-002   1.85804322135203     
  1.200000000000000E-002   1.66322391052755     
  1.300000000000000E-002   1.05833992560245     
  1.400000000000000E-002  0.000000000000000E+000
  1.500000000000000E-002  0.000000000000000E+000
  1.600000000000000E-002  0.000000000000000E+000
  1.700000000000000E-002  0.000000000000000E+000
  1.800000000000000E-002  0.000000000000000E+000
  1.900000000000000E-002  0.000000000000000E+000
  2.000000000000000E-002  0.000000000000000E+000
  2.100000000000000E-002  0.000000000000000E+000
  2.200000000000000E-002  0.000000000000000E+000
  2.300000000000000E-002  0.000000000000000E+000
  2.400000000000000E-002  0.000000000000000E+000
  2.500000000000000E-002  0.000000000000000E+000
