 -2.500000000000000E-002  0.000000000000000E+000
 -2.400000000000000E-002  0.000000000000000E+000
 -2.300000000000000E-002  0.000000000000000E+000
 -2.200000000000000E-002  0.000000000000000E+000
 -2.100000000000000E-002  0.000000000000000E+000
 -2.000000000000000E-002  0.000000000000000E+000
 -1.900000000000000E-002  0.000000000000000E+000
 -1.800000000000000E-002  0.000000000000000E+000
 -1.700000000000000E-002  0.000000000000000E+000
 -1.600000000000000E-002  0.000000000000000E+000
 -1.500000000000000E-002  0.160495899279992     
 -1.400000000000000E-002   1.39162193824595     
 -1.300000000000000E-002   1.09187394077847     
 -1.200000000000000E-002  0.947232071106768     
 -1.100000000000000E-002   1.45839866602693     
 -1.000000000000000E-002   1.12514221278879     
 -9.000000000000001E-003  0.463053727939616     
 -8.000000000000000E-003  0.170217709127054     
 -6.999999999999999E-003   1.02519980067813     
 -6.000000000000002E-003   4.82711196097449     
 -5.000000000000001E-003   11.9457585029463     
 -4.000000000000000E-003   18.2812374671635     
 -3.000000000000003E-003   16.0250082103184     
 -2.000000000000002E-003   10.5235576377746     
 -1.000000000000001E-003   8.35131972188830     
  0.000000000000000E+000   7.84871183747836     
  1.000000000000001E-003   2.50866814823716     
  1.999999999999998E-003   2.50117024011778     
  2.999999999999999E-003   1.80708243503709     
  4.000000000000000E-003   1.32869913884151     
  4.999999999999998E-003   1.70417503400234     
  5.999999999999998E-003   1.98020888046301     
  6.999999999999999E-003   1.28512361077235     
  8.000000000000000E-003   1.03111307704641     
  9.000000000000001E-003   1.59902831951706     
  1.000000000000000E-002   1.33229291586404     
  1.100000000000000E-002  0.974332573207506     
  1.200000000000000E-002   2.59277102947593     
  1.300000000000000E-002   4.44400477472560     
  1.400000000000000E-002   5.30697751436675     
  1.500000000000000E-002   3.70352522343004     
  1.600000000000000E-002  0.766815780379839     
  1.700000000000000E-002  0.000000000000000E+000
  1.800000000000000E-002  0.000000000000000E+000
  1.900000000000000E-002  0.000000000000000E+000
  2.000000000000000E-002  0.000000000000000E+000
  2.100000000000000E-002  0.000000000000000E+000
  2.200000000000000E-002  0.000000000000000E+000
  2.300000000000000E-002  0.000000000000000E+000
  2.400000000000000E-002  0.000000000000000E+000
  2.500000000000000E-002  0.000000000000000E+000
