 -2.500000000000000E-002  0.000000000000000E+000
 -2.400000000000000E-002  0.000000000000000E+000
 -2.300000000000000E-002  0.000000000000000E+000
 -2.200000000000000E-002  0.000000000000000E+000
 -2.100000000000000E-002  0.000000000000000E+000
 -2.000000000000000E-002  0.181041675412007     
 -1.900000000000000E-002   2.51451071651231     
 -1.800000000000000E-002   1.05904289659962     
 -1.700000000000000E-002   1.72437182623476     
 -1.600000000000000E-002   3.18487176857087     
 -1.500000000000000E-002   2.52945236240502     
 -1.400000000000000E-002  0.308508754265405     
 -1.300000000000000E-002  0.561910034885617     
 -1.200000000000000E-002   2.24952512746916     
 -1.100000000000000E-002   4.37737604896118     
 -1.000000000000000E-002   1.59387796947413     
 -9.000000000000001E-003   4.58362855111472     
 -8.000000000000000E-003   5.50908409909535     
 -6.999999999999999E-003   4.40138785897171     
 -6.000000000000002E-003   6.81747103972630     
 -5.000000000000001E-003   4.84415644079996     
 -4.000000000000000E-003   5.35158393327760     
 -3.000000000000003E-003   6.30588614016907     
 -2.000000000000002E-003   3.41039409299374     
 -1.000000000000001E-003   2.39706246853006     
  0.000000000000000E+000   4.23084252547008     
  1.000000000000001E-003   9.81920983750154     
  1.999999999999998E-003   10.0538367418755     
  2.999999999999999E-003   8.53553953057125     
  4.000000000000000E-003   4.34389930444781     
  4.999999999999998E-003   6.36030357243430     
  5.999999999999998E-003   12.0969418863091     
  6.999999999999999E-003   6.80373503626952     
  8.000000000000000E-003   9.96057178126069     
  9.000000000000001E-003   9.82109012617892     
  1.000000000000000E-002   8.37246121889414     
  1.100000000000000E-002   2.14500372832434     
  1.200000000000000E-002   1.67791485403499     
  1.300000000000000E-002  0.249826050959241     
  1.400000000000000E-002  0.000000000000000E+000
  1.500000000000000E-002  0.000000000000000E+000
  1.600000000000000E-002  0.000000000000000E+000
  1.700000000000000E-002  0.000000000000000E+000
  1.800000000000000E-002  0.000000000000000E+000
  1.900000000000000E-002  0.000000000000000E+000
  2.000000000000000E-002  0.000000000000000E+000
  2.100000000000000E-002  0.000000000000000E+000
  2.200000000000000E-002  0.000000000000000E+000
  2.300000000000000E-002  0.000000000000000E+000
  2.400000000000000E-002  0.000000000000000E+000
  2.500000000000000E-002  0.000000000000000E+000
