 -2.500000000000000E-002  0.000000000000000E+000
 -2.400000000000000E-002  0.000000000000000E+000
 -2.300000000000000E-002  0.000000000000000E+000
 -2.200000000000000E-002  0.000000000000000E+000
 -2.100000000000000E-002  0.000000000000000E+000
 -2.000000000000000E-002  0.000000000000000E+000
 -1.900000000000000E-002  0.000000000000000E+000
 -1.800000000000000E-002  0.000000000000000E+000
 -1.700000000000000E-002  0.000000000000000E+000
 -1.600000000000000E-002  0.161257710410344     
 -1.500000000000000E-002  0.440294209571608     
 -1.400000000000000E-002   1.65427496287027     
 -1.300000000000000E-002  0.354653117147780     
 -1.200000000000000E-002  0.600778400643311     
 -1.100000000000000E-002  0.836748854563026     
 -1.000000000000000E-002   1.18738711173874     
 -9.000000000000001E-003   1.07375563305493     
 -8.000000000000000E-003  0.675691774792146     
 -6.999999999999999E-003  0.367325666711994     
 -6.000000000000002E-003   1.18447189594040     
 -5.000000000000001E-003   2.29284788695521     
 -4.000000000000000E-003   5.63269728608479     
 -3.000000000000003E-003   22.2089042450202     
 -2.000000000000002E-003   70.7578773057804     
 -1.000000000000001E-003   94.6406607697157     
  0.000000000000000E+000   76.6216250836684     
  1.000000000000001E-003   61.2320908199826     
  1.999999999999998E-003   36.2844297592939     
  2.999999999999999E-003   30.8687718618173     
  4.000000000000000E-003   2.09147109215592     
  4.999999999999998E-003   1.08429405874046     
  5.999999999999998E-003   1.45665645481511     
  6.999999999999999E-003  0.931793513763451     
  8.000000000000000E-003  0.850512755587930     
  9.000000000000001E-003   1.12228776917442     
  1.000000000000000E-002  0.900159402471469     
  1.100000000000000E-002   1.58636602547534     
  1.200000000000000E-002   1.71456553530949     
  1.300000000000000E-002   1.84244938043199     
  1.400000000000000E-002   2.44192230886392     
  1.500000000000000E-002   1.99344743181241     
  1.600000000000000E-002  0.379289915635383     
  1.700000000000000E-002  0.000000000000000E+000
  1.800000000000000E-002  0.000000000000000E+000
  1.900000000000000E-002  0.000000000000000E+000
  2.000000000000000E-002  0.000000000000000E+000
  2.100000000000000E-002  0.000000000000000E+000
  2.200000000000000E-002  0.000000000000000E+000
  2.300000000000000E-002  0.000000000000000E+000
  2.400000000000000E-002  0.000000000000000E+000
  2.500000000000000E-002  0.000000000000000E+000
