 -2.500000000000000E-002  0.000000000000000E+000
 -2.400000000000000E-002  0.000000000000000E+000
 -2.300000000000000E-002  0.000000000000000E+000
 -2.200000000000000E-002  0.000000000000000E+000
 -2.100000000000000E-002  0.000000000000000E+000
 -2.000000000000000E-002  0.000000000000000E+000
 -1.900000000000000E-002  0.000000000000000E+000
 -1.800000000000000E-002  0.000000000000000E+000
 -1.700000000000000E-002  0.000000000000000E+000
 -1.600000000000000E-002  0.127751387836266     
 -1.500000000000000E-002  0.979291856530031     
 -1.400000000000000E-002   2.18195712954469     
 -1.300000000000000E-002   1.50623698192062     
 -1.200000000000000E-002  0.343247347304844     
 -1.100000000000000E-002   1.52542754933283     
 -1.000000000000000E-002   2.03581723890109     
 -9.000000000000001E-003   2.12529279170799     
 -8.000000000000000E-003   2.04298253476168     
 -6.999999999999999E-003  0.926436869003372     
 -6.000000000000002E-003   2.61079200886365     
 -5.000000000000001E-003   8.91498619466266     
 -4.000000000000000E-003   18.3094837760812     
 -3.000000000000003E-003   14.5612839875824     
 -2.000000000000002E-003   11.8366171098106     
 -1.000000000000001E-003   11.5135419651780     
  0.000000000000000E+000   8.67637432983825     
  1.000000000000001E-003   9.32339665322845     
  1.999999999999998E-003   9.47921221301056     
  2.999999999999999E-003   5.17001203599586     
  4.000000000000000E-003   3.17679625845129     
  4.999999999999998E-003   2.81033913941903     
  5.999999999999998E-003   2.22993621950283     
  6.999999999999999E-003   1.58422865427283     
  8.000000000000000E-003   2.16779168178177     
  9.000000000000001E-003   1.90323470241553     
  1.000000000000000E-002   3.31387557832200     
  1.100000000000000E-002   1.70559644503926     
  1.200000000000000E-002   3.11589053297450     
  1.300000000000000E-002   4.36060538142006     
  1.400000000000000E-002   4.05539216737948     
  1.500000000000000E-002   1.74699686380949     
  1.600000000000000E-002  0.125114414116805     
  1.700000000000000E-002  0.000000000000000E+000
  1.800000000000000E-002  0.000000000000000E+000
  1.900000000000000E-002  0.000000000000000E+000
  2.000000000000000E-002  0.000000000000000E+000
  2.100000000000000E-002  0.000000000000000E+000
  2.200000000000000E-002  0.000000000000000E+000
  2.300000000000000E-002  0.000000000000000E+000
  2.400000000000000E-002  0.000000000000000E+000
  2.500000000000000E-002  0.000000000000000E+000
