 -2.500000000000000E-002  0.000000000000000E+000
 -2.400000000000000E-002  0.000000000000000E+000
 -2.300000000000000E-002  0.000000000000000E+000
 -2.200000000000000E-002  0.000000000000000E+000
 -2.100000000000000E-002  0.000000000000000E+000
 -2.000000000000000E-002  0.000000000000000E+000
 -1.900000000000000E-002  0.000000000000000E+000
 -1.800000000000000E-002  0.000000000000000E+000
 -1.700000000000000E-002  0.000000000000000E+000
 -1.600000000000000E-002  0.000000000000000E+000
 -1.500000000000000E-002  0.000000000000000E+000
 -1.400000000000000E-002  0.000000000000000E+000
 -1.300000000000000E-002  0.000000000000000E+000
 -1.200000000000000E-002  0.000000000000000E+000
 -1.100000000000000E-002  0.000000000000000E+000
 -1.000000000000000E-002  0.000000000000000E+000
 -9.000000000000001E-003  0.000000000000000E+000
 -8.000000000000000E-003  0.000000000000000E+000
 -6.999999999999999E-003  2.050512565883821E-002
 -6.000000000000002E-003   3.03665200049167     
 -5.000000000000001E-003   9.70134553114567     
 -4.000000000000000E-003   19.0805327289662     
 -3.000000000000003E-003   23.3173846866028     
 -2.000000000000002E-003   21.9313598722977     
 -1.000000000000001E-003   18.8683851636204     
  0.000000000000000E+000   19.0472968975680     
  1.000000000000001E-003   19.9679794185345     
  1.999999999999998E-003   17.7590863485393     
  2.999999999999999E-003   10.2093142216282     
  4.000000000000000E-003   6.34364230126876     
  4.999999999999998E-003   6.23473291570189     
  5.999999999999998E-003   9.13299741175677     
  6.999999999999999E-003   6.58482002345318     
  8.000000000000000E-003   3.48539247780812     
  9.000000000000001E-003  0.121482874958078     
  1.000000000000000E-002  0.000000000000000E+000
  1.100000000000000E-002  0.000000000000000E+000
  1.200000000000000E-002  0.000000000000000E+000
  1.300000000000000E-002  0.000000000000000E+000
  1.400000000000000E-002  0.000000000000000E+000
  1.500000000000000E-002  0.000000000000000E+000
  1.600000000000000E-002  0.000000000000000E+000
  1.700000000000000E-002  0.000000000000000E+000
  1.800000000000000E-002  0.000000000000000E+000
  1.900000000000000E-002  0.000000000000000E+000
  2.000000000000000E-002  0.000000000000000E+000
  2.100000000000000E-002  0.000000000000000E+000
  2.200000000000000E-002  0.000000000000000E+000
  2.300000000000000E-002  0.000000000000000E+000
  2.400000000000000E-002  0.000000000000000E+000
  2.500000000000000E-002  0.000000000000000E+000
