 -2.500000000000000E-002  0.000000000000000E+000
 -2.400000000000000E-002  0.000000000000000E+000
 -2.300000000000000E-002  0.000000000000000E+000
 -2.200000000000000E-002  0.000000000000000E+000
 -2.100000000000000E-002  0.000000000000000E+000
 -2.000000000000000E-002  0.000000000000000E+000
 -1.900000000000000E-002  0.000000000000000E+000
 -1.800000000000000E-002  0.000000000000000E+000
 -1.700000000000000E-002  4.337966756949946E-002
 -1.600000000000000E-002  0.476365619768909     
 -1.500000000000000E-002   1.39756400625997     
 -1.400000000000000E-002  0.634280706401623     
 -1.300000000000000E-002  0.861251004448000     
 -1.200000000000000E-002  0.516947131271555     
 -1.100000000000000E-002   1.59831036057840     
 -1.000000000000000E-002  0.726291503702040     
 -9.000000000000001E-003  0.798157927883119     
 -8.000000000000000E-003  0.588906505635305     
 -6.999999999999999E-003   1.53928156302842     
 -6.000000000000002E-003   2.14168108187062     
 -5.000000000000001E-003   8.27622927648194     
 -4.000000000000000E-003   22.2922528275364     
 -3.000000000000003E-003   33.8712792924375     
 -2.000000000000002E-003   39.6127890217597     
 -1.000000000000001E-003   39.4391636609724     
  0.000000000000000E+000   28.9115806015237     
  1.000000000000001E-003   21.3651755071275     
  1.999999999999998E-003   19.2014457756429     
  2.999999999999999E-003   9.21275927831658     
  4.000000000000000E-003   4.10058238740361     
  4.999999999999998E-003   2.40776215775798     
  5.999999999999998E-003   1.82050710574495     
  6.999999999999999E-003   1.78132020707604     
  8.000000000000000E-003   3.08603045941933     
  9.000000000000001E-003   6.56268636555173     
  1.000000000000000E-002   5.55764916056453     
  1.100000000000000E-002   3.59078371882693     
  1.200000000000000E-002   4.36064216761274     
  1.300000000000000E-002   4.23777970787980     
  1.400000000000000E-002   2.14837322054929     
  1.500000000000000E-002  0.411011021396985     
  1.600000000000000E-002  0.000000000000000E+000
  1.700000000000000E-002  0.000000000000000E+000
  1.800000000000000E-002  0.000000000000000E+000
  1.900000000000000E-002  0.000000000000000E+000
  2.000000000000000E-002  0.000000000000000E+000
  2.100000000000000E-002  0.000000000000000E+000
  2.200000000000000E-002  0.000000000000000E+000
  2.300000000000000E-002  0.000000000000000E+000
  2.400000000000000E-002  0.000000000000000E+000
  2.500000000000000E-002  0.000000000000000E+000
