 -2.500000000000000E-002  0.000000000000000E+000
 -2.400000000000000E-002  0.000000000000000E+000
 -2.300000000000000E-002  0.000000000000000E+000
 -2.200000000000000E-002  0.000000000000000E+000
 -2.100000000000000E-002  0.000000000000000E+000
 -2.000000000000000E-002  0.000000000000000E+000
 -1.900000000000000E-002  0.000000000000000E+000
 -1.800000000000000E-002  0.000000000000000E+000
 -1.700000000000000E-002  0.000000000000000E+000
 -1.600000000000000E-002  0.298518231011647     
 -1.500000000000000E-002  0.918265921866981     
 -1.400000000000000E-002   1.71609352135145     
 -1.300000000000000E-002  0.477885997639683     
 -1.200000000000000E-002  0.572845577101776     
 -1.100000000000000E-002  0.746094834296832     
 -1.000000000000000E-002   1.08139659669859     
 -9.000000000000001E-003  0.874226775558450     
 -8.000000000000000E-003   1.29997287641396     
 -6.999999999999999E-003   1.08135692642382     
 -6.000000000000002E-003   8.60058863958997     
 -5.000000000000001E-003   17.5517549835433     
 -4.000000000000000E-003   15.0668882847275     
 -3.000000000000003E-003   13.1379443685532     
 -2.000000000000002E-003   10.2892764474682     
 -1.000000000000001E-003   10.3536072429552     
  0.000000000000000E+000   9.29127793042412     
  1.000000000000001E-003   12.0368260539567     
  1.999999999999998E-003   7.53584835930378     
  2.999999999999999E-003   9.16149596398037     
  4.000000000000000E-003   6.46441873236975     
  4.999999999999998E-003   9.22898912121367     
  5.999999999999998E-003   8.37648979388744     
  6.999999999999999E-003   7.83042335693414     
  8.000000000000000E-003   2.34387807122887     
  9.000000000000001E-003   1.32996103483077     
  1.000000000000000E-002   1.25039425683093     
  1.100000000000000E-002   1.13179528736498     
  1.200000000000000E-002   1.86334782157675     
  1.300000000000000E-002   1.47497991749026     
  1.400000000000000E-002   1.36454897337200     
  1.500000000000000E-002  0.989908196295347     
  1.600000000000000E-002  0.223209903739647     
  1.700000000000000E-002  0.000000000000000E+000
  1.800000000000000E-002  0.000000000000000E+000
  1.900000000000000E-002  0.000000000000000E+000
  2.000000000000000E-002  0.000000000000000E+000
  2.100000000000000E-002  0.000000000000000E+000
  2.200000000000000E-002  0.000000000000000E+000
  2.300000000000000E-002  0.000000000000000E+000
  2.400000000000000E-002  0.000000000000000E+000
  2.500000000000000E-002  0.000000000000000E+000
