 -2.500000000000000E-002  0.000000000000000E+000
 -2.400000000000000E-002  0.000000000000000E+000
 -2.300000000000000E-002  0.000000000000000E+000
 -2.200000000000000E-002  0.000000000000000E+000
 -2.100000000000000E-002  0.000000000000000E+000
 -2.000000000000000E-002  0.120396998722340     
 -1.900000000000000E-002  0.696417116672961     
 -1.800000000000000E-002   1.28335588460470     
 -1.700000000000000E-002  0.287207278853710     
 -1.600000000000000E-002  0.672142721146291     
 -1.500000000000000E-002   1.39906941103863     
 -1.400000000000000E-002   1.28084505377670     
 -1.300000000000000E-002  0.426197554524754     
 -1.200000000000000E-002  0.287919623937569     
 -1.100000000000000E-002   1.11133832409460     
 -1.000000000000000E-002   1.49182182170674     
 -9.000000000000001E-003  0.784616707065036     
 -8.000000000000000E-003   2.53106134518915     
 -6.999999999999999E-003   4.36588190481637     
 -6.000000000000002E-003   3.41002601656026     
 -5.000000000000001E-003   4.48764593319586     
 -4.000000000000000E-003   4.82778284411686     
 -3.000000000000003E-003   21.0480095141950     
 -2.000000000000002E-003   60.9541309090809     
 -1.000000000000001E-003   77.7203447254846     
  0.000000000000000E+000   60.7415557183299     
  1.000000000000001E-003   49.3648888248115     
  1.999999999999998E-003   30.9443243397909     
  2.999999999999999E-003   26.2922690527798     
  4.000000000000000E-003   2.11652984882717     
  4.999999999999998E-003   2.34681812449281     
  5.999999999999998E-003   2.70888617721019     
  6.999999999999999E-003  0.748146455145810     
  8.000000000000000E-003   3.20274995127498     
  9.000000000000001E-003   3.88420336769140     
  1.000000000000000E-002   6.69749569167478     
  1.100000000000000E-002   6.61577991383431     
  1.200000000000000E-002   3.17452675261068     
  1.300000000000000E-002   1.97481712766144     
  1.400000000000000E-002  0.435966965081627     
  1.500000000000000E-002  0.000000000000000E+000
  1.600000000000000E-002  0.000000000000000E+000
  1.700000000000000E-002  0.000000000000000E+000
  1.800000000000000E-002  0.000000000000000E+000
  1.900000000000000E-002  0.000000000000000E+000
  2.000000000000000E-002  0.000000000000000E+000
  2.100000000000000E-002  0.000000000000000E+000
  2.200000000000000E-002  0.000000000000000E+000
  2.300000000000000E-002  0.000000000000000E+000
  2.400000000000000E-002  0.000000000000000E+000
  2.500000000000000E-002  0.000000000000000E+000
