 -2.500000000000000E-002  0.000000000000000E+000
 -2.400000000000000E-002  0.000000000000000E+000
 -2.300000000000000E-002  0.000000000000000E+000
 -2.200000000000000E-002  0.000000000000000E+000
 -2.100000000000000E-002  0.000000000000000E+000
 -2.000000000000000E-002  0.000000000000000E+000
 -1.900000000000000E-002  0.000000000000000E+000
 -1.800000000000000E-002  0.000000000000000E+000
 -1.700000000000000E-002  0.000000000000000E+000
 -1.600000000000000E-002  0.000000000000000E+000
 -1.500000000000000E-002  0.000000000000000E+000
 -1.400000000000000E-002  0.000000000000000E+000
 -1.300000000000000E-002  0.000000000000000E+000
 -1.200000000000000E-002  0.000000000000000E+000
 -1.100000000000000E-002  0.000000000000000E+000
 -1.000000000000000E-002  0.000000000000000E+000
 -9.000000000000001E-003  0.000000000000000E+000
 -8.000000000000000E-003  0.182004131585728     
 -6.999999999999999E-003   2.31150497028122     
 -6.000000000000002E-003   4.45590477305191     
 -5.000000000000001E-003   10.5891731694086     
 -4.000000000000000E-003   16.7363140220240     
 -3.000000000000003E-003   19.2363008839597     
 -2.000000000000002E-003   17.0975027374256     
 -1.000000000000001E-003   18.1137396311646     
  0.000000000000000E+000   14.8801242158167     
  1.000000000000001E-003   12.7433780454551     
  1.999999999999998E-003   4.94338200799348     
  2.999999999999999E-003   1.85708179637694     
  4.000000000000000E-003   2.08260638664182     
  4.999999999999998E-003   1.83128956796382     
  5.999999999999998E-003   2.98636782897227     
  6.999999999999999E-003   2.80658980764471     
  8.000000000000000E-003   2.53407320920390     
  9.000000000000001E-003   3.82181871414978     
  1.000000000000000E-002   1.87307689149188     
  1.100000000000000E-002   3.27599816852675     
  1.200000000000000E-002   4.50925136570294     
  1.300000000000000E-002   1.71956139616541     
  1.400000000000000E-002  0.271446278993183     
  1.500000000000000E-002  0.000000000000000E+000
  1.600000000000000E-002  0.000000000000000E+000
  1.700000000000000E-002  0.000000000000000E+000
  1.800000000000000E-002  0.000000000000000E+000
  1.900000000000000E-002  0.000000000000000E+000
  2.000000000000000E-002  0.000000000000000E+000
  2.100000000000000E-002  0.000000000000000E+000
  2.200000000000000E-002  0.000000000000000E+000
  2.300000000000000E-002  0.000000000000000E+000
  2.400000000000000E-002  0.000000000000000E+000
  2.500000000000000E-002  0.000000000000000E+000
