 -2.500000000000000E-002  0.000000000000000E+000
 -2.400000000000000E-002  0.000000000000000E+000
 -2.300000000000000E-002  0.000000000000000E+000
 -2.200000000000000E-002  0.000000000000000E+000
 -2.100000000000000E-002  0.000000000000000E+000
 -2.000000000000000E-002  0.000000000000000E+000
 -1.900000000000000E-002  0.000000000000000E+000
 -1.800000000000000E-002  0.000000000000000E+000
 -1.700000000000000E-002  0.000000000000000E+000
 -1.600000000000000E-002  0.000000000000000E+000
 -1.500000000000000E-002  0.000000000000000E+000
 -1.400000000000000E-002  0.000000000000000E+000
 -1.300000000000000E-002  0.000000000000000E+000
 -1.200000000000000E-002  0.000000000000000E+000
 -1.100000000000000E-002  0.000000000000000E+000
 -1.000000000000000E-002  0.000000000000000E+000
 -9.000000000000001E-003  0.000000000000000E+000
 -8.000000000000000E-003  0.000000000000000E+000
 -6.999999999999999E-003  0.000000000000000E+000
 -6.000000000000002E-003  0.000000000000000E+000
 -5.000000000000001E-003   6.25538050690769     
 -4.000000000000000E-003   34.1574343694839     
 -3.000000000000003E-003   41.9929169118628     
 -2.000000000000002E-003   34.0199991180877     
 -1.000000000000001E-003   27.0750908009200     
  0.000000000000000E+000   19.0561644832538     
  1.000000000000001E-003   23.1965806636405     
  1.999999999999998E-003   9.08791560172668     
  2.999999999999999E-003   3.12718614273337     
  4.000000000000000E-003   3.97687420230541     
  4.999999999999998E-003   2.38884246607342     
  5.999999999999998E-003   2.20021127393570     
  6.999999999999999E-003   1.76243831434112     
  8.000000000000000E-003   2.65237799088121     
  9.000000000000001E-003   6.73159542238819     
  1.000000000000000E-002   6.87076932498666     
  1.100000000000000E-002   3.40309628251352     
  1.200000000000000E-002   4.23447341850265     
  1.300000000000000E-002   3.27888817002069     
  1.400000000000000E-002  5.353453543498940E-002
  1.500000000000000E-002  0.000000000000000E+000
  1.600000000000000E-002  0.000000000000000E+000
  1.700000000000000E-002  0.000000000000000E+000
  1.800000000000000E-002  0.000000000000000E+000
  1.900000000000000E-002  0.000000000000000E+000
  2.000000000000000E-002  0.000000000000000E+000
  2.100000000000000E-002  0.000000000000000E+000
  2.200000000000000E-002  0.000000000000000E+000
  2.300000000000000E-002  0.000000000000000E+000
  2.400000000000000E-002  0.000000000000000E+000
  2.500000000000000E-002  0.000000000000000E+000
