 -2.500000000000000E-002  0.000000000000000E+000
 -2.400000000000000E-002  0.000000000000000E+000
 -2.300000000000000E-002  0.000000000000000E+000
 -2.200000000000000E-002  0.000000000000000E+000
 -2.100000000000000E-002  0.000000000000000E+000
 -2.000000000000000E-002  0.000000000000000E+000
 -1.900000000000000E-002  0.000000000000000E+000
 -1.800000000000000E-002  0.000000000000000E+000
 -1.700000000000000E-002  0.000000000000000E+000
 -1.600000000000000E-002  0.192602447736671     
 -1.500000000000000E-002  0.753519287493261     
 -1.400000000000000E-002   1.43495497177146     
 -1.300000000000000E-002  0.493665143098374     
 -1.200000000000000E-002  0.691185445729007     
 -1.100000000000000E-002   1.17063076242590     
 -1.000000000000000E-002   1.05486603745343     
 -9.000000000000001E-003  0.640743020952148     
 -8.000000000000000E-003   1.43936811735866     
 -6.999999999999999E-003   1.41839466042737     
 -6.000000000000002E-003   7.88736759881160     
 -5.000000000000001E-003   15.1476501178571     
 -4.000000000000000E-003   18.1847834669634     
 -3.000000000000003E-003   14.7874648216264     
 -2.000000000000002E-003   12.4182624231234     
 -1.000000000000001E-003   10.9459730769791     
  0.000000000000000E+000   7.27646744442053     
  1.000000000000001E-003   8.10480958643145     
  1.999999999999998E-003   6.60859621341542     
  2.999999999999999E-003   10.8720240221143     
  4.000000000000000E-003   6.70532325787033     
  4.999999999999998E-003   9.35658221427041     
  5.999999999999998E-003   8.77296504790160     
  6.999999999999999E-003   8.78565881497513     
  8.000000000000000E-003   4.07685909027385     
  9.000000000000001E-003   1.05523464264009     
  1.000000000000000E-002   1.11162351285071     
  1.100000000000000E-002  0.967453469826747     
  1.200000000000000E-002   1.01896742472452     
  1.300000000000000E-002   1.63900706558172     
  1.400000000000000E-002   1.35194014834680     
  1.500000000000000E-002  0.790851842448671     
  1.600000000000000E-002  0.159844802100389     
  1.700000000000000E-002  0.000000000000000E+000
  1.800000000000000E-002  0.000000000000000E+000
  1.900000000000000E-002  0.000000000000000E+000
  2.000000000000000E-002  0.000000000000000E+000
  2.100000000000000E-002  0.000000000000000E+000
  2.200000000000000E-002  0.000000000000000E+000
  2.300000000000000E-002  0.000000000000000E+000
  2.400000000000000E-002  0.000000000000000E+000
  2.500000000000000E-002  0.000000000000000E+000
