 -2.500000000000000E-002  0.000000000000000E+000
 -2.400000000000000E-002  0.000000000000000E+000
 -2.300000000000000E-002  0.000000000000000E+000
 -2.200000000000000E-002  0.000000000000000E+000
 -2.100000000000000E-002  0.000000000000000E+000
 -2.000000000000000E-002  0.000000000000000E+000
 -1.900000000000000E-002  0.000000000000000E+000
 -1.800000000000000E-002  0.000000000000000E+000
 -1.700000000000000E-002  0.287431045056308     
 -1.600000000000000E-002   1.01976967992084     
 -1.500000000000000E-002   1.06773927502285     
 -1.400000000000000E-002  9.968853858257831E-002
 -1.300000000000000E-002   1.29238432342270     
 -1.200000000000000E-002  0.518611097585203     
 -1.100000000000000E-002  0.726471194185881     
 -1.000000000000000E-002   1.54076342141144     
 -9.000000000000001E-003  0.445500054771720     
 -8.000000000000000E-003  0.374865519285161     
 -6.999999999999999E-003  0.393399153340028     
 -6.000000000000002E-003  0.820636919381419     
 -5.000000000000001E-003   4.18998152092315     
 -4.000000000000000E-003   14.4924035429668     
 -3.000000000000003E-003   16.6213591929921     
 -2.000000000000002E-003   13.9137798295383     
 -1.000000000000001E-003   10.5100583979142     
  0.000000000000000E+000   10.9432250015221     
  1.000000000000001E-003   18.8634886970702     
  1.999999999999998E-003   8.15088204613089     
  2.999999999999999E-003   2.48850938932961     
  4.000000000000000E-003   1.45268100564268     
  4.999999999999998E-003   1.81657157450268     
  5.999999999999998E-003   1.35865215395584     
  6.999999999999999E-003   1.78477938448579     
  8.000000000000000E-003   2.97012170014066     
  9.000000000000001E-003   3.41935755124705     
  1.000000000000000E-002   2.74614747251981     
  1.100000000000000E-002   2.94728309257246     
  1.200000000000000E-002   3.51695629815028     
  1.300000000000000E-002   1.80163744152989     
  1.400000000000000E-002  0.419074484899306     
  1.500000000000000E-002  0.000000000000000E+000
  1.600000000000000E-002  0.000000000000000E+000
  1.700000000000000E-002  0.000000000000000E+000
  1.800000000000000E-002  0.000000000000000E+000
  1.900000000000000E-002  0.000000000000000E+000
  2.000000000000000E-002  0.000000000000000E+000
  2.100000000000000E-002  0.000000000000000E+000
  2.200000000000000E-002  0.000000000000000E+000
  2.300000000000000E-002  0.000000000000000E+000
  2.400000000000000E-002  0.000000000000000E+000
  2.500000000000000E-002  0.000000000000000E+000
