 -2.500000000000000E-002  0.000000000000000E+000
 -2.400000000000000E-002  0.000000000000000E+000
 -2.300000000000000E-002  0.000000000000000E+000
 -2.200000000000000E-002  0.000000000000000E+000
 -2.100000000000000E-002  0.000000000000000E+000
 -2.000000000000000E-002  0.000000000000000E+000
 -1.900000000000000E-002  0.708244615033937     
 -1.800000000000000E-002   1.11713538496606     
 -1.700000000000000E-002  0.308731444075070     
 -1.600000000000000E-002   1.30044766129802     
 -1.500000000000000E-002   1.62947526131042     
 -1.400000000000000E-002  0.502103813811281     
 -1.300000000000000E-002  0.124734009163584     
 -1.200000000000000E-002  0.315457201991092     
 -1.100000000000000E-002   2.18021484894638     
 -1.000000000000000E-002   5.86143155682879     
 -9.000000000000001E-003   4.24965233673876     
 -8.000000000000000E-003   2.47319931841349     
 -6.999999999999999E-003   4.90117143727003     
 -6.000000000000002E-003   3.57921890826793     
 -5.000000000000001E-003   1.89815907948930     
 -4.000000000000000E-003   2.85370348234859     
 -3.000000000000003E-003   4.26357507879964     
 -2.000000000000002E-003   5.81435721528999     
 -1.000000000000001E-003   3.35973272393629     
  0.000000000000000E+000   3.17598087606178     
  1.000000000000001E-003   6.21904784626800     
  1.999999999999998E-003   4.69232535816972     
  2.999999999999999E-003   4.26430764741917     
  4.000000000000000E-003   10.8437373429401     
  4.999999999999998E-003   6.39066549884262     
  5.999999999999998E-003   6.58288734448758     
  6.999999999999999E-003   6.78659816651417     
  8.000000000000000E-003   2.06865674574359     
  9.000000000000001E-003   4.15386802900124     
  1.000000000000000E-002   5.38743903851641     
  1.100000000000000E-002   2.89666397180250     
  1.200000000000000E-002   1.00208675625449     
  1.300000000000000E-002  0.000000000000000E+000
  1.400000000000000E-002  0.000000000000000E+000
  1.500000000000000E-002  0.000000000000000E+000
  1.600000000000000E-002  0.000000000000000E+000
  1.700000000000000E-002  0.000000000000000E+000
  1.800000000000000E-002  0.000000000000000E+000
  1.900000000000000E-002  0.000000000000000E+000
  2.000000000000000E-002  0.000000000000000E+000
  2.100000000000000E-002  0.000000000000000E+000
  2.200000000000000E-002  0.000000000000000E+000
  2.300000000000000E-002  0.000000000000000E+000
  2.400000000000000E-002  0.000000000000000E+000
  2.500000000000000E-002  0.000000000000000E+000
