 -2.500000000000000E-002  0.000000000000000E+000
 -2.400000000000000E-002  0.000000000000000E+000
 -2.300000000000000E-002  0.000000000000000E+000
 -2.200000000000000E-002  0.000000000000000E+000
 -2.100000000000000E-002  0.000000000000000E+000
 -2.000000000000000E-002  0.000000000000000E+000
 -1.900000000000000E-002  0.000000000000000E+000
 -1.800000000000000E-002  0.000000000000000E+000
 -1.700000000000000E-002  0.000000000000000E+000
 -1.600000000000000E-002  0.000000000000000E+000
 -1.500000000000000E-002  0.123120093261684     
 -1.400000000000000E-002   1.08832167113880     
 -1.300000000000000E-002  0.768332106009910     
 -1.200000000000000E-002  0.501672801195336     
 -1.100000000000000E-002  0.509804260338776     
 -1.000000000000000E-002  0.730985570441117     
 -9.000000000000001E-003   1.54161562011315     
 -8.000000000000000E-003  0.585155372975592     
 -6.999999999999999E-003   1.19281393829625     
 -6.000000000000002E-003  0.821507590691083     
 -5.000000000000001E-003   1.20891235616244     
 -4.000000000000000E-003   2.95603373426154     
 -3.000000000000003E-003   15.6568904988033     
 -2.000000000000002E-003   26.6795811733339     
 -1.000000000000001E-003   25.4535800120099     
  0.000000000000000E+000   20.0014883172522     
  1.000000000000001E-003   18.4051384241856     
  1.999999999999998E-003   14.7403541536830     
  2.999999999999999E-003   8.81204227996997     
  4.000000000000000E-003   2.53708109611773     
  4.999999999999998E-003  0.622317566504011     
  5.999999999999998E-003  0.124561268112943     
  6.999999999999999E-003  0.741955083129995     
  8.000000000000000E-003  0.561788562911870     
  9.000000000000001E-003   1.09313436900304     
  1.000000000000000E-002   1.20810109084424     
  1.100000000000000E-002   1.49157658753864     
  1.200000000000000E-002   1.12478211130833     
  1.300000000000000E-002  0.667364055936535     
  1.400000000000000E-002   1.74496389107091     
  1.500000000000000E-002   1.46664580913292     
  1.600000000000000E-002  0.639243837998395     
  1.700000000000000E-002  8.246469626693212E-002
  1.800000000000000E-002  0.000000000000000E+000
  1.900000000000000E-002  0.000000000000000E+000
  2.000000000000000E-002  0.000000000000000E+000
  2.100000000000000E-002  0.000000000000000E+000
  2.200000000000000E-002  0.000000000000000E+000
  2.300000000000000E-002  0.000000000000000E+000
  2.400000000000000E-002  0.000000000000000E+000
  2.500000000000000E-002  0.000000000000000E+000
