 -2.500000000000000E-002  0.000000000000000E+000
 -2.400000000000000E-002  0.000000000000000E+000
 -2.300000000000000E-002  0.000000000000000E+000
 -2.200000000000000E-002  0.000000000000000E+000
 -2.100000000000000E-002  0.000000000000000E+000
 -2.000000000000000E-002  0.000000000000000E+000
 -1.900000000000000E-002  0.000000000000000E+000
 -1.800000000000000E-002  0.181098112693059     
 -1.700000000000000E-002   1.27606654419917     
 -1.600000000000000E-002  0.309325343107774     
 -1.500000000000000E-002  0.734884072250385     
 -1.400000000000000E-002   1.49523256601021     
 -1.300000000000000E-002   1.21933925705358     
 -1.200000000000000E-002  0.393954134556233     
 -1.100000000000000E-002  0.194521435276910     
 -1.000000000000000E-002  0.358821062404113     
 -9.000000000000001E-003  0.943720125828608     
 -8.000000000000000E-003  0.910293056357782     
 -6.999999999999999E-003   1.23269812017319     
 -6.000000000000002E-003   4.82738718187785     
 -5.000000000000001E-003   6.89985764231821     
 -4.000000000000000E-003   15.6682082198799     
 -3.000000000000003E-003   36.0839342991545     
 -2.000000000000002E-003   67.8806477852872     
 -1.000000000000001E-003   66.0410044504365     
  0.000000000000000E+000   50.7188473043699     
  1.000000000000001E-003   34.9571795542773     
  1.999999999999998E-003   33.6479223659651     
  2.999999999999999E-003   14.5592851141992     
  4.000000000000000E-003   8.14826329533035     
  4.999999999999998E-003   9.97270503404357     
  5.999999999999998E-003   8.82780605884519     
  6.999999999999999E-003   6.53346961235049     
  8.000000000000000E-003   7.73964590363151     
  9.000000000000001E-003   2.53525300942074     
  1.000000000000000E-002   4.72974297563543     
  1.100000000000000E-002   5.38922794649393     
  1.200000000000000E-002   1.95489416003993     
  1.300000000000000E-002  8.556425653241816E-002
  1.400000000000000E-002  0.000000000000000E+000
  1.500000000000000E-002  0.000000000000000E+000
  1.600000000000000E-002  0.000000000000000E+000
  1.700000000000000E-002  0.000000000000000E+000
  1.800000000000000E-002  0.000000000000000E+000
  1.900000000000000E-002  0.000000000000000E+000
  2.000000000000000E-002  0.000000000000000E+000
  2.100000000000000E-002  0.000000000000000E+000
  2.200000000000000E-002  0.000000000000000E+000
  2.300000000000000E-002  0.000000000000000E+000
  2.400000000000000E-002  0.000000000000000E+000
  2.500000000000000E-002  0.000000000000000E+000
