 -2.500000000000000E-002  0.000000000000000E+000
 -2.400000000000000E-002  0.000000000000000E+000
 -2.300000000000000E-002  0.000000000000000E+000
 -2.200000000000000E-002  0.000000000000000E+000
 -2.100000000000000E-002  0.000000000000000E+000
 -2.000000000000000E-002  0.000000000000000E+000
 -1.900000000000000E-002  0.000000000000000E+000
 -1.800000000000000E-002  0.000000000000000E+000
 -1.700000000000000E-002  0.000000000000000E+000
 -1.600000000000000E-002  0.000000000000000E+000
 -1.500000000000000E-002  0.000000000000000E+000
 -1.400000000000000E-002  0.000000000000000E+000
 -1.300000000000000E-002  0.286371961182297     
 -1.200000000000000E-002  0.685634425438350     
 -1.100000000000000E-002  0.412026859076165     
 -1.000000000000000E-002  0.915438865675693     
 -9.000000000000001E-003  0.459476452644309     
 -8.000000000000000E-003  0.516557686372243     
 -6.999999999999999E-003   1.33395522520069     
 -6.000000000000002E-003   1.34210373321261     
 -5.000000000000001E-003   2.30831980354793     
 -4.000000000000000E-003   8.14787817918413     
 -3.000000000000003E-003   25.0349281988178     
 -2.000000000000002E-003   33.0800972885472     
 -1.000000000000001E-003   31.7089409117753     
  0.000000000000000E+000   25.0618461324202     
  1.000000000000001E-003   25.3379308280642     
  1.999999999999998E-003   21.3617589148228     
  2.999999999999999E-003   7.01255684146623     
  4.000000000000000E-003   1.54484315554250     
  4.999999999999998E-003   1.08136281775851     
  5.999999999999998E-003  0.881602591236165     
  6.999999999999999E-003  0.610536002859188     
  8.000000000000000E-003  0.365522499983787     
  9.000000000000001E-003   1.66545790916204     
  1.000000000000000E-002   1.06449417071125     
  1.100000000000000E-002   1.86791768561130     
  1.200000000000000E-002   1.21467940286510     
  1.300000000000000E-002   1.63014459161849     
  1.400000000000000E-002   1.87153334620402     
  1.500000000000000E-002   2.23748557037590     
  1.600000000000000E-002  0.563047948623613     
  1.700000000000000E-002  0.000000000000000E+000
  1.800000000000000E-002  0.000000000000000E+000
  1.900000000000000E-002  0.000000000000000E+000
  2.000000000000000E-002  0.000000000000000E+000
  2.100000000000000E-002  0.000000000000000E+000
  2.200000000000000E-002  0.000000000000000E+000
  2.300000000000000E-002  0.000000000000000E+000
  2.400000000000000E-002  0.000000000000000E+000
  2.500000000000000E-002  0.000000000000000E+000
