 -2.500000000000000E-002  0.000000000000000E+000
 -2.400000000000000E-002  0.000000000000000E+000
 -2.300000000000000E-002  0.000000000000000E+000
 -2.200000000000000E-002  0.000000000000000E+000
 -2.100000000000000E-002  0.000000000000000E+000
 -2.000000000000000E-002  0.000000000000000E+000
 -1.900000000000000E-002   1.05859087389249     
 -1.800000000000000E-002  0.766789126107510     
 -1.700000000000000E-002  0.483586933527908     
 -1.600000000000000E-002   1.50336662999176     
 -1.500000000000000E-002   1.51064447059668     
 -1.400000000000000E-002  0.349411965883653     
 -1.300000000000000E-002  5.576713929764263E-002
 -1.200000000000000E-002  0.420154516523140     
 -1.100000000000000E-002   1.68289150187045     
 -1.000000000000000E-002   1.52912206428715     
 -9.000000000000001E-003  0.834254132189637     
 -8.000000000000000E-003   1.41625739946500     
 -6.999999999999999E-003   3.03564521349723     
 -6.000000000000002E-003   2.27882782017967     
 -5.000000000000001E-003   4.55825620747240     
 -4.000000000000000E-003   8.10197721921128     
 -3.000000000000003E-003   18.5517797959241     
 -2.000000000000002E-003   21.1704826627804     
 -1.000000000000001E-003   20.0988215632460     
  0.000000000000000E+000   14.8537464248532     
  1.000000000000001E-003   14.2968004994283     
  1.999999999999998E-003   16.1370088618144     
  2.999999999999999E-003   8.62695668447365     
  4.000000000000000E-003   3.28014736473568     
  4.999999999999998E-003   2.27319692354803     
  5.999999999999998E-003   4.43612692318352     
  6.999999999999999E-003   4.97412201346118     
  8.000000000000000E-003   3.22346278945364     
  9.000000000000001E-003   4.83173622286703     
  1.000000000000000E-002   4.55495595602642     
  1.100000000000000E-002   2.66030097740153     
  1.200000000000000E-002   2.54446012136063     
  1.300000000000000E-002  0.902964362638200     
  1.400000000000000E-002  0.862048380140103     
  1.500000000000000E-002  8.627825867047414E-002
  1.600000000000000E-002  0.000000000000000E+000
  1.700000000000000E-002  0.000000000000000E+000
  1.800000000000000E-002  0.000000000000000E+000
  1.900000000000000E-002  0.000000000000000E+000
  2.000000000000000E-002  0.000000000000000E+000
  2.100000000000000E-002  0.000000000000000E+000
  2.200000000000000E-002  0.000000000000000E+000
  2.300000000000000E-002  0.000000000000000E+000
  2.400000000000000E-002  0.000000000000000E+000
  2.500000000000000E-002  0.000000000000000E+000
