 -2.500000000000000E-002  0.000000000000000E+000
 -2.400000000000000E-002  0.000000000000000E+000
 -2.300000000000000E-002  0.000000000000000E+000
 -2.200000000000000E-002  0.000000000000000E+000
 -2.100000000000000E-002  0.000000000000000E+000
 -2.000000000000000E-002  0.000000000000000E+000
 -1.900000000000000E-002  0.000000000000000E+000
 -1.800000000000000E-002  0.000000000000000E+000
 -1.700000000000000E-002  0.000000000000000E+000
 -1.600000000000000E-002  0.000000000000000E+000
 -1.500000000000000E-002  0.000000000000000E+000
 -1.400000000000000E-002  0.000000000000000E+000
 -1.300000000000000E-002  0.000000000000000E+000
 -1.200000000000000E-002  0.000000000000000E+000
 -1.100000000000000E-002  0.000000000000000E+000
 -1.000000000000000E-002  0.000000000000000E+000
 -9.000000000000001E-003  0.000000000000000E+000
 -8.000000000000000E-003  0.000000000000000E+000
 -6.999999999999999E-003   1.23557292784763     
 -6.000000000000002E-003   7.41988606052584     
 -5.000000000000001E-003   10.7064280167759     
 -4.000000000000000E-003   11.3297886668550     
 -3.000000000000003E-003   17.4818657113287     
 -2.000000000000002E-003   19.5337316246195     
 -1.000000000000001E-003   20.8092955313332     
  0.000000000000000E+000   15.5839604688762     
  1.000000000000001E-003   11.4098871421434     
  1.999999999999998E-003   14.3594634872086     
  2.999999999999999E-003   5.72227306398623     
  4.000000000000000E-003   1.81026832739621     
  4.999999999999998E-003   1.50982407270297     
  5.999999999999998E-003  0.806206093586652     
  6.999999999999999E-003  0.825088804814047     
  8.000000000000000E-003   2.05838808302005     
  9.000000000000001E-003   1.81540102684031     
  1.000000000000000E-002   1.57760587947005     
  1.100000000000000E-002   3.93433013480131     
  1.200000000000000E-002   3.62487357344112     
  1.300000000000000E-002   1.79592114177177     
  1.400000000000000E-002   1.26434334332389     
  1.500000000000000E-002  0.193826817331501     
  1.600000000000000E-002  0.000000000000000E+000
  1.700000000000000E-002  0.000000000000000E+000
  1.800000000000000E-002  0.000000000000000E+000
  1.900000000000000E-002  0.000000000000000E+000
  2.000000000000000E-002  0.000000000000000E+000
  2.100000000000000E-002  0.000000000000000E+000
  2.200000000000000E-002  0.000000000000000E+000
  2.300000000000000E-002  0.000000000000000E+000
  2.400000000000000E-002  0.000000000000000E+000
  2.500000000000000E-002  0.000000000000000E+000
