 -2.500000000000000E-002  0.000000000000000E+000
 -2.400000000000000E-002  0.000000000000000E+000
 -2.300000000000000E-002  0.000000000000000E+000
 -2.200000000000000E-002  0.000000000000000E+000
 -2.100000000000000E-002  0.000000000000000E+000
 -2.000000000000000E-002  0.000000000000000E+000
 -1.900000000000000E-002  0.000000000000000E+000
 -1.800000000000000E-002  0.000000000000000E+000
 -1.700000000000000E-002  0.251826443743070     
 -1.600000000000000E-002  0.450265959731323     
 -1.500000000000000E-002  0.438544579632519     
 -1.400000000000000E-002  0.855985392124822     
 -1.300000000000000E-002  0.803793929987993     
 -1.200000000000000E-002  0.803536304112821     
 -1.100000000000000E-002  0.383831259476374     
 -1.000000000000000E-002  0.517031192005026     
 -9.000000000000001E-003   1.21242663122564     
 -8.000000000000000E-003   1.71067215351854     
 -6.999999999999999E-003   1.99940894853477     
 -6.000000000000002E-003   7.81268101530849     
 -5.000000000000001E-003   10.9233406552917     
 -4.000000000000000E-003   17.2308867287883     
 -3.000000000000003E-003   12.0822361206447     
 -2.000000000000002E-003   11.4760425554925     
 -1.000000000000001E-003   11.4884411596878     
  0.000000000000000E+000   14.4534006017802     
  1.000000000000001E-003   13.8080936182619     
  1.999999999999998E-003   6.76085015322994     
  2.999999999999999E-003   7.94090763720147     
  4.000000000000000E-003   7.04846364886786     
  4.999999999999998E-003   9.66916181229881     
  5.999999999999998E-003   10.3811308734290     
  6.999999999999999E-003   7.17114823495857     
  8.000000000000000E-003   3.50396086891566     
  9.000000000000001E-003   1.23870965182117     
  1.000000000000000E-002   2.45526114874206     
  1.100000000000000E-002   2.66137464491666     
  1.200000000000000E-002  0.237996076270246     
  1.300000000000000E-002  0.000000000000000E+000
  1.400000000000000E-002  0.000000000000000E+000
  1.500000000000000E-002  0.000000000000000E+000
  1.600000000000000E-002  0.000000000000000E+000
  1.700000000000000E-002  0.000000000000000E+000
  1.800000000000000E-002  0.000000000000000E+000
  1.900000000000000E-002  0.000000000000000E+000
  2.000000000000000E-002  0.000000000000000E+000
  2.100000000000000E-002  0.000000000000000E+000
  2.200000000000000E-002  0.000000000000000E+000
  2.300000000000000E-002  0.000000000000000E+000
  2.400000000000000E-002  0.000000000000000E+000
  2.500000000000000E-002  0.000000000000000E+000
