 -2.500000000000000E-002  0.000000000000000E+000
 -2.400000000000000E-002  0.000000000000000E+000
 -2.300000000000000E-002  0.000000000000000E+000
 -2.200000000000000E-002  0.000000000000000E+000
 -2.100000000000000E-002  0.000000000000000E+000
 -2.000000000000000E-002  0.000000000000000E+000
 -1.900000000000000E-002  0.000000000000000E+000
 -1.800000000000000E-002  0.000000000000000E+000
 -1.700000000000000E-002  0.128431500939500     
 -1.600000000000000E-002  0.539334454872925     
 -1.500000000000000E-002   1.87102224041143     
 -1.400000000000000E-002  0.660521803776146     
 -1.300000000000000E-002  0.391072249032875     
 -1.200000000000000E-002  0.863205800825738     
 -1.100000000000000E-002   1.01269241443058     
 -1.000000000000000E-002   1.08794006823526     
 -9.000000000000001E-003  0.954745854542093     
 -8.000000000000000E-003   1.01328568036498     
 -6.999999999999999E-003  0.751349614653282     
 -6.000000000000002E-003   5.78245591922986     
 -5.000000000000001E-003   15.4574857812866     
 -4.000000000000000E-003   18.8846822935883     
 -3.000000000000003E-003   15.7336527634189     
 -2.000000000000002E-003   9.77835974685215     
 -1.000000000000001E-003   8.92994237563158     
  0.000000000000000E+000   11.1025246220871     
  1.000000000000001E-003   12.6967434729965     
  1.999999999999998E-003   6.17112704556342     
  2.999999999999999E-003   9.27587136683882     
  4.000000000000000E-003   5.86749571823265     
  4.999999999999998E-003   9.61083814202172     
  5.999999999999998E-003   10.9816612195113     
  6.999999999999999E-003   6.91993630720775     
  8.000000000000000E-003   3.30989185183568     
  9.000000000000001E-003   1.40580284345045     
  1.000000000000000E-002   1.79257657930444     
  1.100000000000000E-002   2.02007242461810     
  1.200000000000000E-002   1.65968007602848     
  1.300000000000000E-002   1.21585193876749     
  1.400000000000000E-002  0.825816946442401     
  1.500000000000000E-002  9.729888300153366E-002
  1.600000000000000E-002  0.000000000000000E+000
  1.700000000000000E-002  0.000000000000000E+000
  1.800000000000000E-002  0.000000000000000E+000
  1.900000000000000E-002  0.000000000000000E+000
  2.000000000000000E-002  0.000000000000000E+000
  2.100000000000000E-002  0.000000000000000E+000
  2.200000000000000E-002  0.000000000000000E+000
  2.300000000000000E-002  0.000000000000000E+000
  2.400000000000000E-002  0.000000000000000E+000
  2.500000000000000E-002  0.000000000000000E+000
