 -2.500000000000000E-002  0.000000000000000E+000
 -2.400000000000000E-002  0.000000000000000E+000
 -2.300000000000000E-002  0.000000000000000E+000
 -2.200000000000000E-002  0.000000000000000E+000
 -2.100000000000000E-002  0.000000000000000E+000
 -2.000000000000000E-002  0.000000000000000E+000
 -1.900000000000000E-002  0.000000000000000E+000
 -1.800000000000000E-002  0.000000000000000E+000
 -1.700000000000000E-002  0.000000000000000E+000
 -1.600000000000000E-002  0.000000000000000E+000
 -1.500000000000000E-002  0.000000000000000E+000
 -1.400000000000000E-002  0.000000000000000E+000
 -1.300000000000000E-002   2.11442491128676     
 -1.200000000000000E-002   4.50827857631218     
 -1.100000000000000E-002   4.10937149880484     
 -1.000000000000000E-002   3.18427658806546     
 -9.000000000000001E-003   1.99275464540982     
 -8.000000000000000E-003   1.58333929007701     
 -6.999999999999999E-003  0.711186950315528     
 -6.000000000000002E-003   1.61252059367928     
 -5.000000000000001E-003   1.63452706595832     
 -4.000000000000000E-003   1.52496312439384     
 -3.000000000000003E-003   2.33772906676380     
 -2.000000000000002E-003   3.66574942001465     
 -1.000000000000001E-003   2.60338727418704     
  0.000000000000000E+000   5.18933494861376     
  1.000000000000001E-003   18.9934334646524     
  1.999999999999998E-003   38.1341653388963     
  2.999999999999999E-003   27.1535720030396     
  4.000000000000000E-003   14.7729160529628     
  4.999999999999998E-003  0.285539186566598     
  5.999999999999998E-003  0.000000000000000E+000
  6.999999999999999E-003  0.000000000000000E+000
  8.000000000000000E-003  0.000000000000000E+000
  9.000000000000001E-003  0.000000000000000E+000
  1.000000000000000E-002  0.000000000000000E+000
  1.100000000000000E-002  0.000000000000000E+000
  1.200000000000000E-002  0.000000000000000E+000
  1.300000000000000E-002  0.000000000000000E+000
  1.400000000000000E-002  0.000000000000000E+000
  1.500000000000000E-002  0.000000000000000E+000
  1.600000000000000E-002  0.000000000000000E+000
  1.700000000000000E-002  0.000000000000000E+000
  1.800000000000000E-002  0.000000000000000E+000
  1.900000000000000E-002  0.000000000000000E+000
  2.000000000000000E-002  0.000000000000000E+000
  2.100000000000000E-002  0.000000000000000E+000
  2.200000000000000E-002  0.000000000000000E+000
  2.300000000000000E-002  0.000000000000000E+000
  2.400000000000000E-002  0.000000000000000E+000
  2.500000000000000E-002  0.000000000000000E+000
