 -2.500000000000000E-002  0.000000000000000E+000
 -2.400000000000000E-002  0.000000000000000E+000
 -2.300000000000000E-002  0.000000000000000E+000
 -2.200000000000000E-002  0.000000000000000E+000
 -2.100000000000000E-002  0.000000000000000E+000
 -2.000000000000000E-002  0.000000000000000E+000
 -1.900000000000000E-002  0.000000000000000E+000
 -1.800000000000000E-002  0.000000000000000E+000
 -1.700000000000000E-002  0.000000000000000E+000
 -1.600000000000000E-002  0.000000000000000E+000
 -1.500000000000000E-002  0.000000000000000E+000
 -1.400000000000000E-002  0.000000000000000E+000
 -1.300000000000000E-002  0.000000000000000E+000
 -1.200000000000000E-002  0.000000000000000E+000
 -1.100000000000000E-002  0.000000000000000E+000
 -1.000000000000000E-002  0.295506123223198     
 -9.000000000000001E-003   3.47210824752810     
 -8.000000000000000E-003   4.48611738110131     
 -6.999999999999999E-003   3.78492213656178     
 -6.000000000000002E-003   7.38127906629017     
 -5.000000000000001E-003   19.0063635714702     
 -4.000000000000000E-003   24.7113664690849     
 -3.000000000000003E-003   24.1433482698183     
 -2.000000000000002E-003   20.3451755320540     
 -1.000000000000001E-003   14.5233825305100     
  0.000000000000000E+000   17.2630417898549     
  1.000000000000001E-003   9.56944909808773     
  1.999999999999998E-003   8.57747711264303     
  2.999999999999999E-003   8.14013359763658     
  4.000000000000000E-003   4.08119140170996     
  4.999999999999998E-003   4.53240133725360     
  5.999999999999998E-003   4.97042491889878     
  6.999999999999999E-003   5.54343734582363     
  8.000000000000000E-003   5.11153401631985     
  9.000000000000001E-003   3.47555096961221     
  1.000000000000000E-002   7.02102730549464     
  1.100000000000000E-002   10.7374289060571     
  1.200000000000000E-002   3.09705643831973     
  1.300000000000000E-002  0.287876434646314     
  1.400000000000000E-002  0.000000000000000E+000
  1.500000000000000E-002  0.000000000000000E+000
  1.600000000000000E-002  0.000000000000000E+000
  1.700000000000000E-002  0.000000000000000E+000
  1.800000000000000E-002  0.000000000000000E+000
  1.900000000000000E-002  0.000000000000000E+000
  2.000000000000000E-002  0.000000000000000E+000
  2.100000000000000E-002  0.000000000000000E+000
  2.200000000000000E-002  0.000000000000000E+000
  2.300000000000000E-002  0.000000000000000E+000
  2.400000000000000E-002  0.000000000000000E+000
  2.500000000000000E-002  0.000000000000000E+000
