 -2.500000000000000E-002  0.000000000000000E+000
 -2.400000000000000E-002  0.000000000000000E+000
 -2.300000000000000E-002  0.000000000000000E+000
 -2.200000000000000E-002  0.000000000000000E+000
 -2.100000000000000E-002  0.000000000000000E+000
 -2.000000000000000E-002  0.000000000000000E+000
 -1.900000000000000E-002  0.000000000000000E+000
 -1.800000000000000E-002  0.000000000000000E+000
 -1.700000000000000E-002  0.000000000000000E+000
 -1.600000000000000E-002  0.000000000000000E+000
 -1.500000000000000E-002  0.000000000000000E+000
 -1.400000000000000E-002  0.000000000000000E+000
 -1.300000000000000E-002   3.68715043118988     
 -1.200000000000000E-002   5.83923489936261     
 -1.100000000000000E-002   3.66446237549425     
 -1.000000000000000E-002   2.38465681694863     
 -9.000000000000001E-003   1.99504179341442     
 -8.000000000000000E-003   2.82416303069657     
 -6.999999999999999E-003   3.07654636031755     
 -6.000000000000002E-003   3.06148368661414     
 -5.000000000000001E-003   8.44802742805732     
 -4.000000000000000E-003   8.61778933780641     
 -3.000000000000003E-003   9.37371851345209     
 -2.000000000000002E-003   3.10876447655332     
 -1.000000000000001E-003   5.90815134756998     
  0.000000000000000E+000   5.81468631193159     
  1.000000000000001E-003   1.83366680778125     
  1.999999999999998E-003   3.46432481527496     
  2.999999999999999E-003   2.09100149294781     
  4.000000000000000E-003   4.67578885463335     
  4.999999999999998E-003   4.06136352950449     
  5.999999999999998E-003   8.03698231616559     
  6.999999999999999E-003   5.75242018464883     
  8.000000000000000E-003   11.5260761091644     
  9.000000000000001E-003   7.03749491215389     
  1.000000000000000E-002   5.97126048138152     
  1.100000000000000E-002   1.93024368693515     
  1.200000000000000E-002  0.000000000000000E+000
  1.300000000000000E-002  0.000000000000000E+000
  1.400000000000000E-002  0.000000000000000E+000
  1.500000000000000E-002  0.000000000000000E+000
  1.600000000000000E-002  0.000000000000000E+000
  1.700000000000000E-002  0.000000000000000E+000
  1.800000000000000E-002  0.000000000000000E+000
  1.900000000000000E-002  0.000000000000000E+000
  2.000000000000000E-002  0.000000000000000E+000
  2.100000000000000E-002  0.000000000000000E+000
  2.200000000000000E-002  0.000000000000000E+000
  2.300000000000000E-002  0.000000000000000E+000
  2.400000000000000E-002  0.000000000000000E+000
  2.500000000000000E-002  0.000000000000000E+000
