 -2.500000000000000E-002  0.000000000000000E+000
 -2.400000000000000E-002  0.000000000000000E+000
 -2.300000000000000E-002  0.000000000000000E+000
 -2.200000000000000E-002  0.000000000000000E+000
 -2.100000000000000E-002  0.000000000000000E+000
 -2.000000000000000E-002  0.000000000000000E+000
 -1.900000000000000E-002  0.000000000000000E+000
 -1.800000000000000E-002  0.000000000000000E+000
 -1.700000000000000E-002  0.000000000000000E+000
 -1.600000000000000E-002  0.000000000000000E+000
 -1.500000000000000E-002  0.000000000000000E+000
 -1.400000000000000E-002  0.000000000000000E+000
 -1.300000000000000E-002  0.000000000000000E+000
 -1.200000000000000E-002  0.000000000000000E+000
 -1.100000000000000E-002  0.000000000000000E+000
 -1.000000000000000E-002   1.20161532643566     
 -9.000000000000001E-003   7.38054178976116     
 -8.000000000000000E-003   9.24000352361723     
 -6.999999999999999E-003   10.0749348646842     
 -6.000000000000002E-003   9.33632028577971     
 -5.000000000000001E-003   8.54224450992696     
 -4.000000000000000E-003   10.0885800568992     
 -3.000000000000003E-003   9.56872249067179     
 -2.000000000000002E-003   17.2016325419093     
 -1.000000000000001E-003   13.7000527322229     
  0.000000000000000E+000   10.6012589781891     
  1.000000000000001E-003   10.4829836036456     
  1.999999999999998E-003   4.51521368457872     
  2.999999999999999E-003   4.23528721927114     
  4.000000000000000E-003   8.18910536340567     
  4.999999999999998E-003   13.7084552892994     
  5.999999999999998E-003   16.5386435450528     
  6.999999999999999E-003   8.30305487107633     
  8.000000000000000E-003   5.44967685869317     
  9.000000000000001E-003   5.10737991406570     
  1.000000000000000E-002   5.22918128016889     
  1.100000000000000E-002  0.573031270645303     
  1.200000000000000E-002  0.000000000000000E+000
  1.300000000000000E-002  0.000000000000000E+000
  1.400000000000000E-002  0.000000000000000E+000
  1.500000000000000E-002  0.000000000000000E+000
  1.600000000000000E-002  0.000000000000000E+000
  1.700000000000000E-002  0.000000000000000E+000
  1.800000000000000E-002  0.000000000000000E+000
  1.900000000000000E-002  0.000000000000000E+000
  2.000000000000000E-002  0.000000000000000E+000
  2.100000000000000E-002  0.000000000000000E+000
  2.200000000000000E-002  0.000000000000000E+000
  2.300000000000000E-002  0.000000000000000E+000
  2.400000000000000E-002  0.000000000000000E+000
  2.500000000000000E-002  0.000000000000000E+000
