 -2.500000000000000E-002  0.000000000000000E+000
 -2.400000000000000E-002  0.000000000000000E+000
 -2.300000000000000E-002  0.000000000000000E+000
 -2.200000000000000E-002  0.000000000000000E+000
 -2.100000000000000E-002  0.000000000000000E+000
 -2.000000000000000E-002  0.000000000000000E+000
 -1.900000000000000E-002  0.000000000000000E+000
 -1.800000000000000E-002  0.207767923357149     
 -1.700000000000000E-002   1.27729214827483     
 -1.600000000000000E-002  0.281429928368024     
 -1.500000000000000E-002  0.861200049479394     
 -1.400000000000000E-002   1.52403474338221     
 -1.300000000000000E-002   1.05761897411188     
 -1.200000000000000E-002  0.404166233026518     
 -1.100000000000000E-002  0.219311619513301     
 -1.000000000000000E-002  0.367352194463751     
 -9.000000000000001E-003  0.977605672749343     
 -8.000000000000000E-003  0.928228405903987     
 -6.999999999999999E-003   2.01689286516080     
 -6.000000000000002E-003   3.24063483100721     
 -5.000000000000001E-003   4.16269863218739     
 -4.000000000000000E-003   6.33324721388274     
 -3.000000000000003E-003   15.4184833504397     
 -2.000000000000002E-003   19.4527667215579     
 -1.000000000000001E-003   17.8102536818295     
  0.000000000000000E+000   11.5432792593045     
  1.000000000000001E-003   12.6806225671704     
  1.999999999999998E-003   13.1550530681034     
  2.999999999999999E-003   4.67957353561335     
  4.000000000000000E-003   3.16637212461236     
  4.999999999999998E-003   3.37932327705020     
  5.999999999999998E-003   1.41420636969652     
  6.999999999999999E-003   1.89809779424665     
  8.000000000000000E-003   5.18842101763995     
  9.000000000000001E-003   2.83647595310168     
  1.000000000000000E-002   4.02037260565232     
  1.100000000000000E-002   5.14831733562017     
  1.200000000000000E-002   1.50559990349283     
  1.300000000000000E-002  0.000000000000000E+000
  1.400000000000000E-002  0.000000000000000E+000
  1.500000000000000E-002  0.000000000000000E+000
  1.600000000000000E-002  0.000000000000000E+000
  1.700000000000000E-002  0.000000000000000E+000
  1.800000000000000E-002  0.000000000000000E+000
  1.900000000000000E-002  0.000000000000000E+000
  2.000000000000000E-002  0.000000000000000E+000
  2.100000000000000E-002  0.000000000000000E+000
  2.200000000000000E-002  0.000000000000000E+000
  2.300000000000000E-002  0.000000000000000E+000
  2.400000000000000E-002  0.000000000000000E+000
  2.500000000000000E-002  0.000000000000000E+000
