 -2.500000000000000E-002  0.000000000000000E+000
 -2.400000000000000E-002  0.000000000000000E+000
 -2.300000000000000E-002  0.000000000000000E+000
 -2.200000000000000E-002  0.000000000000000E+000
 -2.100000000000000E-002  0.000000000000000E+000
 -2.000000000000000E-002  0.000000000000000E+000
 -1.900000000000000E-002  0.000000000000000E+000
 -1.800000000000000E-002  0.000000000000000E+000
 -1.700000000000000E-002  0.000000000000000E+000
 -1.600000000000000E-002  0.000000000000000E+000
 -1.500000000000000E-002  0.000000000000000E+000
 -1.400000000000000E-002  0.000000000000000E+000
 -1.300000000000000E-002  0.000000000000000E+000
 -1.200000000000000E-002  0.000000000000000E+000
 -1.100000000000000E-002  0.000000000000000E+000
 -1.000000000000000E-002  0.000000000000000E+000
 -9.000000000000001E-003  0.000000000000000E+000
 -8.000000000000000E-003  0.419581339538475     
 -6.999999999999999E-003   4.98986946114139     
 -6.000000000000002E-003   6.89788547994983     
 -5.000000000000001E-003   12.0922991601530     
 -4.000000000000000E-003   14.0486518720774     
 -3.000000000000003E-003   11.1127752237638     
 -2.000000000000002E-003   8.00520394646581     
 -1.000000000000001E-003   10.3735049714403     
  0.000000000000000E+000   8.97132339640993     
  1.000000000000001E-003   5.57693467411395     
  1.999999999999998E-003   9.76905009965356     
  2.999999999999999E-003   9.40547074134906     
  4.000000000000000E-003   8.31355877756521     
  4.999999999999998E-003   5.82160601016346     
  5.999999999999998E-003   3.85051642217406     
  6.999999999999999E-003   3.86659668672982     
  8.000000000000000E-003   6.49485290137873     
  9.000000000000001E-003   3.26547892831830     
  1.000000000000000E-002  0.880249907613916     
  1.100000000000000E-002  0.000000000000000E+000
  1.200000000000000E-002  0.000000000000000E+000
  1.300000000000000E-002  0.000000000000000E+000
  1.400000000000000E-002  0.000000000000000E+000
  1.500000000000000E-002  0.000000000000000E+000
  1.600000000000000E-002  0.000000000000000E+000
  1.700000000000000E-002  0.000000000000000E+000
  1.800000000000000E-002  0.000000000000000E+000
  1.900000000000000E-002  0.000000000000000E+000
  2.000000000000000E-002  0.000000000000000E+000
  2.100000000000000E-002  0.000000000000000E+000
  2.200000000000000E-002  0.000000000000000E+000
  2.300000000000000E-002  0.000000000000000E+000
  2.400000000000000E-002  0.000000000000000E+000
  2.500000000000000E-002  0.000000000000000E+000
