 -2.500000000000000E-002  0.000000000000000E+000
 -2.400000000000000E-002  0.000000000000000E+000
 -2.300000000000000E-002  0.000000000000000E+000
 -2.200000000000000E-002  0.000000000000000E+000
 -2.100000000000000E-002  0.000000000000000E+000
 -2.000000000000000E-002  0.000000000000000E+000
 -1.900000000000000E-002  0.000000000000000E+000
 -1.800000000000000E-002  0.000000000000000E+000
 -1.700000000000000E-002  0.000000000000000E+000
 -1.600000000000000E-002  0.000000000000000E+000
 -1.500000000000000E-002  0.000000000000000E+000
 -1.400000000000000E-002  0.000000000000000E+000
 -1.300000000000000E-002  0.000000000000000E+000
 -1.200000000000000E-002  0.000000000000000E+000
 -1.100000000000000E-002  0.000000000000000E+000
 -1.000000000000000E-002  0.000000000000000E+000
 -9.000000000000001E-003  0.000000000000000E+000
 -8.000000000000000E-003  0.000000000000000E+000
 -6.999999999999999E-003   1.47716494112740     
 -6.000000000000002E-003   7.68264743332657     
 -5.000000000000001E-003   11.2065958972864     
 -4.000000000000000E-003   11.3773287815971     
 -3.000000000000003E-003   18.9322183755836     
 -2.000000000000002E-003   25.3209273307919     
 -1.000000000000001E-003   25.5827070678856     
  0.000000000000000E+000   17.1981559147747     
  1.000000000000001E-003   13.1368740719646     
  1.999999999999998E-003   14.6908003817106     
  2.999999999999999E-003   7.38282777774712     
  4.000000000000000E-003   2.56564029324134     
  4.999999999999998E-003  0.532606151679205     
  5.999999999999998E-003  0.743807744982999     
  6.999999999999999E-003   1.27078362191561     
  8.000000000000000E-003   1.16492746021985     
  9.000000000000001E-003   1.97895490164862     
  1.000000000000000E-002   2.22749030847640     
  1.100000000000000E-002   4.02704721038154     
  1.200000000000000E-002   4.28071814959351     
  1.300000000000000E-002   2.36888076353786     
  1.400000000000000E-002   1.37700121843762     
  1.500000000000000E-002  8.454420208979796E-002
  1.600000000000000E-002  0.000000000000000E+000
  1.700000000000000E-002  0.000000000000000E+000
  1.800000000000000E-002  0.000000000000000E+000
  1.900000000000000E-002  0.000000000000000E+000
  2.000000000000000E-002  0.000000000000000E+000
  2.100000000000000E-002  0.000000000000000E+000
  2.200000000000000E-002  0.000000000000000E+000
  2.300000000000000E-002  0.000000000000000E+000
  2.400000000000000E-002  0.000000000000000E+000
  2.500000000000000E-002  0.000000000000000E+000
