 -2.500000000000000E-002  0.000000000000000E+000
 -2.400000000000000E-002  0.000000000000000E+000
 -2.300000000000000E-002  0.000000000000000E+000
 -2.200000000000000E-002  0.000000000000000E+000
 -2.100000000000000E-002  0.000000000000000E+000
 -2.000000000000000E-002  0.000000000000000E+000
 -1.900000000000000E-002  0.000000000000000E+000
 -1.800000000000000E-002  0.000000000000000E+000
 -1.700000000000000E-002  0.243542895170612     
 -1.600000000000000E-002  0.720252092829176     
 -1.500000000000000E-002   1.41114501200021     
 -1.400000000000000E-002  9.149683382410389E-003
 -1.300000000000000E-002   1.15223360954792     
 -1.200000000000000E-002  0.643637465828128     
 -1.100000000000000E-002  0.551713198451229     
 -1.000000000000000E-002   1.60509651185688     
 -9.000000000000001E-003  0.589625007738364     
 -8.000000000000000E-003  0.294364303392248     
 -6.999999999999999E-003  0.439447658477108     
 -6.000000000000002E-003  0.376110733873177     
 -5.000000000000001E-003   2.49589922270018     
 -4.000000000000000E-003   8.26095760739746     
 -3.000000000000003E-003   21.5771436204939     
 -2.000000000000002E-003   34.6815583515301     
 -1.000000000000001E-003   37.7171357600173     
  0.000000000000000E+000   26.0415364680603     
  1.000000000000001E-003   23.3983388196098     
  1.999999999999998E-003   22.9634012947969     
  2.999999999999999E-003   9.55866973958147     
  4.000000000000000E-003   1.58524704694211     
  4.999999999999998E-003   1.17892485720338     
  5.999999999999998E-003   1.97486110244308     
  6.999999999999999E-003   2.06002852834607     
  8.000000000000000E-003   2.24019292060305     
  9.000000000000001E-003   3.77004887576893     
  1.000000000000000E-002   2.37370682665080     
  1.100000000000000E-002   1.62313754632765     
  1.200000000000000E-002   2.93657385087842     
  1.300000000000000E-002   2.37214601750322     
  1.400000000000000E-002  0.698053370598615     
  1.500000000000000E-002  0.000000000000000E+000
  1.600000000000000E-002  0.000000000000000E+000
  1.700000000000000E-002  0.000000000000000E+000
  1.800000000000000E-002  0.000000000000000E+000
  1.900000000000000E-002  0.000000000000000E+000
  2.000000000000000E-002  0.000000000000000E+000
  2.100000000000000E-002  0.000000000000000E+000
  2.200000000000000E-002  0.000000000000000E+000
  2.300000000000000E-002  0.000000000000000E+000
  2.400000000000000E-002  0.000000000000000E+000
  2.500000000000000E-002  0.000000000000000E+000
