 -2.500000000000000E-002  0.000000000000000E+000
 -2.400000000000000E-002  0.000000000000000E+000
 -2.300000000000000E-002  0.000000000000000E+000
 -2.200000000000000E-002  0.000000000000000E+000
 -2.100000000000000E-002  0.000000000000000E+000
 -2.000000000000000E-002  0.000000000000000E+000
 -1.900000000000000E-002  0.000000000000000E+000
 -1.800000000000000E-002  0.000000000000000E+000
 -1.700000000000000E-002  0.000000000000000E+000
 -1.600000000000000E-002  0.000000000000000E+000
 -1.500000000000000E-002  0.000000000000000E+000
 -1.400000000000000E-002  0.000000000000000E+000
 -1.300000000000000E-002  0.000000000000000E+000
 -1.200000000000000E-002  0.000000000000000E+000
 -1.100000000000000E-002  0.000000000000000E+000
 -1.000000000000000E-002  0.000000000000000E+000
 -9.000000000000001E-003  0.000000000000000E+000
 -8.000000000000000E-003  0.461793839299929     
 -6.999999999999999E-003   3.43554277509549     
 -6.000000000000002E-003   7.20905568324758     
 -5.000000000000001E-003   14.0494078081245     
 -4.000000000000000E-003   23.2765870554222     
 -3.000000000000003E-003   22.2309535608683     
 -2.000000000000002E-003   25.6774033760678     
 -1.000000000000001E-003   20.6326435060475     
  0.000000000000000E+000   10.6393765376311     
  1.000000000000001E-003   11.1927997473183     
  1.999999999999998E-003   5.17260003780308     
  2.999999999999999E-003   3.62766908179741     
  4.000000000000000E-003   3.40168265965063     
  4.999999999999998E-003   2.73452532394040     
  5.999999999999998E-003   4.19760774405500     
  6.999999999999999E-003   3.01215341090549     
  8.000000000000000E-003   3.57767747930854     
  9.000000000000001E-003   5.12280292832954     
  1.000000000000000E-002   3.26749807718647     
  1.100000000000000E-002   6.41619084428118     
  1.200000000000000E-002   5.32493769868676     
  1.300000000000000E-002   1.79655985030914     
  1.400000000000000E-002  3.490097462362615E-002
  1.500000000000000E-002  0.000000000000000E+000
  1.600000000000000E-002  0.000000000000000E+000
  1.700000000000000E-002  0.000000000000000E+000
  1.800000000000000E-002  0.000000000000000E+000
  1.900000000000000E-002  0.000000000000000E+000
  2.000000000000000E-002  0.000000000000000E+000
  2.100000000000000E-002  0.000000000000000E+000
  2.200000000000000E-002  0.000000000000000E+000
  2.300000000000000E-002  0.000000000000000E+000
  2.400000000000000E-002  0.000000000000000E+000
  2.500000000000000E-002  0.000000000000000E+000
