 -2.500000000000000E-002  0.000000000000000E+000
 -2.400000000000000E-002  0.000000000000000E+000
 -2.300000000000000E-002  0.000000000000000E+000
 -2.200000000000000E-002  0.000000000000000E+000
 -2.100000000000000E-002  0.000000000000000E+000
 -2.000000000000000E-002  0.000000000000000E+000
 -1.900000000000000E-002  0.000000000000000E+000
 -1.800000000000000E-002  0.379592171536221     
 -1.700000000000000E-002   1.31137322875825     
 -1.600000000000000E-002  7.552459970552929E-002
 -1.500000000000000E-002   1.23576285423407     
 -1.400000000000000E-002   1.37703983349547     
 -1.300000000000000E-002  0.973216069713388     
 -1.200000000000000E-002  0.261001242557077     
 -1.100000000000000E-002  0.259701134122644     
 -1.000000000000000E-002  0.394311142826657     
 -9.000000000000001E-003   1.13754603338902     
 -8.000000000000000E-003  0.774558802839192     
 -6.999999999999999E-003  0.475498760618944     
 -6.000000000000002E-003  0.560844189825031     
 -5.000000000000001E-003   2.56667863561573     
 -4.000000000000000E-003   12.8086162373582     
 -3.000000000000003E-003   18.5283896627192     
 -2.000000000000002E-003   23.6566961380511     
 -1.000000000000001E-003   19.2489758224296     
  0.000000000000000E+000   17.0628823246571     
  1.000000000000001E-003   16.5499129728637     
  1.999999999999998E-003   12.1024249984289     
  2.999999999999999E-003   3.83384792310839     
  4.000000000000000E-003   2.16079901551668     
  4.999999999999998E-003   3.70095188440314     
  5.999999999999998E-003   1.55789366207273     
  6.999999999999999E-003   2.54550398756742     
  8.000000000000000E-003   4.23301225066629     
  9.000000000000001E-003   3.36726165315755     
  1.000000000000000E-002   2.51092801915598     
  1.100000000000000E-002   5.45093943372787     
  1.200000000000000E-002   3.07965867151713     
  1.300000000000000E-002  0.337186643361729     
  1.400000000000000E-002  0.000000000000000E+000
  1.500000000000000E-002  0.000000000000000E+000
  1.600000000000000E-002  0.000000000000000E+000
  1.700000000000000E-002  0.000000000000000E+000
  1.800000000000000E-002  0.000000000000000E+000
  1.900000000000000E-002  0.000000000000000E+000
  2.000000000000000E-002  0.000000000000000E+000
  2.100000000000000E-002  0.000000000000000E+000
  2.200000000000000E-002  0.000000000000000E+000
  2.300000000000000E-002  0.000000000000000E+000
  2.400000000000000E-002  0.000000000000000E+000
  2.500000000000000E-002  0.000000000000000E+000
