 -2.500000000000000E-002  0.000000000000000E+000
 -2.400000000000000E-002  0.000000000000000E+000
 -2.300000000000000E-002  0.000000000000000E+000
 -2.200000000000000E-002  0.000000000000000E+000
 -2.100000000000000E-002  0.000000000000000E+000
 -2.000000000000000E-002  0.000000000000000E+000
 -1.900000000000000E-002  0.000000000000000E+000
 -1.800000000000000E-002  0.000000000000000E+000
 -1.700000000000000E-002  0.000000000000000E+000
 -1.600000000000000E-002  0.000000000000000E+000
 -1.500000000000000E-002  0.000000000000000E+000
 -1.400000000000000E-002  0.000000000000000E+000
 -1.300000000000000E-002  0.000000000000000E+000
 -1.200000000000000E-002  0.000000000000000E+000
 -1.100000000000000E-002  0.000000000000000E+000
 -1.000000000000000E-002  0.000000000000000E+000
 -9.000000000000001E-003  0.000000000000000E+000
 -8.000000000000000E-003  0.460857535701686     
 -6.999999999999999E-003   3.40790918186566     
 -6.000000000000002E-003   7.24414625391514     
 -5.000000000000001E-003   12.3245609017823     
 -4.000000000000000E-003   19.8889132255166     
 -3.000000000000003E-003   28.3983538654674     
 -2.000000000000002E-003   34.9169527656235     
 -1.000000000000001E-003   31.0939038323912     
  0.000000000000000E+000   17.1615942088150     
  1.000000000000001E-003   13.3208095131683     
  1.999999999999998E-003   13.8687676382441     
  2.999999999999999E-003   5.32438318434974     
  4.000000000000000E-003   3.58948861516039     
  4.999999999999998E-003   2.73512339902604     
  5.999999999999998E-003   4.16920011479629     
  6.999999999999999E-003   2.97734458528916     
  8.000000000000000E-003   3.62641121616882     
  9.000000000000001E-003   5.05067726446826     
  1.000000000000000E-002   3.41958684159690     
  1.100000000000000E-002   6.58674519977730     
  1.200000000000000E-002   5.30052805431401     
  1.300000000000000E-002   1.57374582333358     
  1.400000000000000E-002  2.678677922874763E-002
  1.500000000000000E-002  0.000000000000000E+000
  1.600000000000000E-002  0.000000000000000E+000
  1.700000000000000E-002  0.000000000000000E+000
  1.800000000000000E-002  0.000000000000000E+000
  1.900000000000000E-002  0.000000000000000E+000
  2.000000000000000E-002  0.000000000000000E+000
  2.100000000000000E-002  0.000000000000000E+000
  2.200000000000000E-002  0.000000000000000E+000
  2.300000000000000E-002  0.000000000000000E+000
  2.400000000000000E-002  0.000000000000000E+000
  2.500000000000000E-002  0.000000000000000E+000
