 -2.500000000000000E-002  0.000000000000000E+000
 -2.400000000000000E-002  0.000000000000000E+000
 -2.300000000000000E-002  0.000000000000000E+000
 -2.200000000000000E-002  0.000000000000000E+000
 -2.100000000000000E-002  0.000000000000000E+000
 -2.000000000000000E-002  0.000000000000000E+000
 -1.900000000000000E-002  0.000000000000000E+000
 -1.800000000000000E-002  0.000000000000000E+000
 -1.700000000000000E-002  0.000000000000000E+000
 -1.600000000000000E-002  0.000000000000000E+000
 -1.500000000000000E-002  0.000000000000000E+000
 -1.400000000000000E-002  0.000000000000000E+000
 -1.300000000000000E-002  0.000000000000000E+000
 -1.200000000000000E-002  0.000000000000000E+000
 -1.100000000000000E-002  0.000000000000000E+000
 -1.000000000000000E-002  0.259477875671522     
 -9.000000000000001E-003   3.16290342234928     
 -8.000000000000000E-003   3.60381430237172     
 -6.999999999999999E-003   2.54694368747537     
 -6.000000000000002E-003   3.12546163923687     
 -5.000000000000001E-003   4.49635459230218     
 -4.000000000000000E-003   13.0455323391440     
 -3.000000000000003E-003   25.3504946429113     
 -2.000000000000002E-003   24.2739949446134     
 -1.000000000000001E-003   19.4343189649502     
  0.000000000000000E+000   18.4744054042282     
  1.000000000000001E-003   12.4824839571577     
  1.999999999999998E-003   4.63461374095861     
  2.999999999999999E-003   1.91271126246565     
  4.000000000000000E-003   1.30066832871396     
  4.999999999999998E-003   2.44622111924929     
  5.999999999999998E-003   3.28117313607678     
  6.999999999999999E-003   1.77713651456137     
  8.000000000000000E-003   3.03388889170975     
  9.000000000000001E-003   4.15077784780710     
  1.000000000000000E-002   7.14408942687906     
  1.100000000000000E-002   4.74491692080310     
  1.200000000000000E-002   3.15103555821507     
  1.300000000000000E-002  0.921321480148520     
  1.400000000000000E-002  0.000000000000000E+000
  1.500000000000000E-002  0.000000000000000E+000
  1.600000000000000E-002  0.000000000000000E+000
  1.700000000000000E-002  0.000000000000000E+000
  1.800000000000000E-002  0.000000000000000E+000
  1.900000000000000E-002  0.000000000000000E+000
  2.000000000000000E-002  0.000000000000000E+000
  2.100000000000000E-002  0.000000000000000E+000
  2.200000000000000E-002  0.000000000000000E+000
  2.300000000000000E-002  0.000000000000000E+000
  2.400000000000000E-002  0.000000000000000E+000
  2.500000000000000E-002  0.000000000000000E+000
