 -2.500000000000000E-002  0.000000000000000E+000
 -2.400000000000000E-002  0.000000000000000E+000
 -2.300000000000000E-002  0.000000000000000E+000
 -2.200000000000000E-002  0.000000000000000E+000
 -2.100000000000000E-002  0.000000000000000E+000
 -2.000000000000000E-002  0.000000000000000E+000
 -1.900000000000000E-002  0.000000000000000E+000
 -1.800000000000000E-002  0.000000000000000E+000
 -1.700000000000000E-002  0.000000000000000E+000
 -1.600000000000000E-002  0.000000000000000E+000
 -1.500000000000000E-002  0.000000000000000E+000
 -1.400000000000000E-002  0.000000000000000E+000
 -1.300000000000000E-002  0.000000000000000E+000
 -1.200000000000000E-002  0.000000000000000E+000
 -1.100000000000000E-002  0.000000000000000E+000
 -1.000000000000000E-002  0.000000000000000E+000
 -9.000000000000001E-003  0.000000000000000E+000
 -8.000000000000000E-003  0.000000000000000E+000
 -6.999999999999999E-003   2.01309134890632     
 -6.000000000000002E-003   9.71401299553541     
 -5.000000000000001E-003   13.7360533461801     
 -4.000000000000000E-003   16.0208734921985     
 -3.000000000000003E-003   20.4358168459126     
 -2.000000000000002E-003   26.4700295914626     
 -1.000000000000001E-003   25.6252638429050     
  0.000000000000000E+000   21.0567902781009     
  1.000000000000001E-003   23.9054368926702     
  1.999999999999998E-003   22.3939137691614     
  2.999999999999999E-003   16.6674221032432     
  4.000000000000000E-003   12.5406888144662     
  4.999999999999998E-003   2.82106281328688     
  5.999999999999998E-003   1.72475769226672     
  6.999999999999999E-003   1.97818106121242     
  8.000000000000000E-003   2.30703521697625     
  9.000000000000001E-003   2.70908125736507     
  1.000000000000000E-002   1.39449773751664     
  1.100000000000000E-002   5.33736578355886     
  1.200000000000000E-002   1.61646511707459     
  1.300000000000000E-002  0.000000000000000E+000
  1.400000000000000E-002  0.000000000000000E+000
  1.500000000000000E-002  0.000000000000000E+000
  1.600000000000000E-002  0.000000000000000E+000
  1.700000000000000E-002  0.000000000000000E+000
  1.800000000000000E-002  0.000000000000000E+000
  1.900000000000000E-002  0.000000000000000E+000
  2.000000000000000E-002  0.000000000000000E+000
  2.100000000000000E-002  0.000000000000000E+000
  2.200000000000000E-002  0.000000000000000E+000
  2.300000000000000E-002  0.000000000000000E+000
  2.400000000000000E-002  0.000000000000000E+000
  2.500000000000000E-002  0.000000000000000E+000
