 -2.500000000000000E-002  0.000000000000000E+000
 -2.400000000000000E-002  0.000000000000000E+000
 -2.300000000000000E-002  0.000000000000000E+000
 -2.200000000000000E-002  0.000000000000000E+000
 -2.100000000000000E-002  0.000000000000000E+000
 -2.000000000000000E-002  0.000000000000000E+000
 -1.900000000000000E-002  0.000000000000000E+000
 -1.800000000000000E-002  0.000000000000000E+000
 -1.700000000000000E-002  0.000000000000000E+000
 -1.600000000000000E-002  0.000000000000000E+000
 -1.500000000000000E-002  0.000000000000000E+000
 -1.400000000000000E-002  0.000000000000000E+000
 -1.300000000000000E-002  0.000000000000000E+000
 -1.200000000000000E-002  0.000000000000000E+000
 -1.100000000000000E-002  0.000000000000000E+000
 -1.000000000000000E-002  0.000000000000000E+000
 -9.000000000000001E-003  0.000000000000000E+000
 -8.000000000000000E-003  0.547851231994039     
 -6.999999999999999E-003   3.56911823204736     
 -6.000000000000002E-003   8.08648961916853     
 -5.000000000000001E-003   18.1027038625407     
 -4.000000000000000E-003   27.6180477694766     
 -3.000000000000003E-003   36.1485688735698     
 -2.000000000000002E-003   40.4716295822843     
 -1.000000000000001E-003   34.6846938615533     
  0.000000000000000E+000   21.4433752344123     
  1.000000000000001E-003   16.0666833612248     
  1.999999999999998E-003   15.2787538352605     
  2.999999999999999E-003   6.44846969372744     
  4.000000000000000E-003   5.03144027327616     
  4.999999999999998E-003   3.18734337725293     
  5.999999999999998E-003   4.63989106574954     
  6.999999999999999E-003   3.62952544611125     
  8.000000000000000E-003   5.93895327564814     
  9.000000000000001E-003   6.41766007039926     
  1.000000000000000E-002   5.32592925031536     
  1.100000000000000E-002   8.43827662611262     
  1.200000000000000E-002   4.65589398376758     
  1.300000000000000E-002   2.87523660560753     
  1.400000000000000E-002  5.691486849998251E-002
  1.500000000000000E-002  0.000000000000000E+000
  1.600000000000000E-002  0.000000000000000E+000
  1.700000000000000E-002  0.000000000000000E+000
  1.800000000000000E-002  0.000000000000000E+000
  1.900000000000000E-002  0.000000000000000E+000
  2.000000000000000E-002  0.000000000000000E+000
  2.100000000000000E-002  0.000000000000000E+000
  2.200000000000000E-002  0.000000000000000E+000
  2.300000000000000E-002  0.000000000000000E+000
  2.400000000000000E-002  0.000000000000000E+000
  2.500000000000000E-002  0.000000000000000E+000
