 -2.500000000000000E-002  0.000000000000000E+000
 -2.400000000000000E-002  0.000000000000000E+000
 -2.300000000000000E-002  0.000000000000000E+000
 -2.200000000000000E-002  0.000000000000000E+000
 -2.100000000000000E-002  0.000000000000000E+000
 -2.000000000000000E-002  0.000000000000000E+000
 -1.900000000000000E-002  0.000000000000000E+000
 -1.800000000000000E-002  0.000000000000000E+000
 -1.700000000000000E-002  0.000000000000000E+000
 -1.600000000000000E-002  0.521147652174579     
 -1.500000000000000E-002   1.22708626529922     
 -1.400000000000000E-002   1.03888608252620     
 -1.300000000000000E-002  0.537611673878554     
 -1.200000000000000E-002  0.649332247103049     
 -1.100000000000000E-002   1.00790889798576     
 -1.000000000000000E-002   1.19921374263593     
 -9.000000000000001E-003  0.742541664544427     
 -8.000000000000000E-003  0.964536022769111     
 -6.999999999999999E-003   1.04795296503070     
 -6.000000000000002E-003   1.97692198890798     
 -5.000000000000001E-003   4.56595721719014     
 -4.000000000000000E-003   11.4706193626336     
 -3.000000000000003E-003   26.4127935695778     
 -2.000000000000002E-003   33.9923956994790     
 -1.000000000000001E-003   34.8760602700334     
  0.000000000000000E+000   24.9392338372031     
  1.000000000000001E-003   18.6268088474886     
  1.999999999999998E-003   17.7288226410238     
  2.999999999999999E-003   7.64767867420186     
  4.000000000000000E-003   2.67912505605470     
  4.999999999999998E-003   1.97893912236919     
  5.999999999999998E-003   2.41166570405724     
  6.999999999999999E-003   1.05201005662081     
  8.000000000000000E-003   1.93032875485833     
  9.000000000000001E-003   2.41515236949832     
  1.000000000000000E-002   4.21079778225961     
  1.100000000000000E-002   2.98167857102356     
  1.200000000000000E-002   2.72422652150960     
  1.300000000000000E-002   4.18235809844715     
  1.400000000000000E-002   2.18099703932559     
  1.500000000000000E-002  0.610211602289115     
  1.600000000000000E-002  0.000000000000000E+000
  1.700000000000000E-002  0.000000000000000E+000
  1.800000000000000E-002  0.000000000000000E+000
  1.900000000000000E-002  0.000000000000000E+000
  2.000000000000000E-002  0.000000000000000E+000
  2.100000000000000E-002  0.000000000000000E+000
  2.200000000000000E-002  0.000000000000000E+000
  2.300000000000000E-002  0.000000000000000E+000
  2.400000000000000E-002  0.000000000000000E+000
  2.500000000000000E-002  0.000000000000000E+000
