 -2.500000000000000E-002  0.000000000000000E+000
 -2.400000000000000E-002  0.000000000000000E+000
 -2.300000000000000E-002  0.000000000000000E+000
 -2.200000000000000E-002  0.000000000000000E+000
 -2.100000000000000E-002  0.000000000000000E+000
 -2.000000000000000E-002  0.000000000000000E+000
 -1.900000000000000E-002  0.000000000000000E+000
 -1.800000000000000E-002  0.000000000000000E+000
 -1.700000000000000E-002  0.000000000000000E+000
 -1.600000000000000E-002  0.000000000000000E+000
 -1.500000000000000E-002  0.000000000000000E+000
 -1.400000000000000E-002  0.000000000000000E+000
 -1.300000000000000E-002  0.000000000000000E+000
 -1.200000000000000E-002  0.000000000000000E+000
 -1.100000000000000E-002  0.000000000000000E+000
 -1.000000000000000E-002  0.000000000000000E+000
 -9.000000000000001E-003   1.14494969271487     
 -8.000000000000000E-003   4.77318104479935     
 -6.999999999999999E-003   4.49414386214002     
 -6.000000000000002E-003   4.07200831104753     
 -5.000000000000001E-003   8.12578446439239     
 -4.000000000000000E-003   15.4817249764268     
 -3.000000000000003E-003   16.1805630850955     
 -2.000000000000002E-003   15.3334644013424     
 -1.000000000000001E-003   13.3681746463952     
  0.000000000000000E+000   9.83570471381982     
  1.000000000000001E-003   9.01765583613465     
  1.999999999999998E-003   9.87785969398137     
  2.999999999999999E-003   2.51348284317759     
  4.000000000000000E-003  0.908192428532480     
  4.999999999999998E-003   1.96541178511986     
  5.999999999999998E-003  0.926546365948069     
  6.999999999999999E-003   2.55485374839926     
  8.000000000000000E-003   2.60806577378682     
  9.000000000000001E-003   4.75595452581284     
  1.000000000000000E-002   5.42153517167530     
  1.100000000000000E-002   4.60449831035989     
  1.200000000000000E-002   3.49528035768077     
  1.300000000000000E-002   1.06411396121718     
  1.400000000000000E-002  0.000000000000000E+000
  1.500000000000000E-002  0.000000000000000E+000
  1.600000000000000E-002  0.000000000000000E+000
  1.700000000000000E-002  0.000000000000000E+000
  1.800000000000000E-002  0.000000000000000E+000
  1.900000000000000E-002  0.000000000000000E+000
  2.000000000000000E-002  0.000000000000000E+000
  2.100000000000000E-002  0.000000000000000E+000
  2.200000000000000E-002  0.000000000000000E+000
  2.300000000000000E-002  0.000000000000000E+000
  2.400000000000000E-002  0.000000000000000E+000
  2.500000000000000E-002  0.000000000000000E+000
