 -2.500000000000000E-002  0.000000000000000E+000
 -2.400000000000000E-002  0.000000000000000E+000
 -2.300000000000000E-002  0.000000000000000E+000
 -2.200000000000000E-002  0.000000000000000E+000
 -2.100000000000000E-002  0.000000000000000E+000
 -2.000000000000000E-002  0.000000000000000E+000
 -1.900000000000000E-002  0.325636204313332     
 -1.800000000000000E-002   1.74930015656375     
 -1.700000000000000E-002   2.64112782482271     
 -1.600000000000000E-002   1.21352158972346     
 -1.500000000000000E-002   1.18992542633958     
 -1.400000000000000E-002   2.40598865240736     
 -1.300000000000000E-002   1.93514609065589     
 -1.200000000000000E-002   2.37160804742160     
 -1.100000000000000E-002   1.60551552746035     
 -1.000000000000000E-002   2.05654410158504     
 -9.000000000000001E-003   2.26651277821650     
 -8.000000000000000E-003   1.62997701503779     
 -6.999999999999999E-003   2.52179893748240     
 -6.000000000000002E-003   7.42234812450352     
 -5.000000000000001E-003   7.29850405020723     
 -4.000000000000000E-003   5.73161334158323     
 -3.000000000000003E-003   4.20974901162688     
 -2.000000000000002E-003   4.23203101551170     
 -1.000000000000001E-003   5.95657560847782     
  0.000000000000000E+000   4.86623923693017     
  1.000000000000001E-003   6.47260807037719     
  1.999999999999998E-003   2.51192096087233     
  2.999999999999999E-003   9.42033939564594     
  4.000000000000000E-003   10.0408043258579     
  4.999999999999998E-003   13.4955326371172     
  5.999999999999998E-003   12.0184853432946     
  6.999999999999999E-003   8.55665935405281     
  8.000000000000000E-003   2.61509056682807     
  9.000000000000001E-003   3.85486728469218     
  1.000000000000000E-002   4.96112911436377     
  1.100000000000000E-002   3.54167249074722     
  1.200000000000000E-002  3.745771528045538E-002
  1.300000000000000E-002  0.000000000000000E+000
  1.400000000000000E-002  0.000000000000000E+000
  1.500000000000000E-002  0.000000000000000E+000
  1.600000000000000E-002  0.000000000000000E+000
  1.700000000000000E-002  0.000000000000000E+000
  1.800000000000000E-002  0.000000000000000E+000
  1.900000000000000E-002  0.000000000000000E+000
  2.000000000000000E-002  0.000000000000000E+000
  2.100000000000000E-002  0.000000000000000E+000
  2.200000000000000E-002  0.000000000000000E+000
  2.300000000000000E-002  0.000000000000000E+000
  2.400000000000000E-002  0.000000000000000E+000
  2.500000000000000E-002  0.000000000000000E+000
