 -2.500000000000000E-002  0.000000000000000E+000
 -2.400000000000000E-002  0.000000000000000E+000
 -2.300000000000000E-002  0.000000000000000E+000
 -2.200000000000000E-002  0.000000000000000E+000
 -2.100000000000000E-002  0.000000000000000E+000
 -2.000000000000000E-002  0.000000000000000E+000
 -1.900000000000000E-002  0.263017994772723     
 -1.800000000000000E-002   1.32428253411557     
 -1.700000000000000E-002  0.179189471111705     
 -1.600000000000000E-002   1.04456646637318     
 -1.500000000000000E-002   1.57693449046884     
 -1.400000000000000E-002  0.940271399327396     
 -1.300000000000000E-002  0.265617643830582     
 -1.200000000000000E-002  0.232400125168968     
 -1.100000000000000E-002  0.389069894618277     
 -1.000000000000000E-002   1.19862685982619     
 -9.000000000000001E-003  0.942273132736850     
 -8.000000000000000E-003   5.89518179104930     
 -6.999999999999999E-003   10.0089801713290     
 -6.000000000000002E-003   6.92802187565627     
 -5.000000000000001E-003   4.22740425083262     
 -4.000000000000000E-003   4.74232191945528     
 -3.000000000000003E-003   7.98165740886112     
 -2.000000000000002E-003   10.4812975767865     
 -1.000000000000001E-003   11.2043327117190     
  0.000000000000000E+000   13.1274468097515     
  1.000000000000001E-003   11.9020460221622     
  1.999999999999998E-003   10.5265607078744     
  2.999999999999999E-003   4.59018433527136     
  4.000000000000000E-003   5.79351036700496     
  4.999999999999998E-003   3.38381896272001     
  5.999999999999998E-003   3.16968546099823     
  6.999999999999999E-003   6.70583967234284     
  8.000000000000000E-003   2.10837921421306     
  9.000000000000001E-003   2.21195925397403     
  1.000000000000000E-002   7.60621944734722     
  1.100000000000000E-002   3.98850535914604     
  1.200000000000000E-002   1.38097988662937     
  1.300000000000000E-002  0.685644777415370     
  1.400000000000000E-002   1.24413694524057     
  1.500000000000000E-002  0.803853123758962     
  1.600000000000000E-002  0.401761936110531     
  1.700000000000000E-002  0.000000000000000E+000
  1.800000000000000E-002  0.000000000000000E+000
  1.900000000000000E-002  0.000000000000000E+000
  2.000000000000000E-002  0.000000000000000E+000
  2.100000000000000E-002  0.000000000000000E+000
  2.200000000000000E-002  0.000000000000000E+000
  2.300000000000000E-002  0.000000000000000E+000
  2.400000000000000E-002  0.000000000000000E+000
  2.500000000000000E-002  0.000000000000000E+000
