 -2.500000000000000E-002  0.000000000000000E+000
 -2.400000000000000E-002  0.000000000000000E+000
 -2.300000000000000E-002  0.000000000000000E+000
 -2.200000000000000E-002  0.000000000000000E+000
 -2.100000000000000E-002  0.000000000000000E+000
 -2.000000000000000E-002  0.000000000000000E+000
 -1.900000000000000E-002  0.000000000000000E+000
 -1.800000000000000E-002  0.000000000000000E+000
 -1.700000000000000E-002  0.000000000000000E+000
 -1.600000000000000E-002  6.777398814480518E-002
 -1.500000000000000E-002  0.344406011855194     
 -1.400000000000000E-002   1.66455202694301     
 -1.300000000000000E-002  0.458853883623139     
 -1.200000000000000E-002  0.460805440869300     
 -1.100000000000000E-002  0.617087792707434     
 -1.000000000000000E-002   1.79323329420634     
 -9.000000000000001E-003  0.687276373569538     
 -8.000000000000000E-003  0.596609177902494     
 -6.999999999999999E-003   1.09811734400359     
 -6.000000000000002E-003   1.23598227012228     
 -5.000000000000001E-003   2.19172792911442     
 -4.000000000000000E-003   9.25855809678328     
 -3.000000000000003E-003   13.0779319419275     
 -2.000000000000002E-003   14.9062150282064     
 -1.000000000000001E-003   9.65990669473717     
  0.000000000000000E+000   8.37868503139330     
  1.000000000000001E-003   12.0754102198224     
  1.999999999999998E-003   9.33288260423442     
  2.999999999999999E-003   2.46648389400230     
  4.000000000000000E-003   1.49847960953589     
  4.999999999999998E-003  0.991098857666311     
  5.999999999999998E-003   1.22914582720559     
  6.999999999999999E-003  0.857289598540294     
  8.000000000000000E-003  0.401674549047620     
  9.000000000000001E-003  0.954822287430561     
  1.000000000000000E-002  0.628859444423410     
  1.100000000000000E-002   2.31123780907544     
  1.200000000000000E-002   1.86462103180700     
  1.300000000000000E-002   1.17584684083748     
  1.400000000000000E-002   1.97328670660958     
  1.500000000000000E-002   2.39768004294561     
  1.600000000000000E-002  0.543328350706828     
  1.700000000000000E-002  0.000000000000000E+000
  1.800000000000000E-002  0.000000000000000E+000
  1.900000000000000E-002  0.000000000000000E+000
  2.000000000000000E-002  0.000000000000000E+000
  2.100000000000000E-002  0.000000000000000E+000
  2.200000000000000E-002  0.000000000000000E+000
  2.300000000000000E-002  0.000000000000000E+000
  2.400000000000000E-002  0.000000000000000E+000
  2.500000000000000E-002  0.000000000000000E+000
