 -2.500000000000000E-002  0.000000000000000E+000
 -2.400000000000000E-002  0.000000000000000E+000
 -2.300000000000000E-002  0.000000000000000E+000
 -2.200000000000000E-002  0.000000000000000E+000
 -2.100000000000000E-002  0.000000000000000E+000
 -2.000000000000000E-002  0.000000000000000E+000
 -1.900000000000000E-002  0.000000000000000E+000
 -1.800000000000000E-002  0.000000000000000E+000
 -1.700000000000000E-002  0.292186164262299     
 -1.600000000000000E-002   1.56867968564605     
 -1.500000000000000E-002   2.11296900441830     
 -1.400000000000000E-002   1.61734543009747     
 -1.300000000000000E-002   1.82087672960983     
 -1.200000000000000E-002   1.66751049250923     
 -1.100000000000000E-002   1.17467347484880     
 -1.000000000000000E-002   3.93558114810184     
 -9.000000000000001E-003   2.58727905004845     
 -8.000000000000000E-003   2.24022542126687     
 -6.999999999999999E-003   5.55521763918111     
 -6.000000000000002E-003   11.9536512564262     
 -5.000000000000001E-003   16.8345766410103     
 -4.000000000000000E-003   15.8823703500575     
 -3.000000000000003E-003   13.1700973121986     
 -2.000000000000002E-003   11.0262083890818     
 -1.000000000000001E-003   10.7933654459390     
  0.000000000000000E+000   14.0444559968342     
  1.000000000000001E-003   9.55880435745901     
  1.999999999999998E-003   7.64820194205623     
  2.999999999999999E-003   13.6607436867962     
  4.000000000000000E-003   22.7330916348122     
  4.999999999999998E-003   13.2826299993813     
  5.999999999999998E-003   17.6395028236585     
  6.999999999999999E-003   14.4967552411938     
  8.000000000000000E-003   12.7216322184576     
  9.000000000000001E-003   1.73428846464744     
  1.000000000000000E-002  0.000000000000000E+000
  1.100000000000000E-002  0.000000000000000E+000
  1.200000000000000E-002  0.000000000000000E+000
  1.300000000000000E-002  0.000000000000000E+000
  1.400000000000000E-002  0.000000000000000E+000
  1.500000000000000E-002  0.000000000000000E+000
  1.600000000000000E-002  0.000000000000000E+000
  1.700000000000000E-002  0.000000000000000E+000
  1.800000000000000E-002  0.000000000000000E+000
  1.900000000000000E-002  0.000000000000000E+000
  2.000000000000000E-002  0.000000000000000E+000
  2.100000000000000E-002  0.000000000000000E+000
  2.200000000000000E-002  0.000000000000000E+000
  2.300000000000000E-002  0.000000000000000E+000
  2.400000000000000E-002  0.000000000000000E+000
  2.500000000000000E-002  0.000000000000000E+000
