 -2.500000000000000E-002  0.000000000000000E+000
 -2.400000000000000E-002  0.000000000000000E+000
 -2.300000000000000E-002  0.000000000000000E+000
 -2.200000000000000E-002  0.000000000000000E+000
 -2.100000000000000E-002  0.000000000000000E+000
 -2.000000000000000E-002  0.000000000000000E+000
 -1.900000000000000E-002  0.000000000000000E+000
 -1.800000000000000E-002  0.000000000000000E+000
 -1.700000000000000E-002  0.000000000000000E+000
 -1.600000000000000E-002  0.000000000000000E+000
 -1.500000000000000E-002  0.000000000000000E+000
 -1.400000000000000E-002  0.000000000000000E+000
 -1.300000000000000E-002  0.000000000000000E+000
 -1.200000000000000E-002  0.000000000000000E+000
 -1.100000000000000E-002  0.000000000000000E+000
 -1.000000000000000E-002  0.000000000000000E+000
 -9.000000000000001E-003  0.000000000000000E+000
 -8.000000000000000E-003   1.47392493608718     
 -6.999999999999999E-003   4.60689928364175     
 -6.000000000000002E-003   6.11404634073902     
 -5.000000000000001E-003   8.13309662983148     
 -4.000000000000000E-003   10.5195109454061     
 -3.000000000000003E-003   26.3825535992578     
 -2.000000000000002E-003   34.7734471769889     
 -1.000000000000001E-003   38.2685517811871     
  0.000000000000000E+000   34.1864045461078     
  1.000000000000001E-003   26.7825532808928     
  1.999999999999998E-003   26.6803951885599     
  2.999999999999999E-003   12.3886296665749     
  4.000000000000000E-003   5.39433198798156     
  4.999999999999998E-003   1.73776025282042     
  5.999999999999998E-003   2.05275493347013     
  6.999999999999999E-003   1.69727292937944     
  8.000000000000000E-003   1.55219867095089     
  9.000000000000001E-003   2.60475328358455     
  1.000000000000000E-002   1.53137509671504     
  1.100000000000000E-002   4.70943687514823     
  1.200000000000000E-002   4.14411670352232     
  1.300000000000000E-002   1.49683589115287     
  1.400000000000000E-002  0.000000000000000E+000
  1.500000000000000E-002  0.000000000000000E+000
  1.600000000000000E-002  0.000000000000000E+000
  1.700000000000000E-002  0.000000000000000E+000
  1.800000000000000E-002  0.000000000000000E+000
  1.900000000000000E-002  0.000000000000000E+000
  2.000000000000000E-002  0.000000000000000E+000
  2.100000000000000E-002  0.000000000000000E+000
  2.200000000000000E-002  0.000000000000000E+000
  2.300000000000000E-002  0.000000000000000E+000
  2.400000000000000E-002  0.000000000000000E+000
  2.500000000000000E-002  0.000000000000000E+000
