 -2.500000000000000E-002  0.000000000000000E+000
 -2.400000000000000E-002  0.000000000000000E+000
 -2.300000000000000E-002  0.000000000000000E+000
 -2.200000000000000E-002  0.000000000000000E+000
 -2.100000000000000E-002  0.000000000000000E+000
 -2.000000000000000E-002  0.000000000000000E+000
 -1.900000000000000E-002  3.591138988840183E-002
 -1.800000000000000E-002   1.02836185055529     
 -1.700000000000000E-002  0.682596759556314     
 -1.600000000000000E-002  0.428354055291013     
 -1.500000000000000E-002   1.49915956298328     
 -1.400000000000000E-002   1.06622331443383     
 -1.300000000000000E-002  0.610848223025089     
 -1.200000000000000E-002  0.194615538400606     
 -1.100000000000000E-002  0.354747974943691     
 -1.000000000000000E-002  0.766456105892477     
 -9.000000000000001E-003   1.13213641113190     
 -8.000000000000000E-003   5.48139502918196     
 -6.999999999999999E-003   9.63131653092517     
 -6.000000000000002E-003   7.54036576443318     
 -5.000000000000001E-003   5.77013965099382     
 -4.000000000000000E-003   5.44962380524044     
 -3.000000000000003E-003   8.00327775909574     
 -2.000000000000002E-003   8.25717304925452     
 -1.000000000000001E-003   9.41816834337277     
  0.000000000000000E+000   12.8927343231536     
  1.000000000000001E-003   14.7784564325873     
  1.999999999999998E-003   15.9655861496243     
  2.999999999999999E-003   19.1529067735954     
  4.000000000000000E-003   12.7344440780334     
  4.999999999999998E-003   4.84985328849376     
  5.999999999999998E-003   3.36361083338626     
  6.999999999999999E-003   4.43368256779264     
  8.000000000000000E-003   1.97679469447245     
  9.000000000000001E-003   1.16505919366442     
  1.000000000000000E-002   3.78884317271692     
  1.100000000000000E-002   5.74288347234883     
  1.200000000000000E-002  0.445033901531158     
  1.300000000000000E-002  0.000000000000000E+000
  1.400000000000000E-002  0.000000000000000E+000
  1.500000000000000E-002  0.000000000000000E+000
  1.600000000000000E-002  0.000000000000000E+000
  1.700000000000000E-002  0.000000000000000E+000
  1.800000000000000E-002  0.000000000000000E+000
  1.900000000000000E-002  0.000000000000000E+000
  2.000000000000000E-002  0.000000000000000E+000
  2.100000000000000E-002  0.000000000000000E+000
  2.200000000000000E-002  0.000000000000000E+000
  2.300000000000000E-002  0.000000000000000E+000
  2.400000000000000E-002  0.000000000000000E+000
  2.500000000000000E-002  0.000000000000000E+000
