 -2.500000000000000E-002  0.000000000000000E+000
 -2.400000000000000E-002  0.000000000000000E+000
 -2.300000000000000E-002  0.000000000000000E+000
 -2.200000000000000E-002  0.000000000000000E+000
 -2.100000000000000E-002  0.000000000000000E+000
 -2.000000000000000E-002  0.000000000000000E+000
 -1.900000000000000E-002  0.000000000000000E+000
 -1.800000000000000E-002  0.000000000000000E+000
 -1.700000000000000E-002  0.000000000000000E+000
 -1.600000000000000E-002  0.000000000000000E+000
 -1.500000000000000E-002  0.000000000000000E+000
 -1.400000000000000E-002  0.000000000000000E+000
 -1.300000000000000E-002  0.000000000000000E+000
 -1.200000000000000E-002  0.000000000000000E+000
 -1.100000000000000E-002  0.770420949030181     
 -1.000000000000000E-002   6.32532607214148     
 -9.000000000000001E-003   9.44418515902853     
 -8.000000000000000E-003   8.05454273055286     
 -6.999999999999999E-003   9.07036451994463     
 -6.000000000000002E-003   9.45864202210774     
 -5.000000000000001E-003   13.7761035061719     
 -4.000000000000000E-003   25.3656097791680     
 -3.000000000000003E-003   24.2841132552017     
 -2.000000000000002E-003   33.8303152793180     
 -1.000000000000001E-003   25.5321185115150     
  0.000000000000000E+000   20.4207256333916     
  1.000000000000001E-003   19.8240732795176     
  1.999999999999998E-003   6.37224304659492     
  2.999999999999999E-003   6.08159964314354     
  4.000000000000000E-003   9.01787953828162     
  4.999999999999998E-003   3.86370788621548     
  5.999999999999998E-003   2.71687343300098     
  6.999999999999999E-003   4.10405102833274     
  8.000000000000000E-003   2.33843970829069     
  9.000000000000001E-003   2.87618721474491     
  1.000000000000000E-002   3.28653938110289     
  1.100000000000000E-002   3.12274692025383     
  1.200000000000000E-002  0.280896447407632     
  1.300000000000000E-002   2.39625573893701     
  1.400000000000000E-002   7.12715062442590     
  1.500000000000000E-002   3.82668676665764     
  1.600000000000000E-002   2.65925562531461     
  1.700000000000000E-002   1.22740383482178     
  1.800000000000000E-002   3.38940408034324     
  1.900000000000000E-002   2.03611318641521     
  2.000000000000000E-002   1.89859830210913     
  2.100000000000000E-002  0.859102581411130     
  2.200000000000000E-002  3.347431510595361E-002
  2.300000000000000E-002  0.000000000000000E+000
  2.400000000000000E-002  0.000000000000000E+000
  2.500000000000000E-002  0.000000000000000E+000
