 -2.500000000000000E-002  0.000000000000000E+000
 -2.400000000000000E-002  0.000000000000000E+000
 -2.300000000000000E-002  0.000000000000000E+000
 -2.200000000000000E-002  0.000000000000000E+000
 -2.100000000000000E-002  0.000000000000000E+000
 -2.000000000000000E-002  0.000000000000000E+000
 -1.900000000000000E-002  0.000000000000000E+000
 -1.800000000000000E-002  0.801595195781658     
 -1.700000000000000E-002  0.984534804218344     
 -1.600000000000000E-002  0.266994860128794     
 -1.500000000000000E-002   1.48050980592234     
 -1.400000000000000E-002   1.38513677987193     
 -1.300000000000000E-002  0.605945919980437     
 -1.200000000000000E-002  0.152475311655496     
 -1.100000000000000E-002   1.15784795970226     
 -1.000000000000000E-002   2.52404896391937     
 -9.000000000000001E-003   2.67192559069188     
 -8.000000000000000E-003   3.31452074019305     
 -6.999999999999999E-003   4.77490274582146     
 -6.000000000000002E-003   7.84283285975086     
 -5.000000000000001E-003   15.6985320809692     
 -4.000000000000000E-003   16.7556791107557     
 -3.000000000000003E-003   15.9996301014679     
 -2.000000000000002E-003   15.1942259259491     
 -1.000000000000001E-003   11.0699295703451     
  0.000000000000000E+000   9.32726363255087     
  1.000000000000001E-003   7.66324516554942     
  1.999999999999998E-003   9.08466608099740     
  2.999999999999999E-003   12.4252248136249     
  4.000000000000000E-003   11.3323517114301     
  4.999999999999998E-003   12.3024470666821     
  5.999999999999998E-003   9.95148531799017     
  6.999999999999999E-003   8.09789821811148     
  8.000000000000000E-003   4.45437380315318     
  9.000000000000001E-003   2.57611489087198     
  1.000000000000000E-002   7.04300600138045     
  1.100000000000000E-002   3.69027212765895     
  1.200000000000000E-002  0.661694366544246     
  1.300000000000000E-002  0.188482987372139     
  1.400000000000000E-002   1.49720865852903     
  1.500000000000000E-002  0.179406830428678     
  1.600000000000000E-002  0.000000000000000E+000
  1.700000000000000E-002  0.000000000000000E+000
  1.800000000000000E-002  0.000000000000000E+000
  1.900000000000000E-002  0.000000000000000E+000
  2.000000000000000E-002  0.000000000000000E+000
  2.100000000000000E-002  0.000000000000000E+000
  2.200000000000000E-002  0.000000000000000E+000
  2.300000000000000E-002  0.000000000000000E+000
  2.400000000000000E-002  0.000000000000000E+000
  2.500000000000000E-002  0.000000000000000E+000
