 -2.500000000000000E-002  0.000000000000000E+000
 -2.400000000000000E-002  0.000000000000000E+000
 -2.300000000000000E-002  0.000000000000000E+000
 -2.200000000000000E-002  0.000000000000000E+000
 -2.100000000000000E-002  0.000000000000000E+000
 -2.000000000000000E-002  0.000000000000000E+000
 -1.900000000000000E-002  0.000000000000000E+000
 -1.800000000000000E-002  0.000000000000000E+000
 -1.700000000000000E-002  0.000000000000000E+000
 -1.600000000000000E-002  0.000000000000000E+000
 -1.500000000000000E-002  0.000000000000000E+000
 -1.400000000000000E-002  0.000000000000000E+000
 -1.300000000000000E-002  0.000000000000000E+000
 -1.200000000000000E-002  0.000000000000000E+000
 -1.100000000000000E-002  0.000000000000000E+000
 -1.000000000000000E-002  5.799083129140414E-002
 -9.000000000000001E-003   1.13485204621427     
 -8.000000000000000E-003   1.93408729914019     
 -6.999999999999999E-003   3.07966692223693     
 -6.000000000000002E-003   5.65696614939369     
 -5.000000000000001E-003   6.08488882387262     
 -4.000000000000000E-003   6.79616256002885     
 -3.000000000000003E-003   7.43378845450596     
 -2.000000000000002E-003   5.21368138660187     
 -1.000000000000001E-003   8.90034536172912     
  0.000000000000000E+000   4.13810405501881     
  1.000000000000001E-003   4.13457704888022     
  1.999999999999998E-003   3.31828556362685     
  2.999999999999999E-003   3.11813743266684     
  4.000000000000000E-003   3.68722998870388     
  4.999999999999998E-003   3.50652448552241     
  5.999999999999998E-003   2.70890912450450     
  6.999999999999999E-003   2.80577863109140     
  8.000000000000000E-003   2.31780167264688     
  9.000000000000001E-003   3.09637267648613     
  1.000000000000000E-002   1.97171532583052     
  1.100000000000000E-002   2.30370082245255     
  1.200000000000000E-002  0.141543337554102     
  1.300000000000000E-002  0.000000000000000E+000
  1.400000000000000E-002  0.000000000000000E+000
  1.500000000000000E-002  0.000000000000000E+000
  1.600000000000000E-002  0.000000000000000E+000
  1.700000000000000E-002  0.000000000000000E+000
  1.800000000000000E-002  0.000000000000000E+000
  1.900000000000000E-002  0.000000000000000E+000
  2.000000000000000E-002  0.000000000000000E+000
  2.100000000000000E-002  0.000000000000000E+000
  2.200000000000000E-002  0.000000000000000E+000
  2.300000000000000E-002  0.000000000000000E+000
  2.400000000000000E-002  0.000000000000000E+000
  2.500000000000000E-002  0.000000000000000E+000
