 -2.500000000000000E-002  0.000000000000000E+000
 -2.400000000000000E-002  0.000000000000000E+000
 -2.300000000000000E-002  0.000000000000000E+000
 -2.200000000000000E-002  0.000000000000000E+000
 -2.100000000000000E-002  0.000000000000000E+000
 -2.000000000000000E-002  0.000000000000000E+000
 -1.900000000000000E-002  0.000000000000000E+000
 -1.800000000000000E-002  0.000000000000000E+000
 -1.700000000000000E-002  0.000000000000000E+000
 -1.600000000000000E-002  0.000000000000000E+000
 -1.500000000000000E-002  0.000000000000000E+000
 -1.400000000000000E-002  0.000000000000000E+000
 -1.300000000000000E-002  0.000000000000000E+000
 -1.200000000000000E-002  7.527024475970778E-002
 -1.100000000000000E-002   2.24474240795341     
 -1.000000000000000E-002   5.36189924692392     
 -9.000000000000001E-003   1.66968339413650     
 -8.000000000000000E-003   3.31349825999892     
 -6.999999999999999E-003   2.33765867902726     
 -6.000000000000002E-003   3.72461510241968     
 -5.000000000000001E-003   3.11687865890238     
 -4.000000000000000E-003   5.95376760332857     
 -3.000000000000003E-003   1.99154420732429     
 -2.000000000000002E-003   3.17732138096384     
 -1.000000000000001E-003   10.9814161504273     
  0.000000000000000E+000   6.00479931254783     
  1.000000000000001E-003  0.344126567616133     
  1.999999999999998E-003   6.68675355929275     
  2.999999999999999E-003   18.4710728022046     
  4.000000000000000E-003   13.5765600174780     
  4.999999999999998E-003   19.8372690965349     
  5.999999999999998E-003  7.227330815991531E-002
  6.999999999999999E-003  0.000000000000000E+000
  8.000000000000000E-003  0.000000000000000E+000
  9.000000000000001E-003  0.000000000000000E+000
  1.000000000000000E-002  0.000000000000000E+000
  1.100000000000000E-002  0.000000000000000E+000
  1.200000000000000E-002  0.000000000000000E+000
  1.300000000000000E-002  0.000000000000000E+000
  1.400000000000000E-002  0.000000000000000E+000
  1.500000000000000E-002  0.000000000000000E+000
  1.600000000000000E-002  0.000000000000000E+000
  1.700000000000000E-002  0.000000000000000E+000
  1.800000000000000E-002  0.000000000000000E+000
  1.900000000000000E-002  0.000000000000000E+000
  2.000000000000000E-002  0.000000000000000E+000
  2.100000000000000E-002  0.000000000000000E+000
  2.200000000000000E-002  0.000000000000000E+000
  2.300000000000000E-002  0.000000000000000E+000
  2.400000000000000E-002  0.000000000000000E+000
  2.500000000000000E-002  0.000000000000000E+000
