 -2.500000000000000E-002  0.000000000000000E+000
 -2.400000000000000E-002  0.000000000000000E+000
 -2.300000000000000E-002  0.000000000000000E+000
 -2.200000000000000E-002  0.000000000000000E+000
 -2.100000000000000E-002  0.000000000000000E+000
 -2.000000000000000E-002  0.000000000000000E+000
 -1.900000000000000E-002  0.000000000000000E+000
 -1.800000000000000E-002  0.000000000000000E+000
 -1.700000000000000E-002  0.000000000000000E+000
 -1.600000000000000E-002  0.000000000000000E+000
 -1.500000000000000E-002  0.000000000000000E+000
 -1.400000000000000E-002  0.000000000000000E+000
 -1.300000000000000E-002  0.000000000000000E+000
 -1.200000000000000E-002  0.254681038155643     
 -1.100000000000000E-002   1.73311849395679     
 -1.000000000000000E-002   1.76286528541022     
 -9.000000000000001E-003  0.767014420234358     
 -8.000000000000000E-003   1.55244811178705     
 -6.999999999999999E-003   1.20312844234212     
 -6.000000000000002E-003   1.79285830090224     
 -5.000000000000001E-003   6.31039634200261     
 -4.000000000000000E-003   4.23268909767466     
 -3.000000000000003E-003   2.74618522214399     
 -2.000000000000002E-003   10.1719636935433     
 -1.000000000000001E-003   11.2456859807343     
  0.000000000000000E+000   8.17658924568087     
  1.000000000000001E-003   23.0851578948774     
  1.999999999999998E-003   28.4798804266424     
  2.999999999999999E-003   22.3767653626471     
  4.000000000000000E-003   4.97680264126503     
  4.999999999999998E-003  0.000000000000000E+000
  5.999999999999998E-003  0.000000000000000E+000
  6.999999999999999E-003  0.000000000000000E+000
  8.000000000000000E-003  0.000000000000000E+000
  9.000000000000001E-003  0.000000000000000E+000
  1.000000000000000E-002  0.000000000000000E+000
  1.100000000000000E-002  0.000000000000000E+000
  1.200000000000000E-002  0.000000000000000E+000
  1.300000000000000E-002  0.000000000000000E+000
  1.400000000000000E-002  0.000000000000000E+000
  1.500000000000000E-002  0.000000000000000E+000
  1.600000000000000E-002  0.000000000000000E+000
  1.700000000000000E-002  0.000000000000000E+000
  1.800000000000000E-002  0.000000000000000E+000
  1.900000000000000E-002  0.000000000000000E+000
  2.000000000000000E-002  0.000000000000000E+000
  2.100000000000000E-002  0.000000000000000E+000
  2.200000000000000E-002  0.000000000000000E+000
  2.300000000000000E-002  0.000000000000000E+000
  2.400000000000000E-002  0.000000000000000E+000
  2.500000000000000E-002  0.000000000000000E+000
