 -2.500000000000000E-002  0.000000000000000E+000
 -2.400000000000000E-002  0.000000000000000E+000
 -2.300000000000000E-002  0.000000000000000E+000
 -2.200000000000000E-002  0.000000000000000E+000
 -2.100000000000000E-002  0.000000000000000E+000
 -2.000000000000000E-002  0.000000000000000E+000
 -1.900000000000000E-002  0.000000000000000E+000
 -1.800000000000000E-002  0.000000000000000E+000
 -1.700000000000000E-002  0.000000000000000E+000
 -1.600000000000000E-002  0.000000000000000E+000
 -1.500000000000000E-002  0.000000000000000E+000
 -1.400000000000000E-002  0.000000000000000E+000
 -1.300000000000000E-002  0.000000000000000E+000
 -1.200000000000000E-002  0.000000000000000E+000
 -1.100000000000000E-002  0.000000000000000E+000
 -1.000000000000000E-002  0.000000000000000E+000
 -9.000000000000001E-003  0.000000000000000E+000
 -8.000000000000000E-003   3.88004756739095     
 -6.999999999999999E-003   10.9376032443417     
 -6.000000000000002E-003   10.4542370350565     
 -5.000000000000001E-003   7.27189684803517     
 -4.000000000000000E-003   6.55897439842866     
 -3.000000000000003E-003   9.01422527689052     
 -2.000000000000002E-003   9.33521024884510     
 -1.000000000000001E-003   8.87444406550936     
  0.000000000000000E+000   16.7657405858561     
  1.000000000000001E-003   12.9183988418745     
  1.999999999999998E-003   15.0190473858857     
  2.999999999999999E-003   19.0795596371748     
  4.000000000000000E-003   12.1227854335126     
  4.999999999999998E-003   4.53868114712743     
  5.999999999999998E-003   3.46974939706809     
  6.999999999999999E-003   4.97756229021324     
  8.000000000000000E-003   4.43653574974141     
  9.000000000000001E-003   2.25072485495208     
  1.000000000000000E-002  0.426215992096025     
  1.100000000000000E-002  0.000000000000000E+000
  1.200000000000000E-002  0.000000000000000E+000
  1.300000000000000E-002  0.000000000000000E+000
  1.400000000000000E-002  0.000000000000000E+000
  1.500000000000000E-002  0.000000000000000E+000
  1.600000000000000E-002  0.000000000000000E+000
  1.700000000000000E-002  0.000000000000000E+000
  1.800000000000000E-002  0.000000000000000E+000
  1.900000000000000E-002  0.000000000000000E+000
  2.000000000000000E-002  0.000000000000000E+000
  2.100000000000000E-002  0.000000000000000E+000
  2.200000000000000E-002  0.000000000000000E+000
  2.300000000000000E-002  0.000000000000000E+000
  2.400000000000000E-002  0.000000000000000E+000
  2.500000000000000E-002  0.000000000000000E+000
