 -2.500000000000000E-002  0.000000000000000E+000
 -2.400000000000000E-002  0.000000000000000E+000
 -2.300000000000000E-002  0.000000000000000E+000
 -2.200000000000000E-002  0.000000000000000E+000
 -2.100000000000000E-002  0.000000000000000E+000
 -2.000000000000000E-002  0.000000000000000E+000
 -1.900000000000000E-002  0.000000000000000E+000
 -1.800000000000000E-002  0.000000000000000E+000
 -1.700000000000000E-002  0.000000000000000E+000
 -1.600000000000000E-002  0.000000000000000E+000
 -1.500000000000000E-002  0.000000000000000E+000
 -1.400000000000000E-002  0.000000000000000E+000
 -1.300000000000000E-002  0.000000000000000E+000
 -1.200000000000000E-002  0.000000000000000E+000
 -1.100000000000000E-002  0.000000000000000E+000
 -1.000000000000000E-002  0.684622799401640     
 -9.000000000000001E-003   2.49537299046416     
 -8.000000000000000E-003   1.78795776759146     
 -6.999999999999999E-003   2.25787923270304     
 -6.000000000000002E-003   3.13094781615957     
 -5.000000000000001E-003   2.22951347368334     
 -4.000000000000000E-003   3.50702629053497     
 -3.000000000000003E-003   13.6034939086889     
 -2.000000000000002E-003   23.9018209346968     
 -1.000000000000001E-003   26.2646902144681     
  0.000000000000000E+000   18.1499397600454     
  1.000000000000001E-003   17.2318755909536     
  1.999999999999998E-003   13.6116107991330     
  2.999999999999999E-003   3.88031544566457     
  4.000000000000000E-003   1.19638502557524     
  4.999999999999998E-003   1.37489137783528     
  5.999999999999998E-003  0.640315149312979     
  6.999999999999999E-003   1.04404325892250     
  8.000000000000000E-003   1.05154467645876     
  9.000000000000001E-003  0.225413940841578     
  1.000000000000000E-002  0.912818362396546     
  1.100000000000000E-002  0.675792990472905     
  1.200000000000000E-002  0.208364263421064     
  1.300000000000000E-002  9.072393057472326E-002
  1.400000000000000E-002  0.351182132441863     
  1.500000000000000E-002   2.27011816573441     
  1.600000000000000E-002  0.373574269672377     
  1.700000000000000E-002  0.499075216333066     
  1.800000000000000E-002  0.193473033330802     
  1.900000000000000E-002  0.908550454268953     
  2.000000000000000E-002  0.530518009701425     
  2.100000000000000E-002  0.926461866524019     
  2.200000000000000E-002  3.668519930907867E-004
  2.300000000000000E-002  0.000000000000000E+000
  2.400000000000000E-002  0.000000000000000E+000
  2.500000000000000E-002  0.000000000000000E+000
