 -2.500000000000000E-002  0.000000000000000E+000
 -2.400000000000000E-002  0.000000000000000E+000
 -2.300000000000000E-002  0.000000000000000E+000
 -2.200000000000000E-002  0.000000000000000E+000
 -2.100000000000000E-002  0.000000000000000E+000
 -2.000000000000000E-002  0.000000000000000E+000
 -1.900000000000000E-002  0.000000000000000E+000
 -1.800000000000000E-002  0.000000000000000E+000
 -1.700000000000000E-002  0.000000000000000E+000
 -1.600000000000000E-002  0.000000000000000E+000
 -1.500000000000000E-002  0.000000000000000E+000
 -1.400000000000000E-002  0.000000000000000E+000
 -1.300000000000000E-002  0.000000000000000E+000
 -1.200000000000000E-002  0.000000000000000E+000
 -1.100000000000000E-002  0.000000000000000E+000
 -1.000000000000000E-002  2.184760001906970E-002
 -9.000000000000001E-003   1.91313823473425     
 -8.000000000000000E-003   6.24667839375641     
 -6.999999999999999E-003   14.7469597451808     
 -6.000000000000002E-003   17.3835224915403     
 -5.000000000000001E-003   19.2440570834943     
 -4.000000000000000E-003   21.6121937817514     
 -3.000000000000003E-003   20.2399573352779     
 -2.000000000000002E-003   22.8570192332829     
 -1.000000000000001E-003   22.6692486123345     
  0.000000000000000E+000   19.6389623037176     
  1.000000000000001E-003   10.7226801627830     
  1.999999999999998E-003   10.9280745320079     
  2.999999999999999E-003   12.1861298828253     
  4.000000000000000E-003   6.07616006685942     
  4.999999999999998E-003   4.82506396676067     
  5.999999999999998E-003   5.69374646218980     
  6.999999999999999E-003   5.25636562512757     
  8.000000000000000E-003   7.19076109464969     
  9.000000000000001E-003   7.57653509699416     
  1.000000000000000E-002   10.6269944291222     
  1.100000000000000E-002   10.5005265170966     
  1.200000000000000E-002   3.83744733163128     
  1.300000000000000E-002  0.344870016863104     
  1.400000000000000E-002  0.000000000000000E+000
  1.500000000000000E-002  0.000000000000000E+000
  1.600000000000000E-002  0.000000000000000E+000
  1.700000000000000E-002  0.000000000000000E+000
  1.800000000000000E-002  0.000000000000000E+000
  1.900000000000000E-002  0.000000000000000E+000
  2.000000000000000E-002  0.000000000000000E+000
  2.100000000000000E-002  0.000000000000000E+000
  2.200000000000000E-002  0.000000000000000E+000
  2.300000000000000E-002  0.000000000000000E+000
  2.400000000000000E-002  0.000000000000000E+000
  2.500000000000000E-002  0.000000000000000E+000
