 -2.500000000000000E-002  0.000000000000000E+000
 -2.400000000000000E-002  0.000000000000000E+000
 -2.300000000000000E-002  0.000000000000000E+000
 -2.200000000000000E-002  0.000000000000000E+000
 -2.100000000000000E-002  0.000000000000000E+000
 -2.000000000000000E-002  0.000000000000000E+000
 -1.900000000000000E-002  0.000000000000000E+000
 -1.800000000000000E-002  0.486101229809452     
 -1.700000000000000E-002   1.42826259997315     
 -1.600000000000000E-002  0.597564344528953     
 -1.500000000000000E-002  0.698098374495797     
 -1.400000000000000E-002   1.01778192386031     
 -1.300000000000000E-002   1.18071397422966     
 -1.200000000000000E-002  0.691717030520003     
 -1.100000000000000E-002  0.889050834866850     
 -1.000000000000000E-002  0.838926102710373     
 -9.000000000000001E-003  0.707231258716077     
 -8.000000000000000E-003   1.43317667125426     
 -6.999999999999999E-003   1.94892359832548     
 -6.000000000000002E-003   5.42940180434673     
 -5.000000000000001E-003   6.94962433237271     
 -4.000000000000000E-003   13.3422988750574     
 -3.000000000000003E-003   14.3409726082412     
 -2.000000000000002E-003   16.0737633284890     
 -1.000000000000001E-003   11.2421812212110     
  0.000000000000000E+000   13.8414399003489     
  1.000000000000001E-003   12.3369703610921     
  1.999999999999998E-003   7.82022772854819     
  2.999999999999999E-003   9.92626508526041     
  4.000000000000000E-003   6.28791014906283     
  4.999999999999998E-003   10.2957394604363     
  5.999999999999998E-003   10.3645155922045     
  6.999999999999999E-003   8.17412656851942     
  8.000000000000000E-003   2.99815498193613     
  9.000000000000001E-003   1.04824243115897     
  1.000000000000000E-002   2.54016857729733     
  1.100000000000000E-002   2.57180384701434     
  1.200000000000000E-002  0.268975204112038     
  1.300000000000000E-002  0.000000000000000E+000
  1.400000000000000E-002  0.000000000000000E+000
  1.500000000000000E-002  0.000000000000000E+000
  1.600000000000000E-002  0.000000000000000E+000
  1.700000000000000E-002  0.000000000000000E+000
  1.800000000000000E-002  0.000000000000000E+000
  1.900000000000000E-002  0.000000000000000E+000
  2.000000000000000E-002  0.000000000000000E+000
  2.100000000000000E-002  0.000000000000000E+000
  2.200000000000000E-002  0.000000000000000E+000
  2.300000000000000E-002  0.000000000000000E+000
  2.400000000000000E-002  0.000000000000000E+000
  2.500000000000000E-002  0.000000000000000E+000
