 -2.500000000000000E-002  0.000000000000000E+000
 -2.400000000000000E-002  0.000000000000000E+000
 -2.300000000000000E-002  0.000000000000000E+000
 -2.200000000000000E-002  0.000000000000000E+000
 -2.100000000000000E-002  0.000000000000000E+000
 -2.000000000000000E-002  0.000000000000000E+000
 -1.900000000000000E-002  0.000000000000000E+000
 -1.800000000000000E-002  0.000000000000000E+000
 -1.700000000000000E-002  0.330017251189788     
 -1.600000000000000E-002  0.856030320615462     
 -1.500000000000000E-002  0.165181671766122     
 -1.400000000000000E-002  0.786353029978624     
 -1.300000000000000E-002  0.973195212249880     
 -1.200000000000000E-002   1.28388035718399     
 -1.100000000000000E-002  0.290837845816464     
 -1.000000000000000E-002  0.506269458179215     
 -9.000000000000001E-003  0.933207136711118     
 -8.000000000000000E-003   1.25157702491959     
 -6.999999999999999E-003   1.53598669980390     
 -6.000000000000002E-003   5.82594156360239     
 -5.000000000000001E-003   13.1482348248793     
 -4.000000000000000E-003   15.4238244757859     
 -3.000000000000003E-003   13.8074257626929     
 -2.000000000000002E-003   12.8449617533479     
 -1.000000000000001E-003   12.7449898109875     
  0.000000000000000E+000   13.6844314351432     
  1.000000000000001E-003   9.59994488066403     
  1.999999999999998E-003   6.44275997629152     
  2.999999999999999E-003   5.97905370418598     
  4.000000000000000E-003   7.85043988903678     
  4.999999999999998E-003   8.43280074002902     
  5.999999999999998E-003   9.98141533084121     
  6.999999999999999E-003   7.13160886712705     
  8.000000000000000E-003   5.42421254940359     
  9.000000000000001E-003   1.50302648690061     
  1.000000000000000E-002   2.46643741336841     
  1.100000000000000E-002   2.65288848108314     
  1.200000000000000E-002  0.231896046215311     
  1.300000000000000E-002  0.000000000000000E+000
  1.400000000000000E-002  0.000000000000000E+000
  1.500000000000000E-002  0.000000000000000E+000
  1.600000000000000E-002  0.000000000000000E+000
  1.700000000000000E-002  0.000000000000000E+000
  1.800000000000000E-002  0.000000000000000E+000
  1.900000000000000E-002  0.000000000000000E+000
  2.000000000000000E-002  0.000000000000000E+000
  2.100000000000000E-002  0.000000000000000E+000
  2.200000000000000E-002  0.000000000000000E+000
  2.300000000000000E-002  0.000000000000000E+000
  2.400000000000000E-002  0.000000000000000E+000
  2.500000000000000E-002  0.000000000000000E+000
