 -2.500000000000000E-002  0.000000000000000E+000
 -2.400000000000000E-002  0.000000000000000E+000
 -2.300000000000000E-002  0.000000000000000E+000
 -2.200000000000000E-002  0.000000000000000E+000
 -2.100000000000000E-002  0.000000000000000E+000
 -2.000000000000000E-002  0.000000000000000E+000
 -1.900000000000000E-002  2.087098172614551E-002
 -1.800000000000000E-002   1.16536189638829     
 -1.700000000000000E-002  0.580267121885563     
 -1.600000000000000E-002  0.480046573145135     
 -1.500000000000000E-002   1.55703127719315     
 -1.400000000000000E-002   1.31870406153129     
 -1.300000000000000E-002  0.413463612197464     
 -1.200000000000000E-002  0.151898389098084     
 -1.100000000000000E-002  0.386586673735643     
 -1.000000000000000E-002  0.779582601667383     
 -9.000000000000001E-003   1.15661030806255     
 -8.000000000000000E-003   3.51780556113494     
 -6.999999999999999E-003   6.22532055486906     
 -6.000000000000002E-003   5.23366777902150     
 -5.000000000000001E-003   3.89510454473387     
 -4.000000000000000E-003   4.27238356011105     
 -3.000000000000003E-003   5.28003191018085     
 -2.000000000000002E-003   6.47926770250755     
 -1.000000000000001E-003   9.01615295073997     
  0.000000000000000E+000   6.46482079977309     
  1.000000000000001E-003   4.92958479577827     
  1.999999999999998E-003   5.41493497481867     
  2.999999999999999E-003   7.19873489161529     
  4.000000000000000E-003   6.36771323086619     
  4.999999999999998E-003   2.01650704878946     
  5.999999999999998E-003   1.37487256993728     
  6.999999999999999E-003   2.27401911972364     
  8.000000000000000E-003   5.60574557156094     
  9.000000000000001E-003   2.69479278030550     
  1.000000000000000E-002   2.27096213644190     
  1.100000000000000E-002   6.78033293808828     
  1.200000000000000E-002   1.82913821720506     
  1.300000000000000E-002  6.152286516693790E-002
  1.400000000000000E-002  0.000000000000000E+000
  1.500000000000000E-002  0.000000000000000E+000
  1.600000000000000E-002  0.000000000000000E+000
  1.700000000000000E-002  0.000000000000000E+000
  1.800000000000000E-002  0.000000000000000E+000
  1.900000000000000E-002  0.000000000000000E+000
  2.000000000000000E-002  0.000000000000000E+000
  2.100000000000000E-002  0.000000000000000E+000
  2.200000000000000E-002  0.000000000000000E+000
  2.300000000000000E-002  0.000000000000000E+000
  2.400000000000000E-002  0.000000000000000E+000
  2.500000000000000E-002  0.000000000000000E+000
