 -2.500000000000000E-002  0.000000000000000E+000
 -2.400000000000000E-002  0.000000000000000E+000
 -2.300000000000000E-002  0.000000000000000E+000
 -2.200000000000000E-002  0.000000000000000E+000
 -2.100000000000000E-002  0.000000000000000E+000
 -2.000000000000000E-002  0.000000000000000E+000
 -1.900000000000000E-002  0.000000000000000E+000
 -1.800000000000000E-002  0.000000000000000E+000
 -1.700000000000000E-002  0.000000000000000E+000
 -1.600000000000000E-002  0.000000000000000E+000
 -1.500000000000000E-002  0.000000000000000E+000
 -1.400000000000000E-002  0.000000000000000E+000
 -1.300000000000000E-002  0.000000000000000E+000
 -1.200000000000000E-002  0.000000000000000E+000
 -1.100000000000000E-002  0.000000000000000E+000
 -1.000000000000000E-002  0.000000000000000E+000
 -9.000000000000001E-003  0.000000000000000E+000
 -8.000000000000000E-003  0.000000000000000E+000
 -6.999999999999999E-003  0.000000000000000E+000
 -6.000000000000002E-003  0.000000000000000E+000
 -5.000000000000001E-003   1.57867198323425     
 -4.000000000000000E-003   10.5183577543108     
 -3.000000000000003E-003   22.2508848363259     
 -2.000000000000002E-003   23.6664207607368     
 -1.000000000000001E-003   17.0522013094581     
  0.000000000000000E+000   14.8046665515262     
  1.000000000000001E-003   15.1872954433778     
  1.999999999999998E-003   8.73292709058557     
  2.999999999999999E-003   2.56051047652391     
  4.000000000000000E-003   1.18361183529589     
  4.999999999999998E-003  0.524711235905879     
  5.999999999999998E-003   1.53452392429605     
  6.999999999999999E-003   1.09216785217463     
  8.000000000000000E-003  0.354949926675815     
  9.000000000000001E-003  0.909438321000781     
  1.000000000000000E-002   1.47039054677493     
  1.100000000000000E-002   2.82908577993182     
  1.200000000000000E-002   1.53341367180839     
  1.300000000000000E-002   1.11852884571584     
  1.400000000000000E-002   1.66454301765363     
  1.500000000000000E-002  8.109883668693647E-002
  1.600000000000000E-002  0.000000000000000E+000
  1.700000000000000E-002  0.000000000000000E+000
  1.800000000000000E-002  0.000000000000000E+000
  1.900000000000000E-002  0.000000000000000E+000
  2.000000000000000E-002  0.000000000000000E+000
  2.100000000000000E-002  0.000000000000000E+000
  2.200000000000000E-002  0.000000000000000E+000
  2.300000000000000E-002  0.000000000000000E+000
  2.400000000000000E-002  0.000000000000000E+000
  2.500000000000000E-002  0.000000000000000E+000
