 -2.500000000000000E-002  0.000000000000000E+000
 -2.400000000000000E-002  0.000000000000000E+000
 -2.300000000000000E-002  0.000000000000000E+000
 -2.200000000000000E-002  0.000000000000000E+000
 -2.100000000000000E-002  0.000000000000000E+000
 -2.000000000000000E-002  0.000000000000000E+000
 -1.900000000000000E-002  0.000000000000000E+000
 -1.800000000000000E-002  0.000000000000000E+000
 -1.700000000000000E-002  0.000000000000000E+000
 -1.600000000000000E-002  0.000000000000000E+000
 -1.500000000000000E-002  0.000000000000000E+000
 -1.400000000000000E-002  0.000000000000000E+000
 -1.300000000000000E-002  0.000000000000000E+000
 -1.200000000000000E-002  0.000000000000000E+000
 -1.100000000000000E-002  0.000000000000000E+000
 -1.000000000000000E-002  0.000000000000000E+000
 -9.000000000000001E-003  0.000000000000000E+000
 -8.000000000000000E-003  0.634896591819021     
 -6.999999999999999E-003   8.29823017190557     
 -6.000000000000002E-003   16.3943129468403     
 -5.000000000000001E-003   20.5400806663783     
 -4.000000000000000E-003   14.8106835668649     
 -3.000000000000003E-003   15.4366053892863     
 -2.000000000000002E-003   16.5906667837243     
 -1.000000000000001E-003   14.9871119547103     
  0.000000000000000E+000   9.16938767927752     
  1.000000000000001E-003   7.41835896206379     
  1.999999999999998E-003   8.66061347482179     
  2.999999999999999E-003   10.5552182218659     
  4.000000000000000E-003   9.57097861890104     
  4.999999999999998E-003   11.3472722557182     
  5.999999999999998E-003   10.3555027586026     
  6.999999999999999E-003   5.68277219441873     
  8.000000000000000E-003   1.89412405885477     
  9.000000000000001E-003   2.24912164071627     
  1.000000000000000E-002   2.09763639270743     
  1.100000000000000E-002   5.15650563559113     
  1.200000000000000E-002   3.14571915252503     
  1.300000000000000E-002  0.890565794993419     
  1.400000000000000E-002  1.493508741328602E-002
  1.500000000000000E-002  0.000000000000000E+000
  1.600000000000000E-002  0.000000000000000E+000
  1.700000000000000E-002  0.000000000000000E+000
  1.800000000000000E-002  0.000000000000000E+000
  1.900000000000000E-002  0.000000000000000E+000
  2.000000000000000E-002  0.000000000000000E+000
  2.100000000000000E-002  0.000000000000000E+000
  2.200000000000000E-002  0.000000000000000E+000
  2.300000000000000E-002  0.000000000000000E+000
  2.400000000000000E-002  0.000000000000000E+000
  2.500000000000000E-002  0.000000000000000E+000
