 -2.500000000000000E-002  0.000000000000000E+000
 -2.400000000000000E-002  0.000000000000000E+000
 -2.300000000000000E-002  0.000000000000000E+000
 -2.200000000000000E-002  0.000000000000000E+000
 -2.100000000000000E-002  0.000000000000000E+000
 -2.000000000000000E-002  0.000000000000000E+000
 -1.900000000000000E-002  0.000000000000000E+000
 -1.800000000000000E-002  0.417667641574325     
 -1.700000000000000E-002   1.28451217903940     
 -1.600000000000000E-002  7.311103211952301E-002
 -1.500000000000000E-002   1.35718325488130     
 -1.400000000000000E-002   1.32096337097869     
 -1.300000000000000E-002  0.932983950753432     
 -1.200000000000000E-002  0.231132730349295     
 -1.100000000000000E-002  0.292867625607554     
 -1.000000000000000E-002  0.407048657072563     
 -9.000000000000001E-003   1.18967994630736     
 -8.000000000000000E-003  0.818183044201158     
 -6.999999999999999E-003   6.69066368760939     
 -6.000000000000002E-003   16.6551197829274     
 -5.000000000000001E-003   13.6029930721962     
 -4.000000000000000E-003   12.0923261154689     
 -3.000000000000003E-003   9.53229931471636     
 -2.000000000000002E-003   10.6607688387215     
 -1.000000000000001E-003   13.5699351912239     
  0.000000000000000E+000   5.88345833429743     
  1.000000000000001E-003   3.40237593395041     
  1.999999999999998E-003   2.40363769414611     
  2.999999999999999E-003   5.14153350267749     
  4.000000000000000E-003   3.36698054612690     
  4.999999999999998E-003   3.35033945761652     
  5.999999999999998E-003   2.99855078842405     
  6.999999999999999E-003   4.08109562833860     
  8.000000000000000E-003   6.16351525059600     
  9.000000000000001E-003   5.31790814839333     
  1.000000000000000E-002   7.59005615382685     
  1.100000000000000E-002   8.92464154497257     
  1.200000000000000E-002   3.45976646517569     
  1.300000000000000E-002   1.55178564094273     
  1.400000000000000E-002  0.195025474766983     
  1.500000000000000E-002  0.000000000000000E+000
  1.600000000000000E-002  0.000000000000000E+000
  1.700000000000000E-002  0.000000000000000E+000
  1.800000000000000E-002  0.000000000000000E+000
  1.900000000000000E-002  0.000000000000000E+000
  2.000000000000000E-002  0.000000000000000E+000
  2.100000000000000E-002  0.000000000000000E+000
  2.200000000000000E-002  0.000000000000000E+000
  2.300000000000000E-002  0.000000000000000E+000
  2.400000000000000E-002  0.000000000000000E+000
  2.500000000000000E-002  0.000000000000000E+000
