 -2.500000000000000E-002  0.000000000000000E+000
 -2.400000000000000E-002  0.000000000000000E+000
 -2.300000000000000E-002  0.000000000000000E+000
 -2.200000000000000E-002  0.000000000000000E+000
 -2.100000000000000E-002  0.000000000000000E+000
 -2.000000000000000E-002  0.000000000000000E+000
 -1.900000000000000E-002  0.000000000000000E+000
 -1.800000000000000E-002  0.000000000000000E+000
 -1.700000000000000E-002  0.260658268917115     
 -1.600000000000000E-002   1.32734852407243     
 -1.500000000000000E-002   1.19912320701045     
 -1.400000000000000E-002  0.449724831350288     
 -1.300000000000000E-002   1.90984264813964     
 -1.200000000000000E-002   1.76192086659803     
 -1.100000000000000E-002  0.409111352828382     
 -1.000000000000000E-002  0.870631798706964     
 -9.000000000000001E-003  0.627288368998382     
 -8.000000000000000E-003   1.27127686552374     
 -6.999999999999999E-003   6.49753853564393     
 -6.000000000000002E-003   13.7305585503425     
 -5.000000000000001E-003   16.1239055183074     
 -4.000000000000000E-003   14.2706272183936     
 -3.000000000000003E-003   11.5631670009825     
 -2.000000000000002E-003   9.10061731739171     
 -1.000000000000001E-003   9.18912960475639     
  0.000000000000000E+000   9.40446362650389     
  1.000000000000001E-003   7.82380342830709     
  1.999999999999998E-003   7.53590732028073     
  2.999999999999999E-003   20.8337778728952     
  4.000000000000000E-003   15.5953921185651     
  4.999999999999998E-003   17.1370134814944     
  5.999999999999998E-003   16.6152135328641     
  6.999999999999999E-003   13.0197908970436     
  8.000000000000000E-003   3.11427724408221     
  9.000000000000001E-003  0.000000000000000E+000
  1.000000000000000E-002  0.000000000000000E+000
  1.100000000000000E-002  0.000000000000000E+000
  1.200000000000000E-002  0.000000000000000E+000
  1.300000000000000E-002  0.000000000000000E+000
  1.400000000000000E-002  0.000000000000000E+000
  1.500000000000000E-002  0.000000000000000E+000
  1.600000000000000E-002  0.000000000000000E+000
  1.700000000000000E-002  0.000000000000000E+000
  1.800000000000000E-002  0.000000000000000E+000
  1.900000000000000E-002  0.000000000000000E+000
  2.000000000000000E-002  0.000000000000000E+000
  2.100000000000000E-002  0.000000000000000E+000
  2.200000000000000E-002  0.000000000000000E+000
  2.300000000000000E-002  0.000000000000000E+000
  2.400000000000000E-002  0.000000000000000E+000
  2.500000000000000E-002  0.000000000000000E+000
