 -2.500000000000000E-002  0.000000000000000E+000
 -2.400000000000000E-002  0.000000000000000E+000
 -2.300000000000000E-002  0.000000000000000E+000
 -2.200000000000000E-002  0.000000000000000E+000
 -2.100000000000000E-002  0.000000000000000E+000
 -2.000000000000000E-002  0.000000000000000E+000
 -1.900000000000000E-002  0.000000000000000E+000
 -1.800000000000000E-002  0.000000000000000E+000
 -1.700000000000000E-002  0.000000000000000E+000
 -1.600000000000000E-002  0.000000000000000E+000
 -1.500000000000000E-002  0.000000000000000E+000
 -1.400000000000000E-002  0.000000000000000E+000
 -1.300000000000000E-002  3.013572281331499E-003
 -1.200000000000000E-002  0.420056112383081     
 -1.100000000000000E-002  0.426873798183355     
 -1.000000000000000E-002  0.606479349495377     
 -9.000000000000001E-003  0.691277559937419     
 -8.000000000000000E-003   1.09228838316651     
 -6.999999999999999E-003   2.26647652786455     
 -6.000000000000002E-003   7.51419364324163     
 -5.000000000000001E-003   11.6952971373293     
 -4.000000000000000E-003   17.3718063584550     
 -3.000000000000003E-003   26.5294612709886     
 -2.000000000000002E-003   42.4705813322463     
 -1.000000000000001E-003   43.7530105788216     
  0.000000000000000E+000   33.9737226430566     
  1.000000000000001E-003   30.0330371514551     
  1.999999999999998E-003   20.9634670753946     
  2.999999999999999E-003   17.1636775539916     
  4.000000000000000E-003   8.33635091663011     
  4.999999999999998E-003   8.99878360357623     
  5.999999999999998E-003   10.0503016145319     
  6.999999999999999E-003   8.34606598249634     
  8.000000000000000E-003   4.46291505001952     
  9.000000000000001E-003   1.12999217451132     
  1.000000000000000E-002   2.50780174668495     
  1.100000000000000E-002   2.46041028333890     
  1.200000000000000E-002  0.252798579918827     
  1.300000000000000E-002  0.000000000000000E+000
  1.400000000000000E-002  0.000000000000000E+000
  1.500000000000000E-002  0.000000000000000E+000
  1.600000000000000E-002  0.000000000000000E+000
  1.700000000000000E-002  0.000000000000000E+000
  1.800000000000000E-002  0.000000000000000E+000
  1.900000000000000E-002  0.000000000000000E+000
  2.000000000000000E-002  0.000000000000000E+000
  2.100000000000000E-002  0.000000000000000E+000
  2.200000000000000E-002  0.000000000000000E+000
  2.300000000000000E-002  0.000000000000000E+000
  2.400000000000000E-002  0.000000000000000E+000
  2.500000000000000E-002  0.000000000000000E+000
