 -2.500000000000000E-002  0.000000000000000E+000
 -2.400000000000000E-002  0.000000000000000E+000
 -2.300000000000000E-002  0.000000000000000E+000
 -2.200000000000000E-002  0.000000000000000E+000
 -2.100000000000000E-002  0.000000000000000E+000
 -2.000000000000000E-002  0.000000000000000E+000
 -1.900000000000000E-002  0.000000000000000E+000
 -1.800000000000000E-002  0.000000000000000E+000
 -1.700000000000000E-002  0.000000000000000E+000
 -1.600000000000000E-002  0.000000000000000E+000
 -1.500000000000000E-002  0.000000000000000E+000
 -1.400000000000000E-002  0.000000000000000E+000
 -1.300000000000000E-002  0.000000000000000E+000
 -1.200000000000000E-002  0.000000000000000E+000
 -1.100000000000000E-002  0.000000000000000E+000
 -1.000000000000000E-002  0.000000000000000E+000
 -9.000000000000001E-003   2.09986949347395     
 -8.000000000000000E-003   4.60891344771817     
 -6.999999999999999E-003   6.01425726646446     
 -6.000000000000002E-003   7.96913036975540     
 -5.000000000000001E-003   5.71272002332473     
 -4.000000000000000E-003   5.42533903474187     
 -3.000000000000003E-003   7.94706085242160     
 -2.000000000000002E-003   5.65129850522399     
 -1.000000000000001E-003   5.49810381371650     
  0.000000000000000E+000   6.45378269938945     
  1.000000000000001E-003   8.71139415347022     
  1.999999999999998E-003   7.88955805467219     
  2.999999999999999E-003   7.27236659076533     
  4.000000000000000E-003   6.83105851244840     
  4.999999999999998E-003   8.78199618763682     
  5.999999999999998E-003   7.85887657970117     
  6.999999999999999E-003   7.50344826821369     
  8.000000000000000E-003   2.20344614686206     
  9.000000000000001E-003  0.000000000000000E+000
  1.000000000000000E-002  0.000000000000000E+000
  1.100000000000000E-002  0.000000000000000E+000
  1.200000000000000E-002  0.000000000000000E+000
  1.300000000000000E-002  0.000000000000000E+000
  1.400000000000000E-002  0.000000000000000E+000
  1.500000000000000E-002  0.000000000000000E+000
  1.600000000000000E-002  0.000000000000000E+000
  1.700000000000000E-002  0.000000000000000E+000
  1.800000000000000E-002  0.000000000000000E+000
  1.900000000000000E-002  0.000000000000000E+000
  2.000000000000000E-002  0.000000000000000E+000
  2.100000000000000E-002  0.000000000000000E+000
  2.200000000000000E-002  0.000000000000000E+000
  2.300000000000000E-002  0.000000000000000E+000
  2.400000000000000E-002  0.000000000000000E+000
  2.500000000000000E-002  0.000000000000000E+000
