 -2.500000000000000E-002  0.000000000000000E+000
 -2.400000000000000E-002  0.000000000000000E+000
 -2.300000000000000E-002  0.000000000000000E+000
 -2.200000000000000E-002  0.000000000000000E+000
 -2.100000000000000E-002  0.000000000000000E+000
 -2.000000000000000E-002  0.000000000000000E+000
 -1.900000000000000E-002  0.000000000000000E+000
 -1.800000000000000E-002  0.000000000000000E+000
 -1.700000000000000E-002  0.000000000000000E+000
 -1.600000000000000E-002  0.000000000000000E+000
 -1.500000000000000E-002  0.000000000000000E+000
 -1.400000000000000E-002  0.000000000000000E+000
 -1.300000000000000E-002  0.000000000000000E+000
 -1.200000000000000E-002  0.000000000000000E+000
 -1.100000000000000E-002  0.000000000000000E+000
 -1.000000000000000E-002  0.000000000000000E+000
 -9.000000000000001E-003  0.000000000000000E+000
 -8.000000000000000E-003  0.000000000000000E+000
 -6.999999999999999E-003  2.963998524353401E-002
 -6.000000000000002E-003   3.76368695095584     
 -5.000000000000001E-003   19.3654782278550     
 -4.000000000000000E-003   37.0821790920084     
 -3.000000000000003E-003   33.7710956934268     
 -2.000000000000002E-003   29.5534992475561     
 -1.000000000000001E-003   20.7782950452111     
  0.000000000000000E+000   17.6914677463808     
  1.000000000000001E-003   18.7936606635557     
  1.999999999999998E-003   6.76559633268796     
  2.999999999999999E-003   4.35932616007773     
  4.000000000000000E-003   4.79926018395639     
  4.999999999999998E-003   2.86685316237892     
  5.999999999999998E-003   4.36050985975509     
  6.999999999999999E-003   3.89042142933154     
  8.000000000000000E-003   4.01451482390024     
  9.000000000000001E-003   4.21604903962277     
  1.000000000000000E-002   3.48850753906900     
  1.100000000000000E-002   4.45838376669349     
  1.200000000000000E-002   3.77884932394419     
  1.300000000000000E-002   3.81231258838798     
  1.400000000000000E-002   2.64034560143958     
  1.500000000000000E-002   1.78967955974008     
  1.600000000000000E-002  0.123057976821757     
  1.700000000000000E-002  0.000000000000000E+000
  1.800000000000000E-002  0.000000000000000E+000
  1.900000000000000E-002  0.000000000000000E+000
  2.000000000000000E-002  0.000000000000000E+000
  2.100000000000000E-002  0.000000000000000E+000
  2.200000000000000E-002  0.000000000000000E+000
  2.300000000000000E-002  0.000000000000000E+000
  2.400000000000000E-002  0.000000000000000E+000
  2.500000000000000E-002  0.000000000000000E+000
