 -2.500000000000000E-002  0.000000000000000E+000
 -2.400000000000000E-002  0.000000000000000E+000
 -2.300000000000000E-002  0.000000000000000E+000
 -2.200000000000000E-002  0.000000000000000E+000
 -2.100000000000000E-002  0.000000000000000E+000
 -2.000000000000000E-002  0.000000000000000E+000
 -1.900000000000000E-002  0.000000000000000E+000
 -1.800000000000000E-002  0.378330259341895     
 -1.700000000000000E-002   2.55260745324982     
 -1.600000000000000E-002  0.602042287408293     
 -1.500000000000000E-002   1.53460920242537     
 -1.400000000000000E-002   2.96596516387999     
 -1.300000000000000E-002   2.40718197704652     
 -1.200000000000000E-002  0.783486681725688     
 -1.100000000000000E-002  0.392467958797802     
 -1.000000000000000E-002  0.715934262667254     
 -9.000000000000001E-003   1.91084172989220     
 -8.000000000000000E-003   1.81583784975978     
 -6.999999999999999E-003   2.25882827772287     
 -6.000000000000002E-003   9.49984697640503     
 -5.000000000000001E-003   8.58042529064882     
 -4.000000000000000E-003   10.7474200656901     
 -3.000000000000003E-003   25.2270251703174     
 -2.000000000000002E-003   37.2921007915968     
 -1.000000000000001E-003   29.5191871525100     
  0.000000000000000E+000   18.2118739587978     
  1.000000000000001E-003   12.3020948128835     
  1.999999999999998E-003   7.73979813754191     
  2.999999999999999E-003   7.37268033597047     
  4.000000000000000E-003   5.50217858263821     
  4.999999999999998E-003   7.16492934845027     
  5.999999999999998E-003   3.64534865929466     
  6.999999999999999E-003   3.98609661631883     
  8.000000000000000E-003   10.2988960824463     
  9.000000000000001E-003   4.97478967765550     
  1.000000000000000E-002   9.28218462147318     
  1.100000000000000E-002   10.8559807370160     
  1.200000000000000E-002   3.85597776222999     
  1.300000000000000E-002  0.152132116197655     
  1.400000000000000E-002  0.000000000000000E+000
  1.500000000000000E-002  0.000000000000000E+000
  1.600000000000000E-002  0.000000000000000E+000
  1.700000000000000E-002  0.000000000000000E+000
  1.800000000000000E-002  0.000000000000000E+000
  1.900000000000000E-002  0.000000000000000E+000
  2.000000000000000E-002  0.000000000000000E+000
  2.100000000000000E-002  0.000000000000000E+000
  2.200000000000000E-002  0.000000000000000E+000
  2.300000000000000E-002  0.000000000000000E+000
  2.400000000000000E-002  0.000000000000000E+000
  2.500000000000000E-002  0.000000000000000E+000
