 -2.500000000000000E-002  0.000000000000000E+000
 -2.400000000000000E-002  0.000000000000000E+000
 -2.300000000000000E-002  0.000000000000000E+000
 -2.200000000000000E-002  0.000000000000000E+000
 -2.100000000000000E-002  0.000000000000000E+000
 -2.000000000000000E-002  0.000000000000000E+000
 -1.900000000000000E-002  0.000000000000000E+000
 -1.800000000000000E-002  0.000000000000000E+000
 -1.700000000000000E-002  0.000000000000000E+000
 -1.600000000000000E-002  0.000000000000000E+000
 -1.500000000000000E-002  0.000000000000000E+000
 -1.400000000000000E-002  0.000000000000000E+000
 -1.300000000000000E-002  0.000000000000000E+000
 -1.200000000000000E-002  0.000000000000000E+000
 -1.100000000000000E-002  0.000000000000000E+000
 -1.000000000000000E-002  0.000000000000000E+000
 -9.000000000000001E-003  0.000000000000000E+000
 -8.000000000000000E-003  0.623902085942596     
 -6.999999999999999E-003   6.38924467113698     
 -6.000000000000002E-003   13.9290236675496     
 -5.000000000000001E-003   14.8445910897493     
 -4.000000000000000E-003   13.8997261839190     
 -3.000000000000003E-003   11.3693367454855     
 -2.000000000000002E-003   11.1917839492148     
 -1.000000000000001E-003   11.1389876118706     
  0.000000000000000E+000   13.8264307085223     
  1.000000000000001E-003   10.8520994805165     
  1.999999999999998E-003   9.72533635985316     
  2.999999999999999E-003   11.4351617765651     
  4.000000000000000E-003   11.1397338935924     
  4.999999999999998E-003   3.96574805338983     
  5.999999999999998E-003   1.36047487069736     
  6.999999999999999E-003   1.04476009654820     
  8.000000000000000E-003   2.18124602240403     
  9.000000000000001E-003   2.59386058150342     
  1.000000000000000E-002   2.79655224480310     
  1.100000000000000E-002   5.29984481162404     
  1.200000000000000E-002   3.02439229958950     
  1.300000000000000E-002   1.24231045641945     
  1.400000000000000E-002  0.399452339103265     
  1.500000000000000E-002  0.000000000000000E+000
  1.600000000000000E-002  0.000000000000000E+000
  1.700000000000000E-002  0.000000000000000E+000
  1.800000000000000E-002  0.000000000000000E+000
  1.900000000000000E-002  0.000000000000000E+000
  2.000000000000000E-002  0.000000000000000E+000
  2.100000000000000E-002  0.000000000000000E+000
  2.200000000000000E-002  0.000000000000000E+000
  2.300000000000000E-002  0.000000000000000E+000
  2.400000000000000E-002  0.000000000000000E+000
  2.500000000000000E-002  0.000000000000000E+000
