 -2.500000000000000E-002  0.000000000000000E+000
 -2.400000000000000E-002  0.000000000000000E+000
 -2.300000000000000E-002  0.000000000000000E+000
 -2.200000000000000E-002  0.000000000000000E+000
 -2.100000000000000E-002  0.000000000000000E+000
 -2.000000000000000E-002  0.000000000000000E+000
 -1.900000000000000E-002  0.000000000000000E+000
 -1.800000000000000E-002  0.000000000000000E+000
 -1.700000000000000E-002  0.000000000000000E+000
 -1.600000000000000E-002  0.000000000000000E+000
 -1.500000000000000E-002  0.000000000000000E+000
 -1.400000000000000E-002  0.000000000000000E+000
 -1.300000000000000E-002  0.000000000000000E+000
 -1.200000000000000E-002  0.000000000000000E+000
 -1.100000000000000E-002  0.000000000000000E+000
 -1.000000000000000E-002  0.000000000000000E+000
 -9.000000000000001E-003  0.000000000000000E+000
 -8.000000000000000E-003  0.000000000000000E+000
 -6.999999999999999E-003  0.000000000000000E+000
 -6.000000000000002E-003   1.23401117808600     
 -5.000000000000001E-003   9.26065456772302     
 -4.000000000000000E-003   21.3044258721163     
 -3.000000000000003E-003   27.1657466372388     
 -2.000000000000002E-003   27.1374869473550     
 -1.000000000000001E-003   25.0785886484331     
  0.000000000000000E+000   18.3412856839176     
  1.000000000000001E-003   17.6062528698438     
  1.999999999999998E-003   13.7725986688618     
  2.999999999999999E-003   5.52727246650627     
  4.000000000000000E-003   2.66532745674317     
  4.999999999999998E-003   1.04049250773442     
  5.999999999999998E-003  0.866969839807237     
  6.999999999999999E-003   1.34536773009949     
  8.000000000000000E-003  0.958363620190792     
  9.000000000000001E-003   2.87939224986143     
  1.000000000000000E-002   2.14034589802027     
  1.100000000000000E-002   3.77187618108527     
  1.200000000000000E-002   5.15661588042195     
  1.300000000000000E-002   2.18728266194624     
  1.400000000000000E-002  0.976924496781635     
  1.500000000000000E-002  0.234747937226383     
  1.600000000000000E-002  0.000000000000000E+000
  1.700000000000000E-002  0.000000000000000E+000
  1.800000000000000E-002  0.000000000000000E+000
  1.900000000000000E-002  0.000000000000000E+000
  2.000000000000000E-002  0.000000000000000E+000
  2.100000000000000E-002  0.000000000000000E+000
  2.200000000000000E-002  0.000000000000000E+000
  2.300000000000000E-002  0.000000000000000E+000
  2.400000000000000E-002  0.000000000000000E+000
  2.500000000000000E-002  0.000000000000000E+000
