 -2.500000000000000E-002  0.000000000000000E+000
 -2.400000000000000E-002  0.000000000000000E+000
 -2.300000000000000E-002  0.000000000000000E+000
 -2.200000000000000E-002  0.000000000000000E+000
 -2.100000000000000E-002  0.000000000000000E+000
 -2.000000000000000E-002  0.000000000000000E+000
 -1.900000000000000E-002  0.000000000000000E+000
 -1.800000000000000E-002  0.000000000000000E+000
 -1.700000000000000E-002  0.000000000000000E+000
 -1.600000000000000E-002  0.000000000000000E+000
 -1.500000000000000E-002  0.000000000000000E+000
 -1.400000000000000E-002  0.000000000000000E+000
 -1.300000000000000E-002  0.000000000000000E+000
 -1.200000000000000E-002  0.000000000000000E+000
 -1.100000000000000E-002  0.000000000000000E+000
 -1.000000000000000E-002  0.000000000000000E+000
 -9.000000000000001E-003  0.000000000000000E+000
 -8.000000000000000E-003   2.61626171510823     
 -6.999999999999999E-003   7.75602737460606     
 -6.000000000000002E-003   11.6492435770043     
 -5.000000000000001E-003   12.7965207352796     
 -4.000000000000000E-003   10.6551184780225     
 -3.000000000000003E-003   11.2686431276685     
 -2.000000000000002E-003   13.0565619264245     
 -1.000000000000001E-003   11.7814425066637     
  0.000000000000000E+000   17.5303180639641     
  1.000000000000001E-003   9.22896337563155     
  1.999999999999998E-003   12.4801344818498     
  2.999999999999999E-003   10.1392683312723     
  4.000000000000000E-003   6.77712933189873     
  4.999999999999998E-003   3.01044413851742     
  5.999999999999998E-003   9.20311678406464     
  6.999999999999999E-003   6.04927853679630     
  8.000000000000000E-003   4.36645922509091     
  9.000000000000001E-003   2.32801885897471     
  1.000000000000000E-002   2.34823436254623     
  1.100000000000000E-002   2.89300485460241     
  1.200000000000000E-002  0.551650214013471     
  1.300000000000000E-002  0.000000000000000E+000
  1.400000000000000E-002  0.000000000000000E+000
  1.500000000000000E-002  0.000000000000000E+000
  1.600000000000000E-002  0.000000000000000E+000
  1.700000000000000E-002  0.000000000000000E+000
  1.800000000000000E-002  0.000000000000000E+000
  1.900000000000000E-002  0.000000000000000E+000
  2.000000000000000E-002  0.000000000000000E+000
  2.100000000000000E-002  0.000000000000000E+000
  2.200000000000000E-002  0.000000000000000E+000
  2.300000000000000E-002  0.000000000000000E+000
  2.400000000000000E-002  0.000000000000000E+000
  2.500000000000000E-002  0.000000000000000E+000
