 -2.500000000000000E-002  0.000000000000000E+000
 -2.400000000000000E-002  0.000000000000000E+000
 -2.300000000000000E-002  0.000000000000000E+000
 -2.200000000000000E-002  0.000000000000000E+000
 -2.100000000000000E-002  0.000000000000000E+000
 -2.000000000000000E-002  0.000000000000000E+000
 -1.900000000000000E-002  0.000000000000000E+000
 -1.800000000000000E-002  0.000000000000000E+000
 -1.700000000000000E-002  0.000000000000000E+000
 -1.600000000000000E-002  0.000000000000000E+000
 -1.500000000000000E-002  0.000000000000000E+000
 -1.400000000000000E-002  0.000000000000000E+000
 -1.300000000000000E-002  0.000000000000000E+000
 -1.200000000000000E-002  0.000000000000000E+000
 -1.100000000000000E-002  0.000000000000000E+000
 -1.000000000000000E-002   2.54212504119726     
 -9.000000000000001E-003   9.27945922178245     
 -8.000000000000000E-003   12.3453824258499     
 -6.999999999999999E-003   9.52598520135191     
 -6.000000000000002E-003   7.55878088230200     
 -5.000000000000001E-003   6.94095639889637     
 -4.000000000000000E-003   4.32469497770997     
 -3.000000000000003E-003   3.46929362024168     
 -2.000000000000002E-003   4.41828692558006     
 -1.000000000000001E-003   5.23342399330708     
  0.000000000000000E+000   3.92739850874027     
  1.000000000000001E-003   5.81063420034764     
  1.999999999999998E-003   9.90658374801281     
  2.999999999999999E-003   13.1540383565910     
  4.000000000000000E-003   22.4189732722940     
  4.999999999999998E-003   18.3135502134135     
  5.999999999999998E-003   16.6367407970925     
  6.999999999999999E-003   7.32176585123607     
  8.000000000000000E-003  8.804636405350347E-002
  9.000000000000001E-003  0.000000000000000E+000
  1.000000000000000E-002  0.000000000000000E+000
  1.100000000000000E-002  0.000000000000000E+000
  1.200000000000000E-002  0.000000000000000E+000
  1.300000000000000E-002  0.000000000000000E+000
  1.400000000000000E-002  0.000000000000000E+000
  1.500000000000000E-002  0.000000000000000E+000
  1.600000000000000E-002  0.000000000000000E+000
  1.700000000000000E-002  0.000000000000000E+000
  1.800000000000000E-002  0.000000000000000E+000
  1.900000000000000E-002  0.000000000000000E+000
  2.000000000000000E-002  0.000000000000000E+000
  2.100000000000000E-002  0.000000000000000E+000
  2.200000000000000E-002  0.000000000000000E+000
  2.300000000000000E-002  0.000000000000000E+000
  2.400000000000000E-002  0.000000000000000E+000
  2.500000000000000E-002  0.000000000000000E+000
