 -2.500000000000000E-002  0.000000000000000E+000
 -2.400000000000000E-002  0.000000000000000E+000
 -2.300000000000000E-002  0.000000000000000E+000
 -2.200000000000000E-002  0.000000000000000E+000
 -2.100000000000000E-002  0.000000000000000E+000
 -2.000000000000000E-002  0.000000000000000E+000
 -1.900000000000000E-002  0.000000000000000E+000
 -1.800000000000000E-002  0.000000000000000E+000
 -1.700000000000000E-002  0.000000000000000E+000
 -1.600000000000000E-002  0.000000000000000E+000
 -1.500000000000000E-002  0.000000000000000E+000
 -1.400000000000000E-002  0.000000000000000E+000
 -1.300000000000000E-002  0.000000000000000E+000
 -1.200000000000000E-002  0.000000000000000E+000
 -1.100000000000000E-002  0.000000000000000E+000
 -1.000000000000000E-002  0.000000000000000E+000
 -9.000000000000001E-003  0.000000000000000E+000
 -8.000000000000000E-003  0.454670348166484     
 -6.999999999999999E-003   3.01153475627182     
 -6.000000000000002E-003   5.08345767505921     
 -5.000000000000001E-003   9.10746388938766     
 -4.000000000000000E-003   18.9031993015748     
 -3.000000000000003E-003   17.7238769195643     
 -2.000000000000002E-003   19.0268388628929     
 -1.000000000000001E-003   18.0200213015707     
  0.000000000000000E+000   17.1409831252167     
  1.000000000000001E-003   22.1511555232257     
  1.999999999999998E-003   8.93271661650294     
  2.999999999999999E-003   6.78884334460744     
  4.000000000000000E-003   7.45186752758710     
  4.999999999999998E-003   5.91911923994876     
  5.999999999999998E-003   5.39526073199691     
  6.999999999999999E-003   3.25184417491717     
  8.000000000000000E-003   1.27302962806690     
  9.000000000000001E-003   1.95459659869281     
  1.000000000000000E-002   4.81854278763415     
  1.100000000000000E-002   2.84654866350320     
  1.200000000000000E-002  0.106138983612218     
  1.300000000000000E-002  0.000000000000000E+000
  1.400000000000000E-002  0.000000000000000E+000
  1.500000000000000E-002  0.000000000000000E+000
  1.600000000000000E-002  0.000000000000000E+000
  1.700000000000000E-002  0.000000000000000E+000
  1.800000000000000E-002  0.000000000000000E+000
  1.900000000000000E-002  0.000000000000000E+000
  2.000000000000000E-002  0.000000000000000E+000
  2.100000000000000E-002  0.000000000000000E+000
  2.200000000000000E-002  0.000000000000000E+000
  2.300000000000000E-002  0.000000000000000E+000
  2.400000000000000E-002  0.000000000000000E+000
  2.500000000000000E-002  0.000000000000000E+000
