 -2.500000000000000E-002  0.000000000000000E+000
 -2.400000000000000E-002  0.000000000000000E+000
 -2.300000000000000E-002  0.000000000000000E+000
 -2.200000000000000E-002  0.000000000000000E+000
 -2.100000000000000E-002  0.000000000000000E+000
 -2.000000000000000E-002  0.000000000000000E+000
 -1.900000000000000E-002  0.000000000000000E+000
 -1.800000000000000E-002  0.000000000000000E+000
 -1.700000000000000E-002  0.000000000000000E+000
 -1.600000000000000E-002  0.000000000000000E+000
 -1.500000000000000E-002  0.000000000000000E+000
 -1.400000000000000E-002  0.000000000000000E+000
 -1.300000000000000E-002  0.000000000000000E+000
 -1.200000000000000E-002  0.491436219749314     
 -1.100000000000000E-002  0.716055040865860     
 -1.000000000000000E-002   2.05269996662257     
 -9.000000000000001E-003   1.65040077450790     
 -8.000000000000000E-003  6.952968980309704E-002
 -6.999999999999999E-003   1.46398751988138     
 -6.000000000000002E-003   3.03248758733510     
 -5.000000000000001E-003   5.57466222532994     
 -4.000000000000000E-003   9.29277117436838     
 -3.000000000000003E-003   14.5308663011104     
 -2.000000000000002E-003   17.7241262618979     
 -1.000000000000001E-003   10.4759026177840     
  0.000000000000000E+000   9.41486801700572     
  1.000000000000001E-003   10.4797409742199     
  1.999999999999998E-003   10.0808170286425     
  2.999999999999999E-003   3.82286316980027     
  4.000000000000000E-003   2.83407714374712     
  4.999999999999998E-003   2.66898875228713     
  5.999999999999998E-003   6.76217484422180     
  6.999999999999999E-003   4.78145242253142     
  8.000000000000000E-003   9.55437077397734     
  9.000000000000001E-003   1.54521149431104     
  1.000000000000000E-002  0.000000000000000E+000
  1.100000000000000E-002  0.000000000000000E+000
  1.200000000000000E-002  0.000000000000000E+000
  1.300000000000000E-002  0.000000000000000E+000
  1.400000000000000E-002  0.000000000000000E+000
  1.500000000000000E-002  0.000000000000000E+000
  1.600000000000000E-002  0.000000000000000E+000
  1.700000000000000E-002  0.000000000000000E+000
  1.800000000000000E-002  0.000000000000000E+000
  1.900000000000000E-002  0.000000000000000E+000
  2.000000000000000E-002  0.000000000000000E+000
  2.100000000000000E-002  0.000000000000000E+000
  2.200000000000000E-002  0.000000000000000E+000
  2.300000000000000E-002  0.000000000000000E+000
  2.400000000000000E-002  0.000000000000000E+000
  2.500000000000000E-002  0.000000000000000E+000
