 -2.500000000000000E-002  0.000000000000000E+000
 -2.400000000000000E-002  0.000000000000000E+000
 -2.300000000000000E-002  0.000000000000000E+000
 -2.200000000000000E-002  0.000000000000000E+000
 -2.100000000000000E-002  0.000000000000000E+000
 -2.000000000000000E-002  0.000000000000000E+000
 -1.900000000000000E-002  0.000000000000000E+000
 -1.800000000000000E-002  0.000000000000000E+000
 -1.700000000000000E-002  0.000000000000000E+000
 -1.600000000000000E-002  0.000000000000000E+000
 -1.500000000000000E-002  0.000000000000000E+000
 -1.400000000000000E-002  0.000000000000000E+000
 -1.300000000000000E-002  0.000000000000000E+000
 -1.200000000000000E-002  0.000000000000000E+000
 -1.100000000000000E-002  0.000000000000000E+000
 -1.000000000000000E-002  0.000000000000000E+000
 -9.000000000000001E-003  0.000000000000000E+000
 -8.000000000000000E-003  0.000000000000000E+000
 -6.999999999999999E-003  0.132960660698024     
 -6.000000000000002E-003   6.20317309260809     
 -5.000000000000001E-003   15.9901671566278     
 -4.000000000000000E-003   21.2686744963044     
 -3.000000000000003E-003   22.2312846978525     
 -2.000000000000002E-003   24.4105594050168     
 -1.000000000000001E-003   18.7536022307267     
  0.000000000000000E+000   13.4530428559000     
  1.000000000000001E-003   16.9777923492285     
  1.999999999999998E-003   13.3403485396519     
  2.999999999999999E-003   5.49349470625979     
  4.000000000000000E-003   8.18835091280063     
  4.999999999999998E-003   7.63493505741974     
  5.999999999999998E-003   7.20574686371084     
  6.999999999999999E-003   8.54501337153209     
  8.000000000000000E-003   7.55684369089793     
  9.000000000000001E-003   4.29760761499508     
  1.000000000000000E-002  0.107112297769248     
  1.100000000000000E-002  0.000000000000000E+000
  1.200000000000000E-002  0.000000000000000E+000
  1.300000000000000E-002  0.000000000000000E+000
  1.400000000000000E-002  0.000000000000000E+000
  1.500000000000000E-002  0.000000000000000E+000
  1.600000000000000E-002  0.000000000000000E+000
  1.700000000000000E-002  0.000000000000000E+000
  1.800000000000000E-002  0.000000000000000E+000
  1.900000000000000E-002  0.000000000000000E+000
  2.000000000000000E-002  0.000000000000000E+000
  2.100000000000000E-002  0.000000000000000E+000
  2.200000000000000E-002  0.000000000000000E+000
  2.300000000000000E-002  0.000000000000000E+000
  2.400000000000000E-002  0.000000000000000E+000
  2.500000000000000E-002  0.000000000000000E+000
