 -2.500000000000000E-002  0.000000000000000E+000
 -2.400000000000000E-002  0.000000000000000E+000
 -2.300000000000000E-002  0.000000000000000E+000
 -2.200000000000000E-002  0.000000000000000E+000
 -2.100000000000000E-002  0.000000000000000E+000
 -2.000000000000000E-002  0.000000000000000E+000
 -1.900000000000000E-002  0.000000000000000E+000
 -1.800000000000000E-002  0.000000000000000E+000
 -1.700000000000000E-002  0.000000000000000E+000
 -1.600000000000000E-002  0.000000000000000E+000
 -1.500000000000000E-002  0.000000000000000E+000
 -1.400000000000000E-002  8.422597301008555E-002
 -1.300000000000000E-002   1.02174506287322     
 -1.200000000000000E-002   2.24697718313913     
 -1.100000000000000E-002   4.83511504163020     
 -1.000000000000000E-002   4.53701390426920     
 -9.000000000000001E-003   3.31735830749179     
 -8.000000000000000E-003   4.74057445993376     
 -6.999999999999999E-003   4.49762653857429     
 -6.000000000000002E-003   6.63922648610950     
 -5.000000000000001E-003   8.96231251479118     
 -4.000000000000000E-003   9.55563366235205     
 -3.000000000000003E-003   8.86215782132596     
 -2.000000000000002E-003   6.48587208774278     
 -1.000000000000001E-003   5.54500399043452     
  0.000000000000000E+000   6.68027650776731     
  1.000000000000001E-003   5.51650613371397     
  1.999999999999998E-003   5.06505185055863     
  2.999999999999999E-003   7.19452955716631     
  4.000000000000000E-003   8.81215752607223     
  4.999999999999998E-003   6.89662883899870     
  5.999999999999998E-003   12.2587713834239     
  6.999999999999999E-003   9.47760103678933     
  8.000000000000000E-003   8.53269305814795     
  9.000000000000001E-003   2.78629723831455     
  1.000000000000000E-002   1.56077148615381     
  1.100000000000000E-002   1.73938839909050     
  1.200000000000000E-002   1.52671299184094     
  1.300000000000000E-002  0.635019003368104     
  1.400000000000000E-002  0.169631954916100     
  1.500000000000000E-002  0.000000000000000E+000
  1.600000000000000E-002  0.000000000000000E+000
  1.700000000000000E-002  0.000000000000000E+000
  1.800000000000000E-002  0.000000000000000E+000
  1.900000000000000E-002  0.000000000000000E+000
  2.000000000000000E-002  0.000000000000000E+000
  2.100000000000000E-002  0.000000000000000E+000
  2.200000000000000E-002  0.000000000000000E+000
  2.300000000000000E-002  0.000000000000000E+000
  2.400000000000000E-002  0.000000000000000E+000
  2.500000000000000E-002  0.000000000000000E+000
