 -2.500000000000000E-002  0.000000000000000E+000
 -2.400000000000000E-002  0.000000000000000E+000
 -2.300000000000000E-002  0.000000000000000E+000
 -2.200000000000000E-002  0.000000000000000E+000
 -2.100000000000000E-002  0.000000000000000E+000
 -2.000000000000000E-002  0.000000000000000E+000
 -1.900000000000000E-002  0.000000000000000E+000
 -1.800000000000000E-002  0.000000000000000E+000
 -1.700000000000000E-002  0.000000000000000E+000
 -1.600000000000000E-002  0.000000000000000E+000
 -1.500000000000000E-002  0.000000000000000E+000
 -1.400000000000000E-002  0.000000000000000E+000
 -1.300000000000000E-002  0.000000000000000E+000
 -1.200000000000000E-002  0.000000000000000E+000
 -1.100000000000000E-002  0.000000000000000E+000
 -1.000000000000000E-002  0.000000000000000E+000
 -9.000000000000001E-003  0.378057361119662     
 -8.000000000000000E-003   4.44713139338160     
 -6.999999999999999E-003   8.12928903862035     
 -6.000000000000002E-003   13.0615468514395     
 -5.000000000000001E-003   12.1937353783438     
 -4.000000000000000E-003   12.0381018571791     
 -3.000000000000003E-003   14.9436911869111     
 -2.000000000000002E-003   15.1536743529060     
 -1.000000000000001E-003   7.22147887406062     
  0.000000000000000E+000   3.35077038955912     
  1.000000000000001E-003   1.96450812802459     
  1.999999999999998E-003   4.14440241821258     
  2.999999999999999E-003   2.23617138309421     
  4.000000000000000E-003   3.08399065056315     
  4.999999999999998E-003   2.69704414461822     
  5.999999999999998E-003   2.46044649026213     
  6.999999999999999E-003   3.51691713581066     
  8.000000000000000E-003   3.11644034527374     
  9.000000000000001E-003   5.29673059621840     
  1.000000000000000E-002   9.92749482531761     
  1.100000000000000E-002   5.46918274711032     
  1.200000000000000E-002   2.26042057475797     
  1.300000000000000E-002   1.85049684330734     
  1.400000000000000E-002  3.570339081331999E-004
  1.500000000000000E-002  0.000000000000000E+000
  1.600000000000000E-002  0.000000000000000E+000
  1.700000000000000E-002  0.000000000000000E+000
  1.800000000000000E-002  0.000000000000000E+000
  1.900000000000000E-002  0.000000000000000E+000
  2.000000000000000E-002  0.000000000000000E+000
  2.100000000000000E-002  0.000000000000000E+000
  2.200000000000000E-002  0.000000000000000E+000
  2.300000000000000E-002  0.000000000000000E+000
  2.400000000000000E-002  0.000000000000000E+000
  2.500000000000000E-002  0.000000000000000E+000
