 -2.500000000000000E-002  0.000000000000000E+000
 -2.400000000000000E-002  0.000000000000000E+000
 -2.300000000000000E-002  0.000000000000000E+000
 -2.200000000000000E-002  0.000000000000000E+000
 -2.100000000000000E-002  0.000000000000000E+000
 -2.000000000000000E-002  0.483825850784804     
 -1.900000000000000E-002   1.14384354005441     
 -1.800000000000000E-002   1.00801055911391     
 -1.700000000000000E-002   1.13417550222721     
 -1.600000000000000E-002  0.871808784710289     
 -1.500000000000000E-002  0.755595813328100     
 -1.400000000000000E-002  0.312124917542276     
 -1.300000000000000E-002   1.21492188878917     
 -1.200000000000000E-002  0.742224646611349     
 -1.100000000000000E-002  0.452953382930640     
 -1.000000000000000E-002  0.303477060446011     
 -9.000000000000001E-003  0.605291678953349     
 -8.000000000000000E-003   1.01321878368008     
 -6.999999999999999E-003   2.14204422672227     
 -6.000000000000002E-003   2.25783894577738     
 -5.000000000000001E-003   2.34120418271148     
 -4.000000000000000E-003   1.99101209013703     
 -3.000000000000003E-003   3.38384157657731     
 -2.000000000000002E-003   1.86007580176468     
 -1.000000000000001E-003   2.63496481252358     
  0.000000000000000E+000   2.15237185229528     
  1.000000000000001E-003   2.08521498094920     
  1.999999999999998E-003   4.40497291085280     
  2.999999999999999E-003   9.96295681289383     
  4.000000000000000E-003   12.4570784510461     
  4.999999999999998E-003   11.0268749432254     
  5.999999999999998E-003   8.93384292340841     
  6.999999999999999E-003   1.32383307994366     
  8.000000000000000E-003  0.000000000000000E+000
  9.000000000000001E-003  0.000000000000000E+000
  1.000000000000000E-002  0.000000000000000E+000
  1.100000000000000E-002  0.000000000000000E+000
  1.200000000000000E-002  0.000000000000000E+000
  1.300000000000000E-002  0.000000000000000E+000
  1.400000000000000E-002  0.000000000000000E+000
  1.500000000000000E-002  0.000000000000000E+000
  1.600000000000000E-002  0.000000000000000E+000
  1.700000000000000E-002  0.000000000000000E+000
  1.800000000000000E-002  0.000000000000000E+000
  1.900000000000000E-002  0.000000000000000E+000
  2.000000000000000E-002  0.000000000000000E+000
  2.100000000000000E-002  0.000000000000000E+000
  2.200000000000000E-002  0.000000000000000E+000
  2.300000000000000E-002  0.000000000000000E+000
  2.400000000000000E-002  0.000000000000000E+000
  2.500000000000000E-002  0.000000000000000E+000
