 -2.500000000000000E-002  0.000000000000000E+000
 -2.400000000000000E-002  0.000000000000000E+000
 -2.300000000000000E-002  0.000000000000000E+000
 -2.200000000000000E-002  0.000000000000000E+000
 -2.100000000000000E-002  0.000000000000000E+000
 -2.000000000000000E-002  0.000000000000000E+000
 -1.900000000000000E-002  0.000000000000000E+000
 -1.800000000000000E-002  0.000000000000000E+000
 -1.700000000000000E-002  0.000000000000000E+000
 -1.600000000000000E-002  0.156823464454545     
 -1.500000000000000E-002  0.384468396362063     
 -1.400000000000000E-002   1.83766391551320     
 -1.300000000000000E-002  0.211884223670192     
 -1.200000000000000E-002  0.529766512438871     
 -1.100000000000000E-002  0.926758884086780     
 -1.000000000000000E-002   1.21795516919124     
 -9.000000000000001E-003  0.894989434283105     
 -8.000000000000000E-003  0.619182928179791     
 -6.999999999999999E-003  0.754302152052705     
 -6.000000000000002E-003   1.29908129943218     
 -5.000000000000001E-003   1.98130777596509     
 -4.000000000000000E-003   5.50490410446038     
 -3.000000000000003E-003   19.1782684813819     
 -2.000000000000002E-003   44.0378106109109     
 -1.000000000000001E-003   53.8728181665749     
  0.000000000000000E+000   42.7120530007600     
  1.000000000000001E-003   33.1026408584484     
  1.999999999999998E-003   23.4997372621366     
  2.999999999999999E-003   16.5209130688621     
  4.000000000000000E-003   1.75158184588932     
  4.999999999999998E-003   1.02268445811939     
  5.999999999999998E-003   1.38167225610345     
  6.999999999999999E-003  0.995247717575010     
  8.000000000000000E-003  0.904413852759642     
  9.000000000000001E-003   1.05736435486474     
  1.000000000000000E-002   1.09473599135224     
  1.100000000000000E-002   1.36037521880682     
  1.200000000000000E-002   1.77527863734295     
  1.300000000000000E-002   1.86594961163077     
  1.400000000000000E-002   2.39343720147191     
  1.500000000000000E-002   1.98213276636953     
  1.600000000000000E-002  0.403856378549232     
  1.700000000000000E-002  0.000000000000000E+000
  1.800000000000000E-002  0.000000000000000E+000
  1.900000000000000E-002  0.000000000000000E+000
  2.000000000000000E-002  0.000000000000000E+000
  2.100000000000000E-002  0.000000000000000E+000
  2.200000000000000E-002  0.000000000000000E+000
  2.300000000000000E-002  0.000000000000000E+000
  2.400000000000000E-002  0.000000000000000E+000
  2.500000000000000E-002  0.000000000000000E+000
