 -2.500000000000000E-002  0.000000000000000E+000
 -2.400000000000000E-002  0.000000000000000E+000
 -2.300000000000000E-002  0.000000000000000E+000
 -2.200000000000000E-002  0.000000000000000E+000
 -2.100000000000000E-002  0.000000000000000E+000
 -2.000000000000000E-002  0.000000000000000E+000
 -1.900000000000000E-002  0.000000000000000E+000
 -1.800000000000000E-002  0.000000000000000E+000
 -1.700000000000000E-002  0.000000000000000E+000
 -1.600000000000000E-002  0.000000000000000E+000
 -1.500000000000000E-002  0.000000000000000E+000
 -1.400000000000000E-002  0.000000000000000E+000
 -1.300000000000000E-002   1.01329915276335     
 -1.200000000000000E-002   4.05387366702633     
 -1.100000000000000E-002   1.37070718021032     
 -1.000000000000000E-002   1.72702154121221     
 -9.000000000000001E-003   3.49676675658279     
 -8.000000000000000E-003  0.776941706603277     
 -6.999999999999999E-003   2.53894468782596     
 -6.000000000000002E-003   5.46588960085999     
 -5.000000000000001E-003   9.95474664147899     
 -4.000000000000000E-003  0.540037977962288     
 -3.000000000000003E-003   5.77944542123788     
 -2.000000000000002E-003   18.1639997864940     
 -1.000000000000001E-003   10.7895001992450     
  0.000000000000000E+000   3.39732770208696     
  1.000000000000001E-003   8.31518314255726     
  1.999999999999998E-003   28.1135025623643     
  2.999999999999999E-003   20.3731379291844     
  4.000000000000000E-003   38.0970491212473     
  4.999999999999998E-003   4.76825522305737     
  5.999999999999998E-003  0.000000000000000E+000
  6.999999999999999E-003  0.000000000000000E+000
  8.000000000000000E-003  0.000000000000000E+000
  9.000000000000001E-003  0.000000000000000E+000
  1.000000000000000E-002  0.000000000000000E+000
  1.100000000000000E-002  0.000000000000000E+000
  1.200000000000000E-002  0.000000000000000E+000
  1.300000000000000E-002  0.000000000000000E+000
  1.400000000000000E-002  0.000000000000000E+000
  1.500000000000000E-002  0.000000000000000E+000
  1.600000000000000E-002  0.000000000000000E+000
  1.700000000000000E-002  0.000000000000000E+000
  1.800000000000000E-002  0.000000000000000E+000
  1.900000000000000E-002  0.000000000000000E+000
  2.000000000000000E-002  0.000000000000000E+000
  2.100000000000000E-002  0.000000000000000E+000
  2.200000000000000E-002  0.000000000000000E+000
  2.300000000000000E-002  0.000000000000000E+000
  2.400000000000000E-002  0.000000000000000E+000
  2.500000000000000E-002  0.000000000000000E+000
