 -2.500000000000000E-002  0.000000000000000E+000
 -2.400000000000000E-002  0.000000000000000E+000
 -2.300000000000000E-002  0.000000000000000E+000
 -2.200000000000000E-002  0.000000000000000E+000
 -2.100000000000000E-002  0.000000000000000E+000
 -2.000000000000000E-002  0.000000000000000E+000
 -1.900000000000000E-002  0.000000000000000E+000
 -1.800000000000000E-002  0.000000000000000E+000
 -1.700000000000000E-002  0.000000000000000E+000
 -1.600000000000000E-002  0.000000000000000E+000
 -1.500000000000000E-002  0.000000000000000E+000
 -1.400000000000000E-002  0.000000000000000E+000
 -1.300000000000000E-002  0.000000000000000E+000
 -1.200000000000000E-002  0.000000000000000E+000
 -1.100000000000000E-002  4.875962984678759E-002
 -1.000000000000000E-002   1.96910188936602     
 -9.000000000000001E-003   3.56490750351554     
 -8.000000000000000E-003   4.31383512730674     
 -6.999999999999999E-003   7.99168566014487     
 -6.000000000000002E-003   14.7572244826183     
 -5.000000000000001E-003   14.9758451296906     
 -4.000000000000000E-003   14.3750859238914     
 -3.000000000000003E-003   10.2287723699803     
 -2.000000000000002E-003   8.33522930325870     
 -1.000000000000001E-003   7.88982558375156     
  0.000000000000000E+000   8.63204156613793     
  1.000000000000001E-003   8.09965993224283     
  1.999999999999998E-003   9.52189384933360     
  2.999999999999999E-003   10.3043549175361     
  4.000000000000000E-003   12.8206039880013     
  4.999999999999998E-003   10.9805838595154     
  5.999999999999998E-003   2.68433178701567     
  6.999999999999999E-003   3.57412640169693     
  8.000000000000000E-003   3.16582844294745     
  9.000000000000001E-003   5.18194189562044     
  1.000000000000000E-002   6.30608825496898     
  1.100000000000000E-002   4.19926010863274     
  1.200000000000000E-002   2.37607855159307     
  1.300000000000000E-002  0.233783841386624     
  1.400000000000000E-002  0.000000000000000E+000
  1.500000000000000E-002  0.000000000000000E+000
  1.600000000000000E-002  0.000000000000000E+000
  1.700000000000000E-002  0.000000000000000E+000
  1.800000000000000E-002  0.000000000000000E+000
  1.900000000000000E-002  0.000000000000000E+000
  2.000000000000000E-002  0.000000000000000E+000
  2.100000000000000E-002  0.000000000000000E+000
  2.200000000000000E-002  0.000000000000000E+000
  2.300000000000000E-002  0.000000000000000E+000
  2.400000000000000E-002  0.000000000000000E+000
  2.500000000000000E-002  0.000000000000000E+000
