 -2.500000000000000E-002  0.000000000000000E+000
 -2.400000000000000E-002  0.000000000000000E+000
 -2.300000000000000E-002  0.000000000000000E+000
 -2.200000000000000E-002  0.000000000000000E+000
 -2.100000000000000E-002  0.000000000000000E+000
 -2.000000000000000E-002  0.000000000000000E+000
 -1.900000000000000E-002  0.000000000000000E+000
 -1.800000000000000E-002  0.000000000000000E+000
 -1.700000000000000E-002  0.000000000000000E+000
 -1.600000000000000E-002  0.000000000000000E+000
 -1.500000000000000E-002  0.000000000000000E+000
 -1.400000000000000E-002  0.000000000000000E+000
 -1.300000000000000E-002  0.000000000000000E+000
 -1.200000000000000E-002  0.000000000000000E+000
 -1.100000000000000E-002  0.000000000000000E+000
 -1.000000000000000E-002  0.253914269029325     
 -9.000000000000001E-003  0.989831879502598     
 -8.000000000000000E-003   1.02690564352199     
 -6.999999999999999E-003   1.56503149379955     
 -6.000000000000002E-003  0.978087740286100     
 -5.000000000000001E-003   1.12095153636012     
 -4.000000000000000E-003   4.83596337203816     
 -3.000000000000003E-003   20.0398051026757     
 -2.000000000000002E-003   25.9227574970441     
 -1.000000000000001E-003   32.2794200950870     
  0.000000000000000E+000   23.7910189839735     
  1.000000000000001E-003   21.8554791373126     
  1.999999999999998E-003   22.5388384148914     
  2.999999999999999E-003   4.11020934597144     
  4.000000000000000E-003   2.37773929307188     
  4.999999999999998E-003   1.69881415926015     
  5.999999999999998E-003  0.227013720121899     
  6.999999999999999E-003  0.492916864150882     
  8.000000000000000E-003  0.687192470892862     
  9.000000000000001E-003  0.561775298438117     
  1.000000000000000E-002  0.357153682570568     
  1.100000000000000E-002  0.466645159082107     
  1.200000000000000E-002  0.541381605382433     
  1.300000000000000E-002  0.163621906910445     
  1.400000000000000E-002   1.32445818752667     
  1.500000000000000E-002   1.04981568457726     
  1.600000000000000E-002  0.437177240394904     
  1.700000000000000E-002  0.595434004084081     
  1.800000000000000E-002  0.155779839631757     
  1.900000000000000E-002  0.424092252976769     
  2.000000000000000E-002  0.458804119433575     
  2.100000000000000E-002  0.000000000000000E+000
  2.200000000000000E-002  0.000000000000000E+000
  2.300000000000000E-002  0.000000000000000E+000
  2.400000000000000E-002  0.000000000000000E+000
  2.500000000000000E-002  0.000000000000000E+000
