 -2.500000000000000E-002  0.000000000000000E+000
 -2.400000000000000E-002  0.000000000000000E+000
 -2.300000000000000E-002  0.000000000000000E+000
 -2.200000000000000E-002  0.000000000000000E+000
 -2.100000000000000E-002  0.000000000000000E+000
 -2.000000000000000E-002  0.000000000000000E+000
 -1.900000000000000E-002  0.000000000000000E+000
 -1.800000000000000E-002  0.000000000000000E+000
 -1.700000000000000E-002  0.000000000000000E+000
 -1.600000000000000E-002  0.000000000000000E+000
 -1.500000000000000E-002  0.000000000000000E+000
 -1.400000000000000E-002  0.000000000000000E+000
 -1.300000000000000E-002  0.000000000000000E+000
 -1.200000000000000E-002  0.000000000000000E+000
 -1.100000000000000E-002  0.000000000000000E+000
 -1.000000000000000E-002  0.000000000000000E+000
 -9.000000000000001E-003  0.000000000000000E+000
 -8.000000000000000E-003  0.171766167799605     
 -6.999999999999999E-003   2.29484682082182     
 -6.000000000000002E-003   4.34445010237900     
 -5.000000000000001E-003   7.54212751603496     
 -4.000000000000000E-003   16.4615862108595     
 -3.000000000000003E-003   21.8199309589522     
 -2.000000000000002E-003   24.1853996405113     
 -1.000000000000001E-003   21.1786793036650     
  0.000000000000000E+000   18.7003530979169     
  1.000000000000001E-003   14.8386524792091     
  1.999999999999998E-003   7.33822009489536     
  2.999999999999999E-003   2.47759592671873     
  4.000000000000000E-003   1.78562901555581     
  4.999999999999998E-003   1.32482933829279     
  5.999999999999998E-003   3.71067061805716     
  6.999999999999999E-003   2.68648754086097     
  8.000000000000000E-003   2.52630612489896     
  9.000000000000001E-003   3.56002265463914     
  1.000000000000000E-002   1.88256965861525     
  1.100000000000000E-002   3.01940042380569     
  1.200000000000000E-002   4.77213441258448     
  1.300000000000000E-002   1.76472522711434     
  1.400000000000000E-002  0.299366665811870     
  1.500000000000000E-002  0.000000000000000E+000
  1.600000000000000E-002  0.000000000000000E+000
  1.700000000000000E-002  0.000000000000000E+000
  1.800000000000000E-002  0.000000000000000E+000
  1.900000000000000E-002  0.000000000000000E+000
  2.000000000000000E-002  0.000000000000000E+000
  2.100000000000000E-002  0.000000000000000E+000
  2.200000000000000E-002  0.000000000000000E+000
  2.300000000000000E-002  0.000000000000000E+000
  2.400000000000000E-002  0.000000000000000E+000
  2.500000000000000E-002  0.000000000000000E+000
