 -2.500000000000000E-002  0.000000000000000E+000
 -2.400000000000000E-002  0.000000000000000E+000
 -2.300000000000000E-002  0.000000000000000E+000
 -2.200000000000000E-002  0.000000000000000E+000
 -2.100000000000000E-002  0.000000000000000E+000
 -2.000000000000000E-002  0.000000000000000E+000
 -1.900000000000000E-002  0.000000000000000E+000
 -1.800000000000000E-002  0.000000000000000E+000
 -1.700000000000000E-002  0.000000000000000E+000
 -1.600000000000000E-002  0.115309212963622     
 -1.500000000000000E-002  0.504102866685449     
 -1.400000000000000E-002   1.47491666322179     
 -1.300000000000000E-002  0.692801257129143     
 -1.200000000000000E-002  0.411130606197865     
 -1.100000000000000E-002  0.908864156739424     
 -1.000000000000000E-002   1.16502511623466     
 -9.000000000000001E-003  0.804627017887075     
 -8.000000000000000E-003  0.861516555360009     
 -6.999999999999999E-003  0.720992374369745     
 -6.000000000000002E-003   1.15721947520693     
 -5.000000000000001E-003   1.92382969365882     
 -4.000000000000000E-003   5.46553973410631     
 -3.000000000000003E-003   17.5299294743054     
 -2.000000000000002E-003   31.2885794427553     
 -1.000000000000001E-003   33.1961690798066     
  0.000000000000000E+000   26.2312974308272     
  1.000000000000001E-003   19.4923414181294     
  1.999999999999998E-003   17.3427319849181     
  2.999999999999999E-003   8.64285777101525     
  4.000000000000000E-003   1.70596347318486     
  4.999999999999998E-003   1.55379896030554     
  5.999999999999998E-003   1.16188293762258     
  6.999999999999999E-003  0.721536074824253     
  8.000000000000000E-003  0.823817073646443     
  9.000000000000001E-003  0.966091434007173     
  1.000000000000000E-002   1.41995802225274     
  1.100000000000000E-002   1.37956946367771     
  1.200000000000000E-002   1.60309259766374     
  1.300000000000000E-002   2.22682610799838     
  1.400000000000000E-002   2.30877588523413     
  1.500000000000000E-002   1.77083736744221     
  1.600000000000000E-002  0.447839270622182     
  1.700000000000000E-002  0.000000000000000E+000
  1.800000000000000E-002  0.000000000000000E+000
  1.900000000000000E-002  0.000000000000000E+000
  2.000000000000000E-002  0.000000000000000E+000
  2.100000000000000E-002  0.000000000000000E+000
  2.200000000000000E-002  0.000000000000000E+000
  2.300000000000000E-002  0.000000000000000E+000
  2.400000000000000E-002  0.000000000000000E+000
  2.500000000000000E-002  0.000000000000000E+000
