 -2.500000000000000E-002  0.000000000000000E+000
 -2.400000000000000E-002  0.000000000000000E+000
 -2.300000000000000E-002  0.000000000000000E+000
 -2.200000000000000E-002  0.000000000000000E+000
 -2.100000000000000E-002  0.000000000000000E+000
 -2.000000000000000E-002  0.000000000000000E+000
 -1.900000000000000E-002  0.000000000000000E+000
 -1.800000000000000E-002  0.000000000000000E+000
 -1.700000000000000E-002  0.000000000000000E+000
 -1.600000000000000E-002  0.000000000000000E+000
 -1.500000000000000E-002  0.000000000000000E+000
 -1.400000000000000E-002  0.000000000000000E+000
 -1.300000000000000E-002  0.000000000000000E+000
 -1.200000000000000E-002  0.000000000000000E+000
 -1.100000000000000E-002  0.000000000000000E+000
 -1.000000000000000E-002  0.000000000000000E+000
 -9.000000000000001E-003  0.000000000000000E+000
 -8.000000000000000E-003   1.86649429566107     
 -6.999999999999999E-003   12.3773652300821     
 -6.000000000000002E-003   15.2577883457457     
 -5.000000000000001E-003   13.6557318720646     
 -4.000000000000000E-003   10.0568214451252     
 -3.000000000000003E-003   7.05779890132188     
 -2.000000000000002E-003   7.70076091025307     
 -1.000000000000001E-003   7.18999534973293     
  0.000000000000000E+000   8.03394112096521     
  1.000000000000001E-003   9.10844957676793     
  1.999999999999998E-003   16.5930432194750     
  2.999999999999999E-003   17.9824814497485     
  4.000000000000000E-003   14.9738702932475     
  4.999999999999998E-003   9.50263028962547     
  5.999999999999998E-003   2.20424174780991     
  6.999999999999999E-003  0.892271090661332     
  8.000000000000000E-003   1.23695503977426     
  9.000000000000001E-003   1.57930189611042     
  1.000000000000000E-002   1.07153811204550     
  1.100000000000000E-002   1.73276551087071     
  1.200000000000000E-002   1.07904286891374     
  1.300000000000000E-002  0.935003701415815     
  1.400000000000000E-002  0.689227732581947     
  1.500000000000000E-002  0.815609928339345     
  1.600000000000000E-002  0.929861394498662     
  1.700000000000000E-002  0.238138677161995     
  1.800000000000000E-002  0.000000000000000E+000
  1.900000000000000E-002  0.000000000000000E+000
  2.000000000000000E-002  0.000000000000000E+000
  2.100000000000000E-002  0.000000000000000E+000
  2.200000000000000E-002  0.000000000000000E+000
  2.300000000000000E-002  0.000000000000000E+000
  2.400000000000000E-002  0.000000000000000E+000
  2.500000000000000E-002  0.000000000000000E+000
