 -2.500000000000000E-002  0.000000000000000E+000
 -2.400000000000000E-002  0.000000000000000E+000
 -2.300000000000000E-002  0.000000000000000E+000
 -2.200000000000000E-002  0.000000000000000E+000
 -2.100000000000000E-002  0.000000000000000E+000
 -2.000000000000000E-002  0.000000000000000E+000
 -1.900000000000000E-002  0.000000000000000E+000
 -1.800000000000000E-002  0.000000000000000E+000
 -1.700000000000000E-002  0.000000000000000E+000
 -1.600000000000000E-002  0.000000000000000E+000
 -1.500000000000000E-002  0.000000000000000E+000
 -1.400000000000000E-002  0.000000000000000E+000
 -1.300000000000000E-002  0.000000000000000E+000
 -1.200000000000000E-002  0.000000000000000E+000
 -1.100000000000000E-002  0.000000000000000E+000
 -1.000000000000000E-002  0.000000000000000E+000
 -9.000000000000001E-003  0.000000000000000E+000
 -8.000000000000000E-003  0.000000000000000E+000
 -6.999999999999999E-003  0.556459853080785     
 -6.000000000000002E-003   5.57391042510166     
 -5.000000000000001E-003   8.74747034868327     
 -4.000000000000000E-003   10.3665995535077     
 -3.000000000000003E-003   23.2428719816685     
 -2.000000000000002E-003   26.4454520425551     
 -1.000000000000001E-003   23.5987141072111     
  0.000000000000000E+000   18.5070069369596     
  1.000000000000001E-003   19.5904823294563     
  1.999999999999998E-003   14.7609758582511     
  2.999999999999999E-003   2.69630339517572     
  4.000000000000000E-003  0.539631803535682     
  4.999999999999998E-003   1.56276138513154     
  5.999999999999998E-003   1.36253655141235     
  6.999999999999999E-003   1.28780566889269     
  8.000000000000000E-003   1.85530464058102     
  9.000000000000001E-003   3.75524200686337     
  1.000000000000000E-002   4.06387921004830     
  1.100000000000000E-002   3.47252957387346     
  1.200000000000000E-002   3.02967340374018     
  1.300000000000000E-002   1.34782484100458     
  1.400000000000000E-002  7.477408326588764E-002
  1.500000000000000E-002  0.000000000000000E+000
  1.600000000000000E-002  0.000000000000000E+000
  1.700000000000000E-002  0.000000000000000E+000
  1.800000000000000E-002  0.000000000000000E+000
  1.900000000000000E-002  0.000000000000000E+000
  2.000000000000000E-002  0.000000000000000E+000
  2.100000000000000E-002  0.000000000000000E+000
  2.200000000000000E-002  0.000000000000000E+000
  2.300000000000000E-002  0.000000000000000E+000
  2.400000000000000E-002  0.000000000000000E+000
  2.500000000000000E-002  0.000000000000000E+000
