 -2.500000000000000E-002  0.000000000000000E+000
 -2.400000000000000E-002  0.000000000000000E+000
 -2.300000000000000E-002  0.000000000000000E+000
 -2.200000000000000E-002  0.000000000000000E+000
 -2.100000000000000E-002  0.000000000000000E+000
 -2.000000000000000E-002  0.000000000000000E+000
 -1.900000000000000E-002  0.000000000000000E+000
 -1.800000000000000E-002  0.000000000000000E+000
 -1.700000000000000E-002  0.000000000000000E+000
 -1.600000000000000E-002  0.000000000000000E+000
 -1.500000000000000E-002  0.000000000000000E+000
 -1.400000000000000E-002  0.000000000000000E+000
 -1.300000000000000E-002  0.000000000000000E+000
 -1.200000000000000E-002  0.000000000000000E+000
 -1.100000000000000E-002  0.000000000000000E+000
 -1.000000000000000E-002  0.000000000000000E+000
 -9.000000000000001E-003   1.11170493155648     
 -8.000000000000000E-003   4.72480307149118     
 -6.999999999999999E-003   4.40706134768533     
 -6.000000000000002E-003   4.13002665789291     
 -5.000000000000001E-003   7.94415694785762     
 -4.000000000000000E-003   13.8031898375572     
 -3.000000000000003E-003   18.6661082833989     
 -2.000000000000002E-003   19.3880114345180     
 -1.000000000000001E-003   19.7344889526444     
  0.000000000000000E+000   11.5379931416981     
  1.000000000000001E-003   11.8168169223070     
  1.999999999999998E-003   12.9176692502435     
  2.999999999999999E-003   3.81593219797762     
  4.000000000000000E-003  0.904147023171688     
  4.999999999999998E-003   1.97697658353635     
  5.999999999999998E-003  0.947865685206124     
  6.999999999999999E-003   2.51786665645311     
  8.000000000000000E-003   2.66131027398513     
  9.000000000000001E-003   4.68642212354342     
  1.000000000000000E-002   5.44622440583532     
  1.100000000000000E-002   4.59849824977747     
  1.200000000000000E-002   3.50461941874254     
  1.300000000000000E-002   1.05699660292053     
  1.400000000000000E-002  0.000000000000000E+000
  1.500000000000000E-002  0.000000000000000E+000
  1.600000000000000E-002  0.000000000000000E+000
  1.700000000000000E-002  0.000000000000000E+000
  1.800000000000000E-002  0.000000000000000E+000
  1.900000000000000E-002  0.000000000000000E+000
  2.000000000000000E-002  0.000000000000000E+000
  2.100000000000000E-002  0.000000000000000E+000
  2.200000000000000E-002  0.000000000000000E+000
  2.300000000000000E-002  0.000000000000000E+000
  2.400000000000000E-002  0.000000000000000E+000
  2.500000000000000E-002  0.000000000000000E+000
