 -2.500000000000000E-002  0.000000000000000E+000
 -2.400000000000000E-002  0.000000000000000E+000
 -2.300000000000000E-002  0.000000000000000E+000
 -2.200000000000000E-002  0.000000000000000E+000
 -2.100000000000000E-002  0.000000000000000E+000
 -2.000000000000000E-002  0.000000000000000E+000
 -1.900000000000000E-002  0.000000000000000E+000
 -1.800000000000000E-002  0.000000000000000E+000
 -1.700000000000000E-002  0.000000000000000E+000
 -1.600000000000000E-002  0.000000000000000E+000
 -1.500000000000000E-002  0.000000000000000E+000
 -1.400000000000000E-002  0.000000000000000E+000
 -1.300000000000000E-002  0.000000000000000E+000
 -1.200000000000000E-002  0.000000000000000E+000
 -1.100000000000000E-002  0.000000000000000E+000
 -1.000000000000000E-002  0.000000000000000E+000
 -9.000000000000001E-003  0.000000000000000E+000
 -8.000000000000000E-003  9.144624627952677E-002
 -6.999999999999999E-003   5.17478758919958     
 -6.000000000000002E-003   10.3212054088404     
 -5.000000000000001E-003   12.8706909406957     
 -4.000000000000000E-003   8.93611788350617     
 -3.000000000000003E-003   7.66695724829806     
 -2.000000000000002E-003   10.7658916037870     
 -1.000000000000001E-003   8.07799567870906     
  0.000000000000000E+000   6.79016618606193     
  1.000000000000001E-003   6.65929312493309     
  1.999999999999998E-003   4.70450268168686     
  2.999999999999999E-003   4.25042415680702     
  4.000000000000000E-003   10.7303756304522     
  4.999999999999998E-003   6.71808390343186     
  5.999999999999998E-003   12.8638376292543     
  6.999999999999999E-003   9.54419179508652     
  8.000000000000000E-003  0.173412292970707     
  9.000000000000001E-003  0.000000000000000E+000
  1.000000000000000E-002  0.000000000000000E+000
  1.100000000000000E-002  0.000000000000000E+000
  1.200000000000000E-002  0.000000000000000E+000
  1.300000000000000E-002  0.000000000000000E+000
  1.400000000000000E-002  0.000000000000000E+000
  1.500000000000000E-002  0.000000000000000E+000
  1.600000000000000E-002  0.000000000000000E+000
  1.700000000000000E-002  0.000000000000000E+000
  1.800000000000000E-002  0.000000000000000E+000
  1.900000000000000E-002  0.000000000000000E+000
  2.000000000000000E-002  0.000000000000000E+000
  2.100000000000000E-002  0.000000000000000E+000
  2.200000000000000E-002  0.000000000000000E+000
  2.300000000000000E-002  0.000000000000000E+000
  2.400000000000000E-002  0.000000000000000E+000
  2.500000000000000E-002  0.000000000000000E+000
