 -2.500000000000000E-002  0.000000000000000E+000
 -2.400000000000000E-002  0.000000000000000E+000
 -2.300000000000000E-002  0.000000000000000E+000
 -2.200000000000000E-002  0.000000000000000E+000
 -2.100000000000000E-002  0.000000000000000E+000
 -2.000000000000000E-002  0.000000000000000E+000
 -1.900000000000000E-002  0.000000000000000E+000
 -1.800000000000000E-002  0.000000000000000E+000
 -1.700000000000000E-002  0.000000000000000E+000
 -1.600000000000000E-002  0.000000000000000E+000
 -1.500000000000000E-002  0.000000000000000E+000
 -1.400000000000000E-002  0.000000000000000E+000
 -1.300000000000000E-002  0.000000000000000E+000
 -1.200000000000000E-002  0.000000000000000E+000
 -1.100000000000000E-002  0.000000000000000E+000
 -1.000000000000000E-002  0.000000000000000E+000
 -9.000000000000001E-003  0.000000000000000E+000
 -8.000000000000000E-003  0.253787027507264     
 -6.999999999999999E-003   2.51413281689289     
 -6.000000000000002E-003   4.96362351876652     
 -5.000000000000001E-003   9.14223312056116     
 -4.000000000000000E-003   12.2002376958440     
 -3.000000000000003E-003   24.9929269674943     
 -2.000000000000002E-003   36.4670628638171     
 -1.000000000000001E-003   33.5432213472528     
  0.000000000000000E+000   21.9868598219509     
  1.000000000000001E-003   16.9746575353361     
  1.999999999999998E-003   14.9345877861951     
  2.999999999999999E-003   6.10412523493558     
  4.000000000000000E-003   3.34836353866032     
  4.999999999999998E-003   1.58861605845347     
  5.999999999999998E-003   2.33800522090214     
  6.999999999999999E-003   3.45509984077397     
  8.000000000000000E-003   2.44762084182236     
  9.000000000000001E-003   3.32421198776668     
  1.000000000000000E-002   2.09884065565992     
  1.100000000000000E-002   4.24950228690929     
  1.200000000000000E-002   4.43799282865861     
  1.300000000000000E-002   1.84272694850925     
  1.400000000000000E-002  0.192834055330219     
  1.500000000000000E-002  0.000000000000000E+000
  1.600000000000000E-002  0.000000000000000E+000
  1.700000000000000E-002  0.000000000000000E+000
  1.800000000000000E-002  0.000000000000000E+000
  1.900000000000000E-002  0.000000000000000E+000
  2.000000000000000E-002  0.000000000000000E+000
  2.100000000000000E-002  0.000000000000000E+000
  2.200000000000000E-002  0.000000000000000E+000
  2.300000000000000E-002  0.000000000000000E+000
  2.400000000000000E-002  0.000000000000000E+000
  2.500000000000000E-002  0.000000000000000E+000
