 -2.500000000000000E-002  0.000000000000000E+000
 -2.400000000000000E-002  0.000000000000000E+000
 -2.300000000000000E-002  0.000000000000000E+000
 -2.200000000000000E-002  0.000000000000000E+000
 -2.100000000000000E-002  0.000000000000000E+000
 -2.000000000000000E-002  0.000000000000000E+000
 -1.900000000000000E-002  0.000000000000000E+000
 -1.800000000000000E-002  0.000000000000000E+000
 -1.700000000000000E-002  0.000000000000000E+000
 -1.600000000000000E-002  0.000000000000000E+000
 -1.500000000000000E-002  0.000000000000000E+000
 -1.400000000000000E-002  0.000000000000000E+000
 -1.300000000000000E-002  0.000000000000000E+000
 -1.200000000000000E-002  0.000000000000000E+000
 -1.100000000000000E-002  0.000000000000000E+000
 -1.000000000000000E-002  0.000000000000000E+000
 -9.000000000000001E-003  0.000000000000000E+000
 -8.000000000000000E-003   2.57260361345364     
 -6.999999999999999E-003   7.22451469614859     
 -6.000000000000002E-003   8.35621234513089     
 -5.000000000000001E-003   11.7940981496790     
 -4.000000000000000E-003   8.35044485856262     
 -3.000000000000003E-003   6.82811219418840     
 -2.000000000000002E-003   9.47791803348969     
 -1.000000000000001E-003   4.03318669665080     
  0.000000000000000E+000   3.35460204105889     
  1.000000000000001E-003   6.38570311681865     
  1.999999999999998E-003   3.65261913362374     
  2.999999999999999E-003   1.63732351809073     
  4.000000000000000E-003   7.96905542997682     
  4.999999999999998E-003   7.59093128226448     
  5.999999999999998E-003   7.61075471412419     
  6.999999999999999E-003   3.68521116082729     
  8.000000000000000E-003   2.40579544076678     
  9.000000000000001E-003   1.14314600964150     
  1.000000000000000E-002   2.22337741841204     
  1.100000000000000E-002   2.51658779829612     
  1.200000000000000E-002   1.42981234879511     
  1.300000000000000E-002  0.000000000000000E+000
  1.400000000000000E-002  0.000000000000000E+000
  1.500000000000000E-002  0.000000000000000E+000
  1.600000000000000E-002  0.000000000000000E+000
  1.700000000000000E-002  0.000000000000000E+000
  1.800000000000000E-002  0.000000000000000E+000
  1.900000000000000E-002  0.000000000000000E+000
  2.000000000000000E-002  0.000000000000000E+000
  2.100000000000000E-002  0.000000000000000E+000
  2.200000000000000E-002  0.000000000000000E+000
  2.300000000000000E-002  0.000000000000000E+000
  2.400000000000000E-002  0.000000000000000E+000
  2.500000000000000E-002  0.000000000000000E+000
