 -2.500000000000000E-002  0.000000000000000E+000
 -2.400000000000000E-002  0.000000000000000E+000
 -2.300000000000000E-002  0.000000000000000E+000
 -2.200000000000000E-002  0.000000000000000E+000
 -2.100000000000000E-002  0.000000000000000E+000
 -2.000000000000000E-002  0.000000000000000E+000
 -1.900000000000000E-002  0.000000000000000E+000
 -1.800000000000000E-002  0.000000000000000E+000
 -1.700000000000000E-002  0.000000000000000E+000
 -1.600000000000000E-002  0.227694085834981     
 -1.500000000000000E-002  0.606095668046936     
 -1.400000000000000E-002   1.62338297109877     
 -1.300000000000000E-002  0.187468899771243     
 -1.200000000000000E-002  0.933846981142205     
 -1.100000000000000E-002  0.614754686710704     
 -1.000000000000000E-002   1.47027681576033     
 -9.000000000000001E-003  0.601918553015077     
 -8.000000000000000E-003  0.748357179980717     
 -6.999999999999999E-003   1.60499838447565     
 -6.000000000000002E-003   7.47577565252675     
 -5.000000000000001E-003   14.7432230639345     
 -4.000000000000000E-003   25.5471308430216     
 -3.000000000000003E-003   19.9182934598884     
 -2.000000000000002E-003   16.8978603213355     
 -1.000000000000001E-003   11.3766731972097     
  0.000000000000000E+000   8.74745118912314     
  1.000000000000001E-003   10.0260735281393     
  1.999999999999998E-003   6.63685588438446     
  2.999999999999999E-003   8.72128997906019     
  4.000000000000000E-003   7.37054376473285     
  4.999999999999998E-003   8.82221229878860     
  5.999999999999998E-003   9.84843414068688     
  6.999999999999999E-003   8.74441415357884     
  8.000000000000000E-003   3.31214782821089     
  9.000000000000001E-003  0.846854536094236     
  1.000000000000000E-002   1.49023925083339     
  1.100000000000000E-002   1.63240897063387     
  1.200000000000000E-002   1.27307830274193     
  1.300000000000000E-002   2.21868280578343     
  1.400000000000000E-002   2.33757935958390     
  1.500000000000000E-002   1.67652279177033     
  1.600000000000000E-002  0.194440452100567     
  1.700000000000000E-002  0.000000000000000E+000
  1.800000000000000E-002  0.000000000000000E+000
  1.900000000000000E-002  0.000000000000000E+000
  2.000000000000000E-002  0.000000000000000E+000
  2.100000000000000E-002  0.000000000000000E+000
  2.200000000000000E-002  0.000000000000000E+000
  2.300000000000000E-002  0.000000000000000E+000
  2.400000000000000E-002  0.000000000000000E+000
  2.500000000000000E-002  0.000000000000000E+000
