 -2.500000000000000E-002  0.000000000000000E+000
 -2.400000000000000E-002  0.000000000000000E+000
 -2.300000000000000E-002  0.000000000000000E+000
 -2.200000000000000E-002  0.000000000000000E+000
 -2.100000000000000E-002  0.000000000000000E+000
 -2.000000000000000E-002  0.000000000000000E+000
 -1.900000000000000E-002  0.000000000000000E+000
 -1.800000000000000E-002  0.000000000000000E+000
 -1.700000000000000E-002  0.000000000000000E+000
 -1.600000000000000E-002  0.000000000000000E+000
 -1.500000000000000E-002  0.000000000000000E+000
 -1.400000000000000E-002  0.000000000000000E+000
 -1.300000000000000E-002  0.000000000000000E+000
 -1.200000000000000E-002  0.000000000000000E+000
 -1.100000000000000E-002  8.512245493984785E-002
 -1.000000000000000E-002  0.711406421956565     
 -9.000000000000001E-003   2.36073798653437     
 -8.000000000000000E-003  8.277296223595335E-002
 -6.999999999999999E-003   1.63657725297901     
 -6.000000000000002E-003  0.566238564738575     
 -5.000000000000001E-003   1.17759629061217     
 -4.000000000000000E-003   4.19065197589602     
 -3.000000000000003E-003   12.1507502891261     
 -2.000000000000002E-003   18.1498074643001     
 -1.000000000000001E-003   25.7621960627569     
  0.000000000000000E+000   23.2205828051057     
  1.000000000000001E-003   17.2493931154339     
  1.999999999999998E-003   9.46277574098796     
  2.999999999999999E-003   1.26060080504798     
  4.000000000000000E-003   2.02289780757536     
  4.999999999999998E-003   1.08177504380476     
  5.999999999999998E-003  0.840656955968715     
  6.999999999999999E-003  9.763826447784660E-002
  8.000000000000000E-003  0.447230312620046     
  9.000000000000001E-003  0.515366576158527     
  1.000000000000000E-002  0.458509625239040     
  1.100000000000000E-002  0.581781820570123     
  1.200000000000000E-002  0.562090024061107     
  1.300000000000000E-002  0.720379688747508     
  1.400000000000000E-002  0.393581611337594     
  1.500000000000000E-002   1.05949207678821     
  1.600000000000000E-002  2.257413615912426E-003
  1.700000000000000E-002  0.865988667093580     
  1.800000000000000E-002  0.753642877243903     
  1.900000000000000E-002  0.384211024228824     
  2.000000000000000E-002  0.283930444147033     
  2.100000000000000E-002  0.238099573670747     
  2.200000000000000E-002  0.000000000000000E+000
  2.300000000000000E-002  0.000000000000000E+000
  2.400000000000000E-002  0.000000000000000E+000
  2.500000000000000E-002  0.000000000000000E+000
