 -2.500000000000000E-002  0.000000000000000E+000
 -2.400000000000000E-002  0.000000000000000E+000
 -2.300000000000000E-002  0.000000000000000E+000
 -2.200000000000000E-002  0.000000000000000E+000
 -2.100000000000000E-002  0.000000000000000E+000
 -2.000000000000000E-002  0.000000000000000E+000
 -1.900000000000000E-002  0.000000000000000E+000
 -1.800000000000000E-002  0.000000000000000E+000
 -1.700000000000000E-002  0.000000000000000E+000
 -1.600000000000000E-002  0.000000000000000E+000
 -1.500000000000000E-002  0.000000000000000E+000
 -1.400000000000000E-002  0.000000000000000E+000
 -1.300000000000000E-002  0.000000000000000E+000
 -1.200000000000000E-002  0.000000000000000E+000
 -1.100000000000000E-002  0.000000000000000E+000
 -1.000000000000000E-002  1.446581374729439E-002
 -9.000000000000001E-003   2.41925992234900     
 -8.000000000000000E-003   9.47099007566561     
 -6.999999999999999E-003   8.74748441738466     
 -6.000000000000002E-003   8.08604669021607     
 -5.000000000000001E-003   6.39947287017250     
 -4.000000000000000E-003   8.01173168279600     
 -3.000000000000003E-003   8.21792813200572     
 -2.000000000000002E-003   7.26982464868650     
 -1.000000000000001E-003   15.1448263890830     
  0.000000000000000E+000   12.7730665713563     
  1.000000000000001E-003   13.7731516648940     
  1.999999999999998E-003   17.7421513840939     
  2.999999999999999E-003   11.1123507472482     
  4.000000000000000E-003   4.39269753285696     
  4.999999999999998E-003   5.77745036804928     
  5.999999999999998E-003   7.55311513108179     
  6.999999999999999E-003   7.08747016928351     
  8.000000000000000E-003   3.64536265680947     
  9.000000000000001E-003   2.23338340983088     
  1.000000000000000E-002   2.89549268751716     
  1.100000000000000E-002   2.00647812596566     
  1.200000000000000E-002  0.147208908906521     
  1.300000000000000E-002  0.000000000000000E+000
  1.400000000000000E-002  0.000000000000000E+000
  1.500000000000000E-002  0.000000000000000E+000
  1.600000000000000E-002  0.000000000000000E+000
  1.700000000000000E-002  0.000000000000000E+000
  1.800000000000000E-002  0.000000000000000E+000
  1.900000000000000E-002  0.000000000000000E+000
  2.000000000000000E-002  0.000000000000000E+000
  2.100000000000000E-002  0.000000000000000E+000
  2.200000000000000E-002  0.000000000000000E+000
  2.300000000000000E-002  0.000000000000000E+000
  2.400000000000000E-002  0.000000000000000E+000
  2.500000000000000E-002  0.000000000000000E+000
