 -2.500000000000000E-002  0.000000000000000E+000
 -2.400000000000000E-002  0.000000000000000E+000
 -2.300000000000000E-002  0.000000000000000E+000
 -2.200000000000000E-002  0.000000000000000E+000
 -2.100000000000000E-002  0.000000000000000E+000
 -2.000000000000000E-002  0.000000000000000E+000
 -1.900000000000000E-002  0.329443296006105     
 -1.800000000000000E-002   2.75019272798792     
 -1.700000000000000E-002  0.598907241161854     
 -1.600000000000000E-002   2.09477550404520     
 -1.500000000000000E-002   3.15642080643434     
 -1.400000000000000E-002   1.91488305108487     
 -1.300000000000000E-002  0.480527373279708     
 -1.200000000000000E-002  0.506965153466089     
 -1.100000000000000E-002  0.978316795218231     
 -1.000000000000000E-002   3.75063531386409     
 -9.000000000000001E-003   4.95943913643625     
 -8.000000000000000E-003   5.08209786493375     
 -6.999999999999999E-003   3.54008411485708     
 -6.000000000000002E-003   4.69176252482846     
 -5.000000000000001E-003   5.08501456892867     
 -4.000000000000000E-003   4.04788162851200     
 -3.000000000000003E-003   5.22221365514111     
 -2.000000000000002E-003   5.22587660170338     
 -1.000000000000001E-003   3.34963178627118     
  0.000000000000000E+000   1.41106830022788     
  1.000000000000001E-003   2.42209266697797     
  1.999999999999998E-003   6.73268758461264     
  2.999999999999999E-003   5.81599800355269     
  4.000000000000000E-003   5.92749618293564     
  4.999999999999998E-003   1.75203012052207     
  5.999999999999998E-003   5.50406163279531     
  6.999999999999999E-003   10.6235178753787     
  8.000000000000000E-003   5.15064642564967     
  9.000000000000001E-003   7.93890990446962     
  1.000000000000000E-002   11.3288470248624     
  1.100000000000000E-002   3.57795216720099     
  1.200000000000000E-002  0.422322966654139     
  1.300000000000000E-002  0.000000000000000E+000
  1.400000000000000E-002  0.000000000000000E+000
  1.500000000000000E-002  0.000000000000000E+000
  1.600000000000000E-002  0.000000000000000E+000
  1.700000000000000E-002  0.000000000000000E+000
  1.800000000000000E-002  0.000000000000000E+000
  1.900000000000000E-002  0.000000000000000E+000
  2.000000000000000E-002  0.000000000000000E+000
  2.100000000000000E-002  0.000000000000000E+000
  2.200000000000000E-002  0.000000000000000E+000
  2.300000000000000E-002  0.000000000000000E+000
  2.400000000000000E-002  0.000000000000000E+000
  2.500000000000000E-002  0.000000000000000E+000
