 -2.500000000000000E-002  0.000000000000000E+000
 -2.400000000000000E-002  0.000000000000000E+000
 -2.300000000000000E-002  0.000000000000000E+000
 -2.200000000000000E-002  0.000000000000000E+000
 -2.100000000000000E-002  0.000000000000000E+000
 -2.000000000000000E-002  0.000000000000000E+000
 -1.900000000000000E-002  0.000000000000000E+000
 -1.800000000000000E-002  0.538619438967392     
 -1.700000000000000E-002   1.41152682232150     
 -1.600000000000000E-002  0.588318015765016     
 -1.500000000000000E-002  0.690890448380191     
 -1.400000000000000E-002   1.12667311371838     
 -1.300000000000000E-002   1.10697396204081     
 -1.200000000000000E-002  0.649082366691201     
 -1.100000000000000E-002  0.970828596780346     
 -1.000000000000000E-002  0.783499162681619     
 -9.000000000000001E-003  0.791622754439730     
 -8.000000000000000E-003   1.31506957412891     
 -6.999999999999999E-003   1.97624500035646     
 -6.000000000000002E-003   5.59565281995065     
 -5.000000000000001E-003   12.0692989498148     
 -4.000000000000000E-003   11.3188175531868     
 -3.000000000000003E-003   11.8081820843165     
 -2.000000000000002E-003   7.78714451197304     
 -1.000000000000001E-003   8.28055278330180     
  0.000000000000000E+000   12.3265594031779     
  1.000000000000001E-003   9.76207858551482     
  1.999999999999998E-003   4.88697851450557     
  2.999999999999999E-003   8.16866733013057     
  4.000000000000000E-003   7.98060433055743     
  4.999999999999998E-003   10.2079551072511     
  5.999999999999998E-003   10.6423611915924     
  6.999999999999999E-003   7.76402186615069     
  8.000000000000000E-003   3.26705307608755     
  9.000000000000001E-003   1.29977181590138     
  1.000000000000000E-002   2.46297965777706     
  1.100000000000000E-002   2.49382033340779     
  1.200000000000000E-002  9.593082913063661E-002
  1.300000000000000E-002  0.000000000000000E+000
  1.400000000000000E-002  0.000000000000000E+000
  1.500000000000000E-002  0.000000000000000E+000
  1.600000000000000E-002  0.000000000000000E+000
  1.700000000000000E-002  0.000000000000000E+000
  1.800000000000000E-002  0.000000000000000E+000
  1.900000000000000E-002  0.000000000000000E+000
  2.000000000000000E-002  0.000000000000000E+000
  2.100000000000000E-002  0.000000000000000E+000
  2.200000000000000E-002  0.000000000000000E+000
  2.300000000000000E-002  0.000000000000000E+000
  2.400000000000000E-002  0.000000000000000E+000
  2.500000000000000E-002  0.000000000000000E+000
