 -2.500000000000000E-002  0.000000000000000E+000
 -2.400000000000000E-002  0.000000000000000E+000
 -2.300000000000000E-002  0.000000000000000E+000
 -2.200000000000000E-002  0.000000000000000E+000
 -2.100000000000000E-002  0.000000000000000E+000
 -2.000000000000000E-002  0.000000000000000E+000
 -1.900000000000000E-002  0.000000000000000E+000
 -1.800000000000000E-002  0.000000000000000E+000
 -1.700000000000000E-002  0.000000000000000E+000
 -1.600000000000000E-002  0.000000000000000E+000
 -1.500000000000000E-002  0.000000000000000E+000
 -1.400000000000000E-002  0.000000000000000E+000
 -1.300000000000000E-002  0.000000000000000E+000
 -1.200000000000000E-002  0.000000000000000E+000
 -1.100000000000000E-002  0.000000000000000E+000
 -1.000000000000000E-002  0.000000000000000E+000
 -9.000000000000001E-003  0.000000000000000E+000
 -8.000000000000000E-003  0.449252804856989     
 -6.999999999999999E-003   6.17637521689007     
 -6.000000000000002E-003   10.2879720311459     
 -5.000000000000001E-003   13.5675594573279     
 -4.000000000000000E-003   10.7669845354198     
 -3.000000000000003E-003   9.04388514775879     
 -2.000000000000002E-003   7.30889647671431     
 -1.000000000000001E-003   10.7880138693170     
  0.000000000000000E+000   10.9676426293836     
  1.000000000000001E-003   9.63133545302430     
  1.999999999999998E-003   7.87013567208577     
  2.999999999999999E-003   9.43869848068099     
  4.000000000000000E-003   12.3689132051436     
  4.999999999999998E-003   4.87730421184687     
  5.999999999999998E-003   2.07253948296780     
  6.999999999999999E-003  0.649307192792185     
  8.000000000000000E-003  0.978314040150086     
  9.000000000000001E-003   2.08148633956249     
  1.000000000000000E-002  0.343148292405783     
  1.100000000000000E-002   1.19895162957396     
  1.200000000000000E-002   1.60906157873671     
  1.300000000000000E-002   1.03848531320288     
  1.400000000000000E-002   1.09098975920636     
  1.500000000000000E-002  0.167062914444935     
  1.600000000000000E-002   1.08174575995508     
  1.700000000000000E-002  0.636310560850465     
  1.800000000000000E-002  0.174847944555223     
  1.900000000000000E-002  0.000000000000000E+000
  2.000000000000000E-002  0.000000000000000E+000
  2.100000000000000E-002  0.000000000000000E+000
  2.200000000000000E-002  0.000000000000000E+000
  2.300000000000000E-002  0.000000000000000E+000
  2.400000000000000E-002  0.000000000000000E+000
  2.500000000000000E-002  0.000000000000000E+000
