 -2.500000000000000E-002  0.000000000000000E+000
 -2.400000000000000E-002  0.000000000000000E+000
 -2.300000000000000E-002  0.000000000000000E+000
 -2.200000000000000E-002  0.000000000000000E+000
 -2.100000000000000E-002  0.000000000000000E+000
 -2.000000000000000E-002  0.000000000000000E+000
 -1.900000000000000E-002  0.000000000000000E+000
 -1.800000000000000E-002  0.000000000000000E+000
 -1.700000000000000E-002  0.000000000000000E+000
 -1.600000000000000E-002  0.000000000000000E+000
 -1.500000000000000E-002  0.000000000000000E+000
 -1.400000000000000E-002  0.000000000000000E+000
 -1.300000000000000E-002  0.000000000000000E+000
 -1.200000000000000E-002  0.000000000000000E+000
 -1.100000000000000E-002  0.000000000000000E+000
 -1.000000000000000E-002  0.258437451651860     
 -9.000000000000001E-003   2.69623676697382     
 -8.000000000000000E-003   6.02103463402475     
 -6.999999999999999E-003   6.46152536581857     
 -6.000000000000002E-003   6.32040525411549     
 -5.000000000000001E-003   4.37649864076364     
 -4.000000000000000E-003   5.29417162640409     
 -3.000000000000003E-003   5.77891949038943     
 -2.000000000000002E-003   3.79577809650036     
 -1.000000000000001E-003   4.99374409892085     
  0.000000000000000E+000   5.80245686622521     
  1.000000000000001E-003   4.20468921056891     
  1.999999999999998E-003   5.87059922172860     
  2.999999999999999E-003   5.77866403232444     
  4.000000000000000E-003   6.57819896483677     
  4.999999999999998E-003   10.0737142545972     
  5.999999999999998E-003   7.97931963799431     
  6.999999999999999E-003   6.91273281174878     
  8.000000000000000E-003   2.77721067560737     
  9.000000000000001E-003  7.146289880556370E-002
  1.000000000000000E-002  0.000000000000000E+000
  1.100000000000000E-002  0.000000000000000E+000
  1.200000000000000E-002  0.000000000000000E+000
  1.300000000000000E-002  0.000000000000000E+000
  1.400000000000000E-002  0.000000000000000E+000
  1.500000000000000E-002  0.000000000000000E+000
  1.600000000000000E-002  0.000000000000000E+000
  1.700000000000000E-002  0.000000000000000E+000
  1.800000000000000E-002  0.000000000000000E+000
  1.900000000000000E-002  0.000000000000000E+000
  2.000000000000000E-002  0.000000000000000E+000
  2.100000000000000E-002  0.000000000000000E+000
  2.200000000000000E-002  0.000000000000000E+000
  2.300000000000000E-002  0.000000000000000E+000
  2.400000000000000E-002  0.000000000000000E+000
  2.500000000000000E-002  0.000000000000000E+000
