 -2.500000000000000E-002  0.000000000000000E+000
 -2.400000000000000E-002  0.000000000000000E+000
 -2.300000000000000E-002  0.000000000000000E+000
 -2.200000000000000E-002  0.000000000000000E+000
 -2.100000000000000E-002  0.000000000000000E+000
 -2.000000000000000E-002  0.000000000000000E+000
 -1.900000000000000E-002  0.000000000000000E+000
 -1.800000000000000E-002  0.000000000000000E+000
 -1.700000000000000E-002  0.000000000000000E+000
 -1.600000000000000E-002  0.000000000000000E+000
 -1.500000000000000E-002  0.000000000000000E+000
 -1.400000000000000E-002  0.000000000000000E+000
 -1.300000000000000E-002  0.000000000000000E+000
 -1.200000000000000E-002  0.000000000000000E+000
 -1.100000000000000E-002  0.000000000000000E+000
 -1.000000000000000E-002  0.000000000000000E+000
 -9.000000000000001E-003  0.000000000000000E+000
 -8.000000000000000E-003  0.000000000000000E+000
 -6.999999999999999E-003  0.000000000000000E+000
 -6.000000000000002E-003  0.715410417718832     
 -5.000000000000001E-003   1.66590881054939     
 -4.000000000000000E-003   8.80584601261780     
 -3.000000000000003E-003   23.7599699204549     
 -2.000000000000002E-003   26.2483919372105     
 -1.000000000000001E-003   26.1570109664096     
  0.000000000000000E+000   18.2538673773618     
  1.000000000000001E-003   11.7440315238899     
  1.999999999999998E-003   13.4467532349763     
  2.999999999999999E-003   4.11456827016523     
  4.000000000000000E-003  0.971498084325321     
  4.999999999999998E-003   1.28422024809979     
  5.999999999999998E-003   1.45357762338459     
  6.999999999999999E-003  0.900339105791264     
  8.000000000000000E-003  0.826809449660024     
  9.000000000000001E-003  0.829080279044677     
  1.000000000000000E-002   1.51274110060869     
  1.100000000000000E-002   2.35083182602102     
  1.200000000000000E-002   1.28169347065925     
  1.300000000000000E-002   1.65603035941615     
  1.400000000000000E-002   1.82328152630863     
  1.500000000000000E-002  1.422845532649445E-002
  1.600000000000000E-002  0.000000000000000E+000
  1.700000000000000E-002  0.000000000000000E+000
  1.800000000000000E-002  0.000000000000000E+000
  1.900000000000000E-002  0.000000000000000E+000
  2.000000000000000E-002  0.000000000000000E+000
  2.100000000000000E-002  0.000000000000000E+000
  2.200000000000000E-002  0.000000000000000E+000
  2.300000000000000E-002  0.000000000000000E+000
  2.400000000000000E-002  0.000000000000000E+000
  2.500000000000000E-002  0.000000000000000E+000
