 -2.500000000000000E-002  0.000000000000000E+000
 -2.400000000000000E-002  0.000000000000000E+000
 -2.300000000000000E-002  0.000000000000000E+000
 -2.200000000000000E-002  0.000000000000000E+000
 -2.100000000000000E-002  0.000000000000000E+000
 -2.000000000000000E-002  0.000000000000000E+000
 -1.900000000000000E-002  0.000000000000000E+000
 -1.800000000000000E-002  0.000000000000000E+000
 -1.700000000000000E-002  0.000000000000000E+000
 -1.600000000000000E-002  0.000000000000000E+000
 -1.500000000000000E-002  0.000000000000000E+000
 -1.400000000000000E-002  0.000000000000000E+000
 -1.300000000000000E-002  0.000000000000000E+000
 -1.200000000000000E-002  0.000000000000000E+000
 -1.100000000000000E-002  0.000000000000000E+000
 -1.000000000000000E-002  0.000000000000000E+000
 -9.000000000000001E-003  0.000000000000000E+000
 -8.000000000000000E-003  0.000000000000000E+000
 -6.999999999999999E-003  0.000000000000000E+000
 -6.000000000000002E-003  0.000000000000000E+000
 -5.000000000000001E-003   2.73311323676757     
 -4.000000000000000E-003   15.8357556501039     
 -3.000000000000003E-003   16.0433052104800     
 -2.000000000000002E-003   21.5964920633996     
 -1.000000000000001E-003   29.3399369986238     
  0.000000000000000E+000   28.6892008410546     
  1.000000000000001E-003   29.4009480570825     
  1.999999999999998E-003   11.5769330212065     
  2.999999999999999E-003   4.98110524193168     
  4.000000000000000E-003   3.58889485635193     
  4.999999999999998E-003   1.86107799587003     
  5.999999999999998E-003   1.85692000039458     
  6.999999999999999E-003   1.91596817813585     
  8.000000000000000E-003  0.757549794424257     
  9.000000000000001E-003  0.713443476991973     
  1.000000000000000E-002  0.397914638214940     
  1.100000000000000E-002  0.439020943799098     
  1.200000000000000E-002  0.538455705197771     
  1.300000000000000E-002  0.580708177338068     
  1.400000000000000E-002   1.28004202149146     
  1.500000000000000E-002  0.341453781194827     
  1.600000000000000E-002  0.461950853320720     
  1.700000000000000E-002  0.348517519255339     
  1.800000000000000E-002  0.219621737368885     
  1.900000000000000E-002  0.000000000000000E+000
  2.000000000000000E-002  0.000000000000000E+000
  2.100000000000000E-002  0.000000000000000E+000
  2.200000000000000E-002  0.000000000000000E+000
  2.300000000000000E-002  0.000000000000000E+000
  2.400000000000000E-002  0.000000000000000E+000
  2.500000000000000E-002  0.000000000000000E+000
