 -2.500000000000000E-002  0.000000000000000E+000
 -2.400000000000000E-002  0.000000000000000E+000
 -2.300000000000000E-002  0.000000000000000E+000
 -2.200000000000000E-002  0.000000000000000E+000
 -2.100000000000000E-002  0.000000000000000E+000
 -2.000000000000000E-002  0.000000000000000E+000
 -1.900000000000000E-002  0.000000000000000E+000
 -1.800000000000000E-002  0.000000000000000E+000
 -1.700000000000000E-002  0.000000000000000E+000
 -1.600000000000000E-002  0.000000000000000E+000
 -1.500000000000000E-002  0.000000000000000E+000
 -1.400000000000000E-002  0.000000000000000E+000
 -1.300000000000000E-002  0.000000000000000E+000
 -1.200000000000000E-002  0.000000000000000E+000
 -1.100000000000000E-002  0.000000000000000E+000
 -1.000000000000000E-002  0.000000000000000E+000
 -9.000000000000001E-003  0.305053298364166     
 -8.000000000000000E-003   3.87409392399887     
 -6.999999999999999E-003   7.40938911325696     
 -6.000000000000002E-003   5.50693330386567     
 -5.000000000000001E-003   8.49627683917064     
 -4.000000000000000E-003   11.5589435027951     
 -3.000000000000003E-003   6.41817815006031     
 -2.000000000000002E-003   5.16118766237450     
 -1.000000000000001E-003   5.53430003827389     
  0.000000000000000E+000   4.03263853102692     
  1.000000000000001E-003   6.44489501003170     
  1.999999999999998E-003   9.84940691681257     
  2.999999999999999E-003   8.89441390784461     
  4.000000000000000E-003   7.72590484198073     
  4.999999999999998E-003   5.45075125025594     
  5.999999999999998E-003   3.69299605663092     
  6.999999999999999E-003   3.49527548774665     
  8.000000000000000E-003   6.52740997824588     
  9.000000000000001E-003   2.97811200727796     
  1.000000000000000E-002  0.588310179985993     
  1.100000000000000E-002  0.000000000000000E+000
  1.200000000000000E-002  0.000000000000000E+000
  1.300000000000000E-002  0.000000000000000E+000
  1.400000000000000E-002  0.000000000000000E+000
  1.500000000000000E-002  0.000000000000000E+000
  1.600000000000000E-002  0.000000000000000E+000
  1.700000000000000E-002  0.000000000000000E+000
  1.800000000000000E-002  0.000000000000000E+000
  1.900000000000000E-002  0.000000000000000E+000
  2.000000000000000E-002  0.000000000000000E+000
  2.100000000000000E-002  0.000000000000000E+000
  2.200000000000000E-002  0.000000000000000E+000
  2.300000000000000E-002  0.000000000000000E+000
  2.400000000000000E-002  0.000000000000000E+000
  2.500000000000000E-002  0.000000000000000E+000
