 -2.500000000000000E-002  0.000000000000000E+000
 -2.400000000000000E-002  0.000000000000000E+000
 -2.300000000000000E-002  0.000000000000000E+000
 -2.200000000000000E-002  0.000000000000000E+000
 -2.100000000000000E-002  0.000000000000000E+000
 -2.000000000000000E-002  0.000000000000000E+000
 -1.900000000000000E-002  0.000000000000000E+000
 -1.800000000000000E-002  0.172670730853412     
 -1.700000000000000E-002   1.27357184754784     
 -1.600000000000000E-002  0.320247421598750     
 -1.500000000000000E-002  0.724814717699992     
 -1.400000000000000E-002   1.49918323710761     
 -1.300000000000000E-002   1.21783067124928     
 -1.200000000000000E-002  0.397531418777650     
 -1.100000000000000E-002  0.198136682935030     
 -1.000000000000000E-002  0.356699764203758     
 -9.000000000000001E-003  0.941639103705270     
 -8.000000000000000E-003  0.913108613578162     
 -6.999999999999999E-003   1.13971707622682     
 -6.000000000000002E-003   4.72617542399677     
 -5.000000000000001E-003   4.35503748816825     
 -4.000000000000000E-003   5.58685530500057     
 -3.000000000000003E-003   16.7747884597737     
 -2.000000000000002E-003   21.0082521832499     
 -1.000000000000001E-003   19.7359571188279     
  0.000000000000000E+000   12.8018911591680     
  1.000000000000001E-003   12.0289189130079     
  1.999999999999998E-003   10.5246544909435     
  2.999999999999999E-003   4.69067021593058     
  4.000000000000000E-003   2.73049851743507     
  4.999999999999998E-003   3.59184468979123     
  5.999999999999998E-003   1.85340474922314     
  6.999999999999999E-003   1.93790744385329     
  8.000000000000000E-003   5.18260358893908     
  9.000000000000001E-003   2.46063103038460     
  1.000000000000000E-002   4.74602241440515     
  1.100000000000000E-002   5.36335280392734     
  1.200000000000000E-002   1.91586163457971     
  1.300000000000000E-002  9.182108391083138E-002
  1.400000000000000E-002  0.000000000000000E+000
  1.500000000000000E-002  0.000000000000000E+000
  1.600000000000000E-002  0.000000000000000E+000
  1.700000000000000E-002  0.000000000000000E+000
  1.800000000000000E-002  0.000000000000000E+000
  1.900000000000000E-002  0.000000000000000E+000
  2.000000000000000E-002  0.000000000000000E+000
  2.100000000000000E-002  0.000000000000000E+000
  2.200000000000000E-002  0.000000000000000E+000
  2.300000000000000E-002  0.000000000000000E+000
  2.400000000000000E-002  0.000000000000000E+000
  2.500000000000000E-002  0.000000000000000E+000
