 -2.500000000000000E-002  0.000000000000000E+000
 -2.400000000000000E-002  0.000000000000000E+000
 -2.300000000000000E-002  0.000000000000000E+000
 -2.200000000000000E-002  0.000000000000000E+000
 -2.100000000000000E-002  0.000000000000000E+000
 -2.000000000000000E-002  0.000000000000000E+000
 -1.900000000000000E-002  0.000000000000000E+000
 -1.800000000000000E-002  0.000000000000000E+000
 -1.700000000000000E-002  0.000000000000000E+000
 -1.600000000000000E-002  0.000000000000000E+000
 -1.500000000000000E-002  0.000000000000000E+000
 -1.400000000000000E-002  0.000000000000000E+000
 -1.300000000000000E-002  0.000000000000000E+000
 -1.200000000000000E-002  0.000000000000000E+000
 -1.100000000000000E-002  0.000000000000000E+000
 -1.000000000000000E-002  0.000000000000000E+000
 -9.000000000000001E-003  0.000000000000000E+000
 -8.000000000000000E-003  0.000000000000000E+000
 -6.999999999999999E-003   2.37232266673356     
 -6.000000000000002E-003   8.53737754222162     
 -5.000000000000001E-003   10.5829688194769     
 -4.000000000000000E-003   28.5616824955263     
 -3.000000000000003E-003   41.2176986671618     
 -2.000000000000002E-003   31.4787361605104     
 -1.000000000000001E-003   22.7631967827705     
  0.000000000000000E+000   21.2853281574362     
  1.000000000000001E-003   16.9334792422420     
  1.999999999999998E-003   14.2015166469583     
  2.999999999999999E-003   4.06778495187069     
  4.000000000000000E-003   6.88559526985848     
  4.999999999999998E-003   12.0521374635599     
  5.999999999999998E-003   5.62869273132948     
  6.999999999999999E-003   16.1823211261030     
  8.000000000000000E-003   11.5866194797627     
  9.000000000000001E-003   5.82627355472564     
  1.000000000000000E-002  0.471678241752468     
  1.100000000000000E-002  0.000000000000000E+000
  1.200000000000000E-002  0.000000000000000E+000
  1.300000000000000E-002  0.000000000000000E+000
  1.400000000000000E-002  0.000000000000000E+000
  1.500000000000000E-002  0.000000000000000E+000
  1.600000000000000E-002  0.000000000000000E+000
  1.700000000000000E-002  0.000000000000000E+000
  1.800000000000000E-002  0.000000000000000E+000
  1.900000000000000E-002  0.000000000000000E+000
  2.000000000000000E-002  0.000000000000000E+000
  2.100000000000000E-002  0.000000000000000E+000
  2.200000000000000E-002  0.000000000000000E+000
  2.300000000000000E-002  0.000000000000000E+000
  2.400000000000000E-002  0.000000000000000E+000
  2.500000000000000E-002  0.000000000000000E+000
