 -2.500000000000000E-002  0.000000000000000E+000
 -2.400000000000000E-002  0.000000000000000E+000
 -2.300000000000000E-002  0.000000000000000E+000
 -2.200000000000000E-002  0.000000000000000E+000
 -2.100000000000000E-002  0.000000000000000E+000
 -2.000000000000000E-002  0.000000000000000E+000
 -1.900000000000000E-002  0.000000000000000E+000
 -1.800000000000000E-002  0.000000000000000E+000
 -1.700000000000000E-002  0.000000000000000E+000
 -1.600000000000000E-002  0.000000000000000E+000
 -1.500000000000000E-002  0.000000000000000E+000
 -1.400000000000000E-002  0.000000000000000E+000
 -1.300000000000000E-002  0.000000000000000E+000
 -1.200000000000000E-002  0.000000000000000E+000
 -1.100000000000000E-002  0.000000000000000E+000
 -1.000000000000000E-002  0.000000000000000E+000
 -9.000000000000001E-003   1.75928072489201     
 -8.000000000000000E-003   7.58949801262791     
 -6.999999999999999E-003   12.1353295249014     
 -6.000000000000002E-003   10.9614485107650     
 -5.000000000000001E-003   6.28619365257366     
 -4.000000000000000E-003   5.75927424793829     
 -3.000000000000003E-003   6.04965204752471     
 -2.000000000000002E-003   9.22654616501625     
 -1.000000000000001E-003   9.45153390742981     
  0.000000000000000E+000   11.0708070384366     
  1.000000000000001E-003   8.65842654319408     
  1.999999999999998E-003   12.0452449663051     
  2.999999999999999E-003   12.2057164703451     
  4.000000000000000E-003   7.64765489122043     
  4.999999999999998E-003   1.27959401234366     
  5.999999999999998E-003   2.03616980771055     
  6.999999999999999E-003   2.65731725247717     
  8.000000000000000E-003   4.20931411524200     
  9.000000000000001E-003   4.33437032073707     
  1.000000000000000E-002   4.76605891251245     
  1.100000000000000E-002   4.06153425403169     
  1.200000000000000E-002   1.97410189073148     
  1.300000000000000E-002  5.588273104362099E-002
  1.400000000000000E-002  0.000000000000000E+000
  1.500000000000000E-002  0.000000000000000E+000
  1.600000000000000E-002  0.000000000000000E+000
  1.700000000000000E-002  0.000000000000000E+000
  1.800000000000000E-002  0.000000000000000E+000
  1.900000000000000E-002  0.000000000000000E+000
  2.000000000000000E-002  0.000000000000000E+000
  2.100000000000000E-002  0.000000000000000E+000
  2.200000000000000E-002  0.000000000000000E+000
  2.300000000000000E-002  0.000000000000000E+000
  2.400000000000000E-002  0.000000000000000E+000
  2.500000000000000E-002  0.000000000000000E+000
