 -2.500000000000000E-002  0.000000000000000E+000
 -2.400000000000000E-002  0.000000000000000E+000
 -2.300000000000000E-002  0.000000000000000E+000
 -2.200000000000000E-002  0.000000000000000E+000
 -2.100000000000000E-002  0.000000000000000E+000
 -2.000000000000000E-002  0.000000000000000E+000
 -1.900000000000000E-002  0.000000000000000E+000
 -1.800000000000000E-002  0.000000000000000E+000
 -1.700000000000000E-002  0.000000000000000E+000
 -1.600000000000000E-002  0.000000000000000E+000
 -1.500000000000000E-002  0.000000000000000E+000
 -1.400000000000000E-002  0.000000000000000E+000
 -1.300000000000000E-002  0.000000000000000E+000
 -1.200000000000000E-002  0.000000000000000E+000
 -1.100000000000000E-002  0.000000000000000E+000
 -1.000000000000000E-002  0.383398891114235     
 -9.000000000000001E-003   1.41622527822787     
 -8.000000000000000E-003   2.65922954152184     
 -6.999999999999999E-003   2.25628456698665     
 -6.000000000000002E-003   2.21395312681436     
 -5.000000000000001E-003   4.61029723278909     
 -4.000000000000000E-003   16.3985688438522     
 -3.000000000000003E-003   32.7015700999682     
 -2.000000000000002E-003   32.1971860007486     
 -1.000000000000001E-003   33.4182751749594     
  0.000000000000000E+000   23.9680132942991     
  1.000000000000001E-003   23.0203137848948     
  1.999999999999998E-003   37.8372039159026     
  2.999999999999999E-003   13.4069165020353     
  4.000000000000000E-003   2.85643207099692     
  4.999999999999998E-003   5.02375954013251     
  5.999999999999998E-003   2.00871342758532     
  6.999999999999999E-003  0.197117483450295     
  8.000000000000000E-003  0.916178687783159     
  9.000000000000001E-003  0.623524587642727     
  1.000000000000000E-002  0.716832507593286     
  1.100000000000000E-002  0.540603488775435     
  1.200000000000000E-002  0.916981748138086     
  1.300000000000000E-002  0.391945909294409     
  1.400000000000000E-002   1.00520232637323     
  1.500000000000000E-002   3.77239929909173     
  1.600000000000000E-002  0.518472669028792     
  1.700000000000000E-002  0.523330171431630     
  1.800000000000000E-002  0.775764657455028     
  1.900000000000000E-002  0.611277351810931     
  2.000000000000000E-002  0.112137819302407     
  2.100000000000000E-002  0.000000000000000E+000
  2.200000000000000E-002  0.000000000000000E+000
  2.300000000000000E-002  0.000000000000000E+000
  2.400000000000000E-002  0.000000000000000E+000
  2.500000000000000E-002  0.000000000000000E+000
