 -2.500000000000000E-002  0.000000000000000E+000
 -2.400000000000000E-002  0.000000000000000E+000
 -2.300000000000000E-002  0.000000000000000E+000
 -2.200000000000000E-002  0.000000000000000E+000
 -2.100000000000000E-002  0.000000000000000E+000
 -2.000000000000000E-002  0.000000000000000E+000
 -1.900000000000000E-002  0.000000000000000E+000
 -1.800000000000000E-002  0.000000000000000E+000
 -1.700000000000000E-002  0.000000000000000E+000
 -1.600000000000000E-002  0.000000000000000E+000
 -1.500000000000000E-002  0.000000000000000E+000
 -1.400000000000000E-002  0.000000000000000E+000
 -1.300000000000000E-002  0.000000000000000E+000
 -1.200000000000000E-002  1.798827671816788E-002
 -1.100000000000000E-002  0.628272416554360     
 -1.000000000000000E-002  0.978926174663788     
 -9.000000000000001E-003   2.24055461092444     
 -8.000000000000000E-003  0.784058025387386     
 -6.999999999999999E-003   1.19924078251011     
 -6.000000000000002E-003   1.38719884808602     
 -5.000000000000001E-003   1.57512526330717     
 -4.000000000000000E-003   4.14794184647815     
 -3.000000000000003E-003   3.86757308519163     
 -2.000000000000002E-003   4.75585105616224     
 -1.000000000000001E-003   12.2475294093838     
  0.000000000000000E+000   39.1871795215274     
  1.000000000000001E-003   48.1878963745063     
  1.999999999999998E-003   5.83337668553365     
  2.999999999999999E-003   4.33599815052830     
  4.000000000000000E-003   3.49254065914136     
  4.999999999999998E-003   4.12232870763376     
  5.999999999999998E-003   2.44732428429283     
  6.999999999999999E-003  3.786582146922710E-002
  8.000000000000000E-003  0.000000000000000E+000
  9.000000000000001E-003  0.000000000000000E+000
  1.000000000000000E-002  0.000000000000000E+000
  1.100000000000000E-002  0.000000000000000E+000
  1.200000000000000E-002  0.000000000000000E+000
  1.300000000000000E-002  0.000000000000000E+000
  1.400000000000000E-002  0.000000000000000E+000
  1.500000000000000E-002  0.000000000000000E+000
  1.600000000000000E-002  0.000000000000000E+000
  1.700000000000000E-002  0.000000000000000E+000
  1.800000000000000E-002  0.000000000000000E+000
  1.900000000000000E-002  0.000000000000000E+000
  2.000000000000000E-002  0.000000000000000E+000
  2.100000000000000E-002  0.000000000000000E+000
  2.200000000000000E-002  0.000000000000000E+000
  2.300000000000000E-002  0.000000000000000E+000
  2.400000000000000E-002  0.000000000000000E+000
  2.500000000000000E-002  0.000000000000000E+000
