 -2.500000000000000E-002  0.000000000000000E+000
 -2.400000000000000E-002  0.000000000000000E+000
 -2.300000000000000E-002  0.000000000000000E+000
 -2.200000000000000E-002  0.000000000000000E+000
 -2.100000000000000E-002  0.000000000000000E+000
 -2.000000000000000E-002  0.000000000000000E+000
 -1.900000000000000E-002  0.000000000000000E+000
 -1.800000000000000E-002  0.000000000000000E+000
 -1.700000000000000E-002  0.000000000000000E+000
 -1.600000000000000E-002  0.290840888504189     
 -1.500000000000000E-002  0.552417106284716     
 -1.400000000000000E-002   1.84117936138828     
 -1.300000000000000E-002  0.141952643822817     
 -1.200000000000000E-002  8.318975019966143E-002
 -1.100000000000000E-002   1.43328594184450     
 -1.000000000000000E-002   1.12001277092242     
 -9.000000000000001E-003  0.979265300373753     
 -8.000000000000000E-003  0.365349620876285     
 -6.999999999999999E-003   1.69298981097683     
 -6.000000000000002E-003   10.9882629605122     
 -5.000000000000001E-003   15.7115457866758     
 -4.000000000000000E-003   13.8661448495260     
 -3.000000000000003E-003   9.91653936518199     
 -2.000000000000002E-003   9.26479765441753     
 -1.000000000000001E-003   8.56448790551195     
  0.000000000000000E+000   7.84734730248706     
  1.000000000000001E-003   6.22098809175142     
  1.999999999999998E-003   8.39365560237980     
  2.999999999999999E-003   7.94730286556701     
  4.000000000000000E-003   6.83171267285016     
  4.999999999999998E-003   11.6980597811879     
  5.999999999999998E-003   7.12297759676939     
  6.999999999999999E-003   5.70914667508155     
  8.000000000000000E-003   1.07564433421876     
  9.000000000000001E-003   1.58325530887467     
  1.000000000000000E-002   2.13954925153876     
  1.100000000000000E-002  0.622908676759733     
  1.200000000000000E-002   1.35669478804257     
  1.300000000000000E-002   2.30670374477036     
  1.400000000000000E-002   1.77051331887012     
  1.500000000000000E-002  0.544648271831735     
  1.600000000000000E-002  0.000000000000000E+000
  1.700000000000000E-002  0.000000000000000E+000
  1.800000000000000E-002  0.000000000000000E+000
  1.900000000000000E-002  0.000000000000000E+000
  2.000000000000000E-002  0.000000000000000E+000
  2.100000000000000E-002  0.000000000000000E+000
  2.200000000000000E-002  0.000000000000000E+000
  2.300000000000000E-002  0.000000000000000E+000
  2.400000000000000E-002  0.000000000000000E+000
  2.500000000000000E-002  0.000000000000000E+000
