 -2.500000000000000E-002  0.000000000000000E+000
 -2.400000000000000E-002  0.000000000000000E+000
 -2.300000000000000E-002  0.000000000000000E+000
 -2.200000000000000E-002  0.000000000000000E+000
 -2.100000000000000E-002  0.000000000000000E+000
 -2.000000000000000E-002  0.000000000000000E+000
 -1.900000000000000E-002  0.000000000000000E+000
 -1.800000000000000E-002  0.109054325135116     
 -1.700000000000000E-002  0.466710717600853     
 -1.600000000000000E-002   1.15741343489311     
 -1.500000000000000E-002  0.808925193223060     
 -1.400000000000000E-002  0.905764459680104     
 -1.300000000000000E-002  0.413823288219364     
 -1.200000000000000E-002   1.23283894181216     
 -1.100000000000000E-002  0.629701922784721     
 -1.000000000000000E-002  0.692088239785252     
 -9.000000000000001E-003  0.713159928437938     
 -8.000000000000000E-003  0.667669548428324     
 -6.999999999999999E-003   3.16116444624663     
 -6.000000000000002E-003   11.9783229017822     
 -5.000000000000001E-003   18.0502432477939     
 -4.000000000000000E-003   14.1262698591017     
 -3.000000000000003E-003   14.0816577266829     
 -2.000000000000002E-003   10.7826789920875     
 -1.000000000000001E-003   10.4711779170056     
  0.000000000000000E+000   11.9947149167692     
  1.000000000000001E-003   7.42060939381870     
  1.999999999999998E-003   10.3119941891497     
  2.999999999999999E-003   5.16749515058097     
  4.000000000000000E-003   8.56989340624163     
  4.999999999999998E-003   9.64850187583817     
  5.999999999999998E-003   12.2905527842687     
  6.999999999999999E-003   5.28654906635503     
  8.000000000000000E-003   3.02070218035689     
  9.000000000000001E-003   2.79559148371230     
  1.000000000000000E-002   5.32271529575872     
  1.100000000000000E-002   3.15371237878259     
  1.200000000000000E-002   1.72667778261257     
  1.300000000000000E-002   1.24313848217837     
  1.400000000000000E-002  2.074652287604127E-002
  1.500000000000000E-002  0.000000000000000E+000
  1.600000000000000E-002  0.000000000000000E+000
  1.700000000000000E-002  0.000000000000000E+000
  1.800000000000000E-002  0.000000000000000E+000
  1.900000000000000E-002  0.000000000000000E+000
  2.000000000000000E-002  0.000000000000000E+000
  2.100000000000000E-002  0.000000000000000E+000
  2.200000000000000E-002  0.000000000000000E+000
  2.300000000000000E-002  0.000000000000000E+000
  2.400000000000000E-002  0.000000000000000E+000
  2.500000000000000E-002  0.000000000000000E+000
