 -2.500000000000000E-002  0.000000000000000E+000
 -2.400000000000000E-002  0.000000000000000E+000
 -2.300000000000000E-002  0.000000000000000E+000
 -2.200000000000000E-002  0.000000000000000E+000
 -2.100000000000000E-002  0.000000000000000E+000
 -2.000000000000000E-002  0.000000000000000E+000
 -1.900000000000000E-002  0.000000000000000E+000
 -1.800000000000000E-002  0.000000000000000E+000
 -1.700000000000000E-002  0.000000000000000E+000
 -1.600000000000000E-002  0.000000000000000E+000
 -1.500000000000000E-002  0.000000000000000E+000
 -1.400000000000000E-002  0.000000000000000E+000
 -1.300000000000000E-002  0.000000000000000E+000
 -1.200000000000000E-002  0.000000000000000E+000
 -1.100000000000000E-002  0.000000000000000E+000
 -1.000000000000000E-002  0.000000000000000E+000
 -9.000000000000001E-003  0.000000000000000E+000
 -8.000000000000000E-003  0.000000000000000E+000
 -6.999999999999999E-003   1.42550498300475     
 -6.000000000000002E-003   4.06095877600721     
 -5.000000000000001E-003   8.52287638293522     
 -4.000000000000000E-003   17.8917091685017     
 -3.000000000000003E-003   18.9892832151328     
 -2.000000000000002E-003   17.5641479526801     
 -1.000000000000001E-003   17.2501097542332     
  0.000000000000000E+000   13.6772037592083     
  1.000000000000001E-003   16.3211267778768     
  1.999999999999998E-003   10.8594198358897     
  2.999999999999999E-003   2.02951887899756     
  4.000000000000000E-003   1.77313001213403     
  4.999999999999998E-003   1.03260741636564     
  5.999999999999998E-003  0.987263092653051     
  6.999999999999999E-003  0.881149733875120     
  8.000000000000000E-003   1.92606836343850     
  9.000000000000001E-003   1.71853659767919     
  1.000000000000000E-002   1.64350692098785     
  1.100000000000000E-002   4.13133744908199     
  1.200000000000000E-002   4.06401752396484     
  1.300000000000000E-002   2.21784049592469     
  1.400000000000000E-002   1.10247983925304     
  1.500000000000000E-002  5.802307017467637E-002
  1.600000000000000E-002  0.000000000000000E+000
  1.700000000000000E-002  0.000000000000000E+000
  1.800000000000000E-002  0.000000000000000E+000
  1.900000000000000E-002  0.000000000000000E+000
  2.000000000000000E-002  0.000000000000000E+000
  2.100000000000000E-002  0.000000000000000E+000
  2.200000000000000E-002  0.000000000000000E+000
  2.300000000000000E-002  0.000000000000000E+000
  2.400000000000000E-002  0.000000000000000E+000
  2.500000000000000E-002  0.000000000000000E+000
