 -2.500000000000000E-002  0.000000000000000E+000
 -2.400000000000000E-002  0.000000000000000E+000
 -2.300000000000000E-002  0.000000000000000E+000
 -2.200000000000000E-002  0.000000000000000E+000
 -2.100000000000000E-002  0.000000000000000E+000
 -2.000000000000000E-002  0.000000000000000E+000
 -1.900000000000000E-002  0.000000000000000E+000
 -1.800000000000000E-002  0.000000000000000E+000
 -1.700000000000000E-002  0.000000000000000E+000
 -1.600000000000000E-002  0.000000000000000E+000
 -1.500000000000000E-002  0.000000000000000E+000
 -1.400000000000000E-002  0.000000000000000E+000
 -1.300000000000000E-002  0.000000000000000E+000
 -1.200000000000000E-002  0.752489703247787     
 -1.100000000000000E-002   4.04957916763339     
 -1.000000000000000E-002   4.54105849796192     
 -9.000000000000001E-003   4.11377400005398     
 -8.000000000000000E-003   4.15409600202921     
 -6.999999999999999E-003   4.60303942147039     
 -6.000000000000002E-003   2.74481524504585     
 -5.000000000000001E-003   3.18910388428393     
 -4.000000000000000E-003   2.48330315883800     
 -3.000000000000003E-003   2.89207227692998     
 -2.000000000000002E-003   3.54909615605227     
 -1.000000000000001E-003   3.35186799028543     
  0.000000000000000E+000   6.09483611613181     
  1.000000000000001E-003   13.4359279956122     
  1.999999999999998E-003   32.7302094058579     
  2.999999999999999E-003   27.8391575766238     
  4.000000000000000E-003   15.1845846739923     
  4.999999999999998E-003   7.17328321217362     
  5.999999999999998E-003   1.10370551577629     
  6.999999999999999E-003  0.000000000000000E+000
  8.000000000000000E-003  0.000000000000000E+000
  9.000000000000001E-003  0.000000000000000E+000
  1.000000000000000E-002  0.000000000000000E+000
  1.100000000000000E-002  0.000000000000000E+000
  1.200000000000000E-002  0.000000000000000E+000
  1.300000000000000E-002  0.000000000000000E+000
  1.400000000000000E-002  0.000000000000000E+000
  1.500000000000000E-002  0.000000000000000E+000
  1.600000000000000E-002  0.000000000000000E+000
  1.700000000000000E-002  0.000000000000000E+000
  1.800000000000000E-002  0.000000000000000E+000
  1.900000000000000E-002  0.000000000000000E+000
  2.000000000000000E-002  0.000000000000000E+000
  2.100000000000000E-002  0.000000000000000E+000
  2.200000000000000E-002  0.000000000000000E+000
  2.300000000000000E-002  0.000000000000000E+000
  2.400000000000000E-002  0.000000000000000E+000
  2.500000000000000E-002  0.000000000000000E+000
