 -2.500000000000000E-002  0.000000000000000E+000
 -2.400000000000000E-002  0.000000000000000E+000
 -2.300000000000000E-002  0.000000000000000E+000
 -2.200000000000000E-002  0.000000000000000E+000
 -2.100000000000000E-002  0.000000000000000E+000
 -2.000000000000000E-002  0.000000000000000E+000
 -1.900000000000000E-002  0.000000000000000E+000
 -1.800000000000000E-002  0.000000000000000E+000
 -1.700000000000000E-002  0.000000000000000E+000
 -1.600000000000000E-002  0.000000000000000E+000
 -1.500000000000000E-002  0.000000000000000E+000
 -1.400000000000000E-002  0.000000000000000E+000
 -1.300000000000000E-002  0.000000000000000E+000
 -1.200000000000000E-002  0.000000000000000E+000
 -1.100000000000000E-002  0.000000000000000E+000
 -1.000000000000000E-002  0.407056560338359     
 -9.000000000000001E-003   6.24088876212527     
 -8.000000000000000E-003   8.33918520447665     
 -6.999999999999999E-003   5.05884144885136     
 -6.000000000000002E-003   6.73534695258889     
 -5.000000000000001E-003   4.83830351917388     
 -4.000000000000000E-003   8.26276027004230     
 -3.000000000000003E-003   8.74691475379903     
 -2.000000000000002E-003   6.31989952664967     
 -1.000000000000001E-003   17.8466289630004     
  0.000000000000000E+000   17.3507349185642     
  1.000000000000001E-003   18.1389121733158     
  1.999999999999998E-003   13.2901867880200     
  2.999999999999999E-003   13.2297054350099     
  4.000000000000000E-003   3.39000926972372     
  4.999999999999998E-003   4.59176953042929     
  5.999999999999998E-003   8.96304681524338     
  6.999999999999999E-003   5.20916812696502     
  8.000000000000000E-003   3.48215207003666     
  9.000000000000001E-003   2.51716658825392     
  1.000000000000000E-002   2.64048086224079     
  1.100000000000000E-002   2.33440450029289     
  1.200000000000000E-002  0.217146960858785     
  1.300000000000000E-002  0.000000000000000E+000
  1.400000000000000E-002  0.000000000000000E+000
  1.500000000000000E-002  0.000000000000000E+000
  1.600000000000000E-002  0.000000000000000E+000
  1.700000000000000E-002  0.000000000000000E+000
  1.800000000000000E-002  0.000000000000000E+000
  1.900000000000000E-002  0.000000000000000E+000
  2.000000000000000E-002  0.000000000000000E+000
  2.100000000000000E-002  0.000000000000000E+000
  2.200000000000000E-002  0.000000000000000E+000
  2.300000000000000E-002  0.000000000000000E+000
  2.400000000000000E-002  0.000000000000000E+000
  2.500000000000000E-002  0.000000000000000E+000
