 -2.500000000000000E-002  0.000000000000000E+000
 -2.400000000000000E-002  0.000000000000000E+000
 -2.300000000000000E-002  0.000000000000000E+000
 -2.200000000000000E-002  0.000000000000000E+000
 -2.100000000000000E-002  0.000000000000000E+000
 -2.000000000000000E-002  0.000000000000000E+000
 -1.900000000000000E-002  0.000000000000000E+000
 -1.800000000000000E-002  0.000000000000000E+000
 -1.700000000000000E-002  0.000000000000000E+000
 -1.600000000000000E-002  0.000000000000000E+000
 -1.500000000000000E-002  0.000000000000000E+000
 -1.400000000000000E-002  0.000000000000000E+000
 -1.300000000000000E-002  0.000000000000000E+000
 -1.200000000000000E-002  0.000000000000000E+000
 -1.100000000000000E-002  0.000000000000000E+000
 -1.000000000000000E-002  0.320134628985245     
 -9.000000000000001E-003   1.30319900915327     
 -8.000000000000000E-003  0.970656438714253     
 -6.999999999999999E-003   1.02500032416391     
 -6.000000000000002E-003   1.12919591126528     
 -5.000000000000001E-003   1.37877796482162     
 -4.000000000000000E-003   6.46106002295597     
 -3.000000000000003E-003   12.5596239879377     
 -2.000000000000002E-003   24.4292258379993     
 -1.000000000000001E-003   33.9044496885503     
  0.000000000000000E+000   28.3161678981546     
  1.000000000000001E-003   24.5115329582738     
  1.999999999999998E-003   13.8627417895546     
  2.999999999999999E-003   3.73040974826462     
  4.000000000000000E-003   1.07394332360869     
  4.999999999999998E-003   1.39767011457597     
  5.999999999999998E-003   1.07609426630321     
  6.999999999999999E-003  0.453509005003410     
  8.000000000000000E-003  0.319458090482712     
  9.000000000000001E-003  0.826802529954308     
  1.000000000000000E-002  0.682647116361165     
  1.100000000000000E-002  0.652896492450867     
  1.200000000000000E-002  0.407737598395233     
  1.300000000000000E-002  0.595446544318188     
  1.400000000000000E-002  0.632121202602968     
  1.500000000000000E-002  0.662630627164801     
  1.600000000000000E-002  0.274096879984072     
  1.700000000000000E-002  0.722011886258299     
  1.800000000000000E-002  0.772337729786945     
  1.900000000000000E-002  0.350911243907677     
  2.000000000000000E-002  0.245388318379689     
  2.100000000000000E-002  0.126310821667389     
  2.200000000000000E-002  0.000000000000000E+000
  2.300000000000000E-002  0.000000000000000E+000
  2.400000000000000E-002  0.000000000000000E+000
  2.500000000000000E-002  0.000000000000000E+000
