 -2.500000000000000E-002  0.000000000000000E+000
 -2.400000000000000E-002  0.000000000000000E+000
 -2.300000000000000E-002  0.000000000000000E+000
 -2.200000000000000E-002  0.000000000000000E+000
 -2.100000000000000E-002  0.000000000000000E+000
 -2.000000000000000E-002  0.000000000000000E+000
 -1.900000000000000E-002  0.000000000000000E+000
 -1.800000000000000E-002  0.000000000000000E+000
 -1.700000000000000E-002  0.000000000000000E+000
 -1.600000000000000E-002  0.000000000000000E+000
 -1.500000000000000E-002  0.393214402873131     
 -1.400000000000000E-002   1.17447719412195     
 -1.300000000000000E-002  0.879866269395004     
 -1.200000000000000E-002  0.462743762924127     
 -1.100000000000000E-002  0.312759990333273     
 -1.000000000000000E-002   1.43850357330239     
 -9.000000000000001E-003   1.20375953797479     
 -8.000000000000000E-003  0.363141044033590     
 -6.999999999999999E-003   1.11679631793051     
 -6.000000000000002E-003  0.971271745847846     
 -5.000000000000001E-003  0.758765916581598     
 -4.000000000000000E-003   4.69157640580003     
 -3.000000000000003E-003   18.2819627298409     
 -2.000000000000002E-003   21.9872703346695     
 -1.000000000000001E-003   22.7573109609254     
  0.000000000000000E+000   20.7428588060382     
  1.000000000000001E-003   20.1719232214163     
  1.999999999999998E-003   17.3798070781520     
  2.999999999999999E-003   6.31582215294954     
  4.000000000000000E-003   1.54438703316513     
  4.999999999999998E-003   1.90292883518759     
  5.999999999999998E-003  0.217144298738099     
  6.999999999999999E-003  0.859504043441704     
  8.000000000000000E-003  0.265558521449460     
  9.000000000000001E-003  0.796354599675305     
  1.000000000000000E-002   1.24018591983884     
  1.100000000000000E-002   1.69836445367868     
  1.200000000000000E-002   1.97985405513290     
  1.300000000000000E-002  0.782049606294501     
  1.400000000000000E-002   1.93768824435813     
  1.500000000000000E-002   1.05749796830263     
  1.600000000000000E-002  0.601658393080675     
  1.700000000000000E-002  9.522582546288539E-003
  1.800000000000000E-002  0.000000000000000E+000
  1.900000000000000E-002  0.000000000000000E+000
  2.000000000000000E-002  0.000000000000000E+000
  2.100000000000000E-002  0.000000000000000E+000
  2.200000000000000E-002  0.000000000000000E+000
  2.300000000000000E-002  0.000000000000000E+000
  2.400000000000000E-002  0.000000000000000E+000
  2.500000000000000E-002  0.000000000000000E+000
