 -2.500000000000000E-002  0.000000000000000E+000
 -2.400000000000000E-002  0.000000000000000E+000
 -2.300000000000000E-002  0.000000000000000E+000
 -2.200000000000000E-002  0.000000000000000E+000
 -2.100000000000000E-002  0.000000000000000E+000
 -2.000000000000000E-002  0.000000000000000E+000
 -1.900000000000000E-002  0.000000000000000E+000
 -1.800000000000000E-002  0.000000000000000E+000
 -1.700000000000000E-002  0.000000000000000E+000
 -1.600000000000000E-002  0.000000000000000E+000
 -1.500000000000000E-002  0.000000000000000E+000
 -1.400000000000000E-002  0.000000000000000E+000
 -1.300000000000000E-002  0.000000000000000E+000
 -1.200000000000000E-002  0.000000000000000E+000
 -1.100000000000000E-002  0.000000000000000E+000
 -1.000000000000000E-002  0.000000000000000E+000
 -9.000000000000001E-003  0.000000000000000E+000
 -8.000000000000000E-003  0.223018908765146     
 -6.999999999999999E-003   4.13048399698124     
 -6.000000000000002E-003   12.0411783225610     
 -5.000000000000001E-003   16.0409711425455     
 -4.000000000000000E-003   15.9852629891304     
 -3.000000000000003E-003   12.5285273647453     
 -2.000000000000002E-003   14.8534062443479     
 -1.000000000000001E-003   15.2039974906650     
  0.000000000000000E+000   17.4369070156464     
  1.000000000000001E-003   17.2719845021156     
  1.999999999999998E-003   9.58696056705444     
  2.999999999999999E-003   7.99078570905067     
  4.000000000000000E-003   9.37987734982418     
  4.999999999999998E-003   5.97820629391422     
  5.999999999999998E-003   3.32695957112197     
  6.999999999999999E-003   3.58758270998176     
  8.000000000000000E-003   2.20317279405097     
  9.000000000000001E-003   3.08335983497160     
  1.000000000000000E-002   1.59136384447524     
  1.100000000000000E-002   4.68155960814253     
  1.200000000000000E-002   3.50852365972313     
  1.300000000000000E-002  2.510008018576641E-002
  1.400000000000000E-002  0.000000000000000E+000
  1.500000000000000E-002  0.000000000000000E+000
  1.600000000000000E-002  0.000000000000000E+000
  1.700000000000000E-002  0.000000000000000E+000
  1.800000000000000E-002  0.000000000000000E+000
  1.900000000000000E-002  0.000000000000000E+000
  2.000000000000000E-002  0.000000000000000E+000
  2.100000000000000E-002  0.000000000000000E+000
  2.200000000000000E-002  0.000000000000000E+000
  2.300000000000000E-002  0.000000000000000E+000
  2.400000000000000E-002  0.000000000000000E+000
  2.500000000000000E-002  0.000000000000000E+000
