 -2.500000000000000E-002  0.000000000000000E+000
 -2.400000000000000E-002  0.000000000000000E+000
 -2.300000000000000E-002  0.000000000000000E+000
 -2.200000000000000E-002  0.000000000000000E+000
 -2.100000000000000E-002  0.000000000000000E+000
 -2.000000000000000E-002  0.000000000000000E+000
 -1.900000000000000E-002  0.000000000000000E+000
 -1.800000000000000E-002  0.154756107510184     
 -1.700000000000000E-002   1.18643723431138     
 -1.600000000000000E-002  0.405676658178435     
 -1.500000000000000E-002  0.739593285712949     
 -1.400000000000000E-002   1.40906294766756     
 -1.300000000000000E-002   1.08863784234983     
 -1.200000000000000E-002  0.511595924269665     
 -1.100000000000000E-002  0.210146455207830     
 -1.000000000000000E-002  0.355414474025732     
 -9.000000000000001E-003  0.809783621074147     
 -8.000000000000000E-003  0.908646901569554     
 -6.999999999999999E-003  0.669019903755764     
 -6.000000000000002E-003  0.819207308879537     
 -5.000000000000001E-003   2.07825055318877     
 -4.000000000000000E-003   13.3382438710449     
 -3.000000000000003E-003   43.3238846035635     
 -2.000000000000002E-003   49.7216993857154     
 -1.000000000000001E-003   44.7197235046735     
  0.000000000000000E+000   42.5786847265747     
  1.000000000000001E-003   35.8002438132915     
  1.999999999999998E-003   26.6423518121818     
  2.999999999999999E-003   9.59007171912880     
  4.000000000000000E-003   8.03373381600808     
  4.999999999999998E-003   7.27691750160785     
  5.999999999999998E-003   9.08362551555147     
  6.999999999999999E-003   7.65696793159168     
  8.000000000000000E-003   3.76778761329107     
  9.000000000000001E-003   1.65031599388563     
  1.000000000000000E-002   3.25597347854075     
  1.100000000000000E-002   5.25032760172814     
  1.200000000000000E-002   1.19845789391992     
  1.300000000000000E-002  0.000000000000000E+000
  1.400000000000000E-002  0.000000000000000E+000
  1.500000000000000E-002  0.000000000000000E+000
  1.600000000000000E-002  0.000000000000000E+000
  1.700000000000000E-002  0.000000000000000E+000
  1.800000000000000E-002  0.000000000000000E+000
  1.900000000000000E-002  0.000000000000000E+000
  2.000000000000000E-002  0.000000000000000E+000
  2.100000000000000E-002  0.000000000000000E+000
  2.200000000000000E-002  0.000000000000000E+000
  2.300000000000000E-002  0.000000000000000E+000
  2.400000000000000E-002  0.000000000000000E+000
  2.500000000000000E-002  0.000000000000000E+000
