 -2.500000000000000E-002  0.000000000000000E+000
 -2.400000000000000E-002  0.000000000000000E+000
 -2.300000000000000E-002  0.000000000000000E+000
 -2.200000000000000E-002  0.000000000000000E+000
 -2.100000000000000E-002  0.000000000000000E+000
 -2.000000000000000E-002  0.144435598090435     
 -1.900000000000000E-002  0.680791725668693     
 -1.800000000000000E-002   1.27494267624087     
 -1.700000000000000E-002  0.248580774007994     
 -1.600000000000000E-002  0.822652827930118     
 -1.500000000000000E-002   1.43075924352780     
 -1.400000000000000E-002   1.20917158712467     
 -1.300000000000000E-002  0.220920387573248     
 -1.200000000000000E-002  0.307621321917031     
 -1.100000000000000E-002   1.32216706423005     
 -1.000000000000000E-002   1.44726161290011     
 -9.000000000000001E-003  0.803740060600438     
 -8.000000000000000E-003   2.57161636745297     
 -6.999999999999999E-003   4.15923308032513     
 -6.000000000000002E-003   3.46095287419624     
 -5.000000000000001E-003   4.59159636599902     
 -4.000000000000000E-003   4.60947167209391     
 -3.000000000000003E-003   22.0078104180167     
 -2.000000000000002E-003   67.3241653258347     
 -1.000000000000001E-003   88.2188121330540     
  0.000000000000000E+000   69.5109394366638     
  1.000000000000001E-003   55.7889682546950     
  1.999999999999998E-003   33.9418039504868     
  2.999999999999999E-003   30.3832702905955     
  4.000000000000000E-003   2.15536375938802     
  4.999999999999998E-003   2.37141789519836     
  5.999999999999998E-003   2.71911661908243     
  6.999999999999999E-003  0.750408227703539     
  8.000000000000000E-003   3.16240719072666     
  9.000000000000001E-003   4.10711920059721     
  1.000000000000000E-002   6.56376769061326     
  1.100000000000000E-002   6.59523109073491     
  1.200000000000000E-002   3.16998913570346     
  1.300000000000000E-002   1.95441685080410     
  1.400000000000000E-002  0.429317290223002     
  1.500000000000000E-002  0.000000000000000E+000
  1.600000000000000E-002  0.000000000000000E+000
  1.700000000000000E-002  0.000000000000000E+000
  1.800000000000000E-002  0.000000000000000E+000
  1.900000000000000E-002  0.000000000000000E+000
  2.000000000000000E-002  0.000000000000000E+000
  2.100000000000000E-002  0.000000000000000E+000
  2.200000000000000E-002  0.000000000000000E+000
  2.300000000000000E-002  0.000000000000000E+000
  2.400000000000000E-002  0.000000000000000E+000
  2.500000000000000E-002  0.000000000000000E+000
