 -2.500000000000000E-002  0.000000000000000E+000
 -2.400000000000000E-002  0.000000000000000E+000
 -2.300000000000000E-002  0.000000000000000E+000
 -2.200000000000000E-002  0.000000000000000E+000
 -2.100000000000000E-002  0.000000000000000E+000
 -2.000000000000000E-002  0.000000000000000E+000
 -1.900000000000000E-002  0.000000000000000E+000
 -1.800000000000000E-002  0.000000000000000E+000
 -1.700000000000000E-002  0.000000000000000E+000
 -1.600000000000000E-002  0.217507292382918     
 -1.500000000000000E-002   2.39597841060283     
 -1.400000000000000E-002   2.98503552856794     
 -1.300000000000000E-002   2.10515210166001     
 -1.200000000000000E-002   3.24298742897865     
 -1.100000000000000E-002   2.77818272459628     
 -1.000000000000000E-002   1.13421315612268     
 -9.000000000000001E-003   2.53493234445237     
 -8.000000000000000E-003   1.41641212725922     
 -6.999999999999999E-003   4.25583766418700     
 -6.000000000000002E-003   3.90101848000436     
 -5.000000000000001E-003   3.01744623152404     
 -4.000000000000000E-003   1.96497859456605     
 -3.000000000000003E-003   1.36122140920987     
 -2.000000000000002E-003   2.76677624555258     
 -1.000000000000001E-003   1.66697499902567     
  0.000000000000000E+000   3.45567007632257     
  1.000000000000001E-003   1.78653167454515     
  1.999999999999998E-003   2.03707844322359     
  2.999999999999999E-003   3.57878482926600     
  4.000000000000000E-003   3.10267963056079     
  4.999999999999998E-003   1.63223353377456     
  5.999999999999998E-003   1.44902701163024     
  6.999999999999999E-003   2.25245920173198     
  8.000000000000000E-003  0.815330580925435     
  9.000000000000001E-003   1.04890863070275     
  1.000000000000000E-002   1.12238680040158     
  1.100000000000000E-002   2.04834446426189     
  1.200000000000000E-002   3.29320600880791     
  1.300000000000000E-002   6.45892137277760     
  1.400000000000000E-002   3.66883539205453     
  1.500000000000000E-002   1.43055990263054     
  1.600000000000000E-002  6.382770769043285E-002
  1.700000000000000E-002  0.000000000000000E+000
  1.800000000000000E-002  0.000000000000000E+000
  1.900000000000000E-002  0.000000000000000E+000
  2.000000000000000E-002  0.000000000000000E+000
  2.100000000000000E-002  0.000000000000000E+000
  2.200000000000000E-002  0.000000000000000E+000
  2.300000000000000E-002  0.000000000000000E+000
  2.400000000000000E-002  0.000000000000000E+000
  2.500000000000000E-002  0.000000000000000E+000
