 -2.500000000000000E-002  0.000000000000000E+000
 -2.400000000000000E-002  0.000000000000000E+000
 -2.300000000000000E-002  0.000000000000000E+000
 -2.200000000000000E-002  0.000000000000000E+000
 -2.100000000000000E-002  0.000000000000000E+000
 -2.000000000000000E-002  0.000000000000000E+000
 -1.900000000000000E-002  0.000000000000000E+000
 -1.800000000000000E-002  0.000000000000000E+000
 -1.700000000000000E-002  0.000000000000000E+000
 -1.600000000000000E-002  0.000000000000000E+000
 -1.500000000000000E-002  0.000000000000000E+000
 -1.400000000000000E-002  0.000000000000000E+000
 -1.300000000000000E-002  0.000000000000000E+000
 -1.200000000000000E-002  0.000000000000000E+000
 -1.100000000000000E-002  0.373733448793041     
 -1.000000000000000E-002   2.14241315856834     
 -9.000000000000001E-003   2.97470827096134     
 -8.000000000000000E-003   1.53449940328168     
 -6.999999999999999E-003   2.19248911529285     
 -6.000000000000002E-003   4.38951942433089     
 -5.000000000000001E-003   8.29502502360433     
 -4.000000000000000E-003   10.3136486544555     
 -3.000000000000003E-003   11.2018897359638     
 -2.000000000000002E-003   8.80743876702218     
 -1.000000000000001E-003   8.79344250130086     
  0.000000000000000E+000   6.95537055853584     
  1.000000000000001E-003   4.26903298098134     
  1.999999999999998E-003   5.73684738558097     
  2.999999999999999E-003   5.55347146026238     
  4.000000000000000E-003   2.50054664107659     
  4.999999999999998E-003   3.84310858689231     
  5.999999999999998E-003   4.80195467954359     
  6.999999999999999E-003   2.50943816299691     
  8.000000000000000E-003   2.50644230554925     
  9.000000000000001E-003   1.28437107237561     
  1.000000000000000E-002  0.866872109134918     
  1.100000000000000E-002  6.821655349540080E-002
  1.200000000000000E-002  0.113473035954639     
  1.300000000000000E-002   1.23481114768889     
  1.400000000000000E-002   1.23507032706588     
  1.500000000000000E-002  0.267031108423902     
  1.600000000000000E-002  0.453477238265484     
  1.700000000000000E-002  0.342710037218617     
  1.800000000000000E-002  0.856547105382591     
  1.900000000000000E-002  0.624249813936481     
  2.000000000000000E-002  0.673897858878270     
  2.100000000000000E-002  0.257622327185251     
  2.200000000000000E-002  0.000000000000000E+000
  2.300000000000000E-002  0.000000000000000E+000
  2.400000000000000E-002  0.000000000000000E+000
  2.500000000000000E-002  0.000000000000000E+000
