 -2.500000000000000E-002  0.000000000000000E+000
 -2.400000000000000E-002  0.000000000000000E+000
 -2.300000000000000E-002  0.000000000000000E+000
 -2.200000000000000E-002  0.000000000000000E+000
 -2.100000000000000E-002  0.000000000000000E+000
 -2.000000000000000E-002  0.000000000000000E+000
 -1.900000000000000E-002  0.000000000000000E+000
 -1.800000000000000E-002  0.000000000000000E+000
 -1.700000000000000E-002  0.000000000000000E+000
 -1.600000000000000E-002  0.000000000000000E+000
 -1.500000000000000E-002  0.000000000000000E+000
 -1.400000000000000E-002  0.000000000000000E+000
 -1.300000000000000E-002  0.000000000000000E+000
 -1.200000000000000E-002  0.000000000000000E+000
 -1.100000000000000E-002  0.000000000000000E+000
 -1.000000000000000E-002  0.000000000000000E+000
 -9.000000000000001E-003  0.000000000000000E+000
 -8.000000000000000E-003  5.942393206736801E-002
 -6.999999999999999E-003   1.74269678690236     
 -6.000000000000002E-003   7.89964731416270     
 -5.000000000000001E-003   9.61429504617338     
 -4.000000000000000E-003   10.1032785025104     
 -3.000000000000003E-003   24.0361685404367     
 -2.000000000000002E-003   44.8404221142022     
 -1.000000000000001E-003   46.8935795860449     
  0.000000000000000E+000   35.4646866654000     
  1.000000000000001E-003   27.6610715401576     
  1.999999999999998E-003   21.3073216539599     
  2.999999999999999E-003   13.4139427755258     
  4.000000000000000E-003   3.27569806421386     
  4.999999999999998E-003   1.82126406616051     
  5.999999999999998E-003   2.95868538695211     
  6.999999999999999E-003   2.69319482453220     
  8.000000000000000E-003   2.58016605775734     
  9.000000000000001E-003   3.64931783830940     
  1.000000000000000E-002   1.95205161840196     
  1.100000000000000E-002   4.39794304430323     
  1.200000000000000E-002   4.30865047719622     
  1.300000000000000E-002  0.765324164629963     
  1.400000000000000E-002  0.000000000000000E+000
  1.500000000000000E-002  0.000000000000000E+000
  1.600000000000000E-002  0.000000000000000E+000
  1.700000000000000E-002  0.000000000000000E+000
  1.800000000000000E-002  0.000000000000000E+000
  1.900000000000000E-002  0.000000000000000E+000
  2.000000000000000E-002  0.000000000000000E+000
  2.100000000000000E-002  0.000000000000000E+000
  2.200000000000000E-002  0.000000000000000E+000
  2.300000000000000E-002  0.000000000000000E+000
  2.400000000000000E-002  0.000000000000000E+000
  2.500000000000000E-002  0.000000000000000E+000
