 -2.500000000000000E-002  0.000000000000000E+000
 -2.400000000000000E-002  0.000000000000000E+000
 -2.300000000000000E-002  0.000000000000000E+000
 -2.200000000000000E-002  0.000000000000000E+000
 -2.100000000000000E-002  0.000000000000000E+000
 -2.000000000000000E-002  0.000000000000000E+000
 -1.900000000000000E-002  0.000000000000000E+000
 -1.800000000000000E-002  0.000000000000000E+000
 -1.700000000000000E-002  0.000000000000000E+000
 -1.600000000000000E-002  0.000000000000000E+000
 -1.500000000000000E-002  0.000000000000000E+000
 -1.400000000000000E-002  0.000000000000000E+000
 -1.300000000000000E-002  0.000000000000000E+000
 -1.200000000000000E-002  0.000000000000000E+000
 -1.100000000000000E-002  0.000000000000000E+000
 -1.000000000000000E-002  0.000000000000000E+000
 -9.000000000000001E-003  0.000000000000000E+000
 -8.000000000000000E-003  0.000000000000000E+000
 -6.999999999999999E-003  0.000000000000000E+000
 -6.000000000000002E-003  0.375688586081808     
 -5.000000000000001E-003   3.01290272040769     
 -4.000000000000000E-003   12.4212959017883     
 -3.000000000000003E-003   20.7968322302358     
 -2.000000000000002E-003   22.3065695220464     
 -1.000000000000001E-003   21.6352210720635     
  0.000000000000000E+000   17.7879457601828     
  1.000000000000001E-003   14.7034247185590     
  1.999999999999998E-003   12.1368500928617     
  2.999999999999999E-003   4.08796494381799     
  4.000000000000000E-003   1.98768847780739     
  4.999999999999998E-003  0.988425683344881     
  5.999999999999998E-003  0.594436849616807     
  6.999999999999999E-003   1.46962226539521     
  8.000000000000000E-003  0.871104059641428     
  9.000000000000001E-003  0.583251051735266     
  1.000000000000000E-002   1.26193631754000     
  1.100000000000000E-002   2.18742130311292     
  1.200000000000000E-002   1.27436282682987     
  1.300000000000000E-002   1.42771055442371     
  1.400000000000000E-002   1.71429474349570     
  1.500000000000000E-002  0.506500319011804     
  1.600000000000000E-002  0.000000000000000E+000
  1.700000000000000E-002  0.000000000000000E+000
  1.800000000000000E-002  0.000000000000000E+000
  1.900000000000000E-002  0.000000000000000E+000
  2.000000000000000E-002  0.000000000000000E+000
  2.100000000000000E-002  0.000000000000000E+000
  2.200000000000000E-002  0.000000000000000E+000
  2.300000000000000E-002  0.000000000000000E+000
  2.400000000000000E-002  0.000000000000000E+000
  2.500000000000000E-002  0.000000000000000E+000
