 -2.500000000000000E-002  0.000000000000000E+000
 -2.400000000000000E-002  0.000000000000000E+000
 -2.300000000000000E-002  0.000000000000000E+000
 -2.200000000000000E-002  0.000000000000000E+000
 -2.100000000000000E-002  0.000000000000000E+000
 -2.000000000000000E-002  0.000000000000000E+000
 -1.900000000000000E-002  0.000000000000000E+000
 -1.800000000000000E-002  0.000000000000000E+000
 -1.700000000000000E-002  0.000000000000000E+000
 -1.600000000000000E-002  0.000000000000000E+000
 -1.500000000000000E-002  0.000000000000000E+000
 -1.400000000000000E-002  0.000000000000000E+000
 -1.300000000000000E-002  0.000000000000000E+000
 -1.200000000000000E-002  0.000000000000000E+000
 -1.100000000000000E-002  7.454995213044201E-002
 -1.000000000000000E-002   1.24285784614571     
 -9.000000000000001E-003   3.25883739343309     
 -8.000000000000000E-003   1.33176900009505     
 -6.999999999999999E-003   2.75112958081661     
 -6.000000000000002E-003   2.73544874935482     
 -5.000000000000001E-003   2.29346616318887     
 -4.000000000000000E-003   3.09216668965294     
 -3.000000000000003E-003   13.0583780534903     
 -2.000000000000002E-003   30.8057797639731     
 -1.000000000000001E-003   37.6290980138082     
  0.000000000000000E+000   29.4316874541164     
  1.000000000000001E-003   23.1083198469767     
  1.999999999999998E-003   17.3628730350031     
  2.999999999999999E-003   10.3695439683049     
  4.000000000000000E-003   1.81219202649718     
  4.999999999999998E-003   1.25867030195581     
  5.999999999999998E-003  0.439782113373714     
  6.999999999999999E-003  0.867082759955087     
  8.000000000000000E-003  0.594740918125040     
  9.000000000000001E-003  0.626952493196883     
  1.000000000000000E-002   1.00421892593490     
  1.100000000000000E-002  0.421337826564425     
  1.200000000000000E-002  0.416977123906862     
  1.300000000000000E-002  0.235237613545462     
  1.400000000000000E-002  0.736401534066690     
  1.500000000000000E-002   1.47850196707778     
  1.600000000000000E-002  0.390494203477679     
  1.700000000000000E-002  0.539929872504691     
  1.800000000000000E-002  0.445663834164548     
  1.900000000000000E-002  0.670870975163146     
  2.000000000000000E-002  0.657131895456877     
  2.100000000000000E-002  0.707137471393552     
  2.200000000000000E-002  0.191500633149572     
  2.300000000000000E-002  0.000000000000000E+000
  2.400000000000000E-002  0.000000000000000E+000
  2.500000000000000E-002  0.000000000000000E+000
