 -2.500000000000000E-002  0.000000000000000E+000
 -2.400000000000000E-002  0.000000000000000E+000
 -2.300000000000000E-002  0.000000000000000E+000
 -2.200000000000000E-002  0.000000000000000E+000
 -2.100000000000000E-002  0.000000000000000E+000
 -2.000000000000000E-002  0.000000000000000E+000
 -1.900000000000000E-002  0.000000000000000E+000
 -1.800000000000000E-002  0.000000000000000E+000
 -1.700000000000000E-002  0.000000000000000E+000
 -1.600000000000000E-002  0.000000000000000E+000
 -1.500000000000000E-002  0.000000000000000E+000
 -1.400000000000000E-002  0.000000000000000E+000
 -1.300000000000000E-002  0.000000000000000E+000
 -1.200000000000000E-002  0.000000000000000E+000
 -1.100000000000000E-002  0.000000000000000E+000
 -1.000000000000000E-002  0.000000000000000E+000
 -9.000000000000001E-003  0.000000000000000E+000
 -8.000000000000000E-003  0.000000000000000E+000
 -6.999999999999999E-003  0.000000000000000E+000
 -6.000000000000002E-003  2.944006159141741E-002
 -5.000000000000001E-003   2.11362168506398     
 -4.000000000000000E-003   10.9770032048237     
 -3.000000000000003E-003   16.2281445887814     
 -2.000000000000002E-003   19.6509828077723     
 -1.000000000000001E-003   15.8068148518167     
  0.000000000000000E+000   15.8902261586847     
  1.000000000000001E-003   16.6127953711707     
  1.999999999999998E-003   12.9510113562895     
  2.999999999999999E-003   6.51749515455484     
  4.000000000000000E-003   2.70960242536556     
  4.999999999999998E-003   2.95662254320200     
  5.999999999999998E-003   2.36196422989987     
  6.999999999999999E-003   3.26066896577750     
  8.000000000000000E-003   2.44094311719089     
  9.000000000000001E-003   1.21196338384069     
  1.000000000000000E-002  5.823009417434349E-002
  1.100000000000000E-002  0.000000000000000E+000
  1.200000000000000E-002  0.000000000000000E+000
  1.300000000000000E-002  0.000000000000000E+000
  1.400000000000000E-002  0.000000000000000E+000
  1.500000000000000E-002  0.000000000000000E+000
  1.600000000000000E-002  0.000000000000000E+000
  1.700000000000000E-002  0.000000000000000E+000
  1.800000000000000E-002  0.000000000000000E+000
  1.900000000000000E-002  0.000000000000000E+000
  2.000000000000000E-002  0.000000000000000E+000
  2.100000000000000E-002  0.000000000000000E+000
  2.200000000000000E-002  0.000000000000000E+000
  2.300000000000000E-002  0.000000000000000E+000
  2.400000000000000E-002  0.000000000000000E+000
  2.500000000000000E-002  0.000000000000000E+000
