 -2.500000000000000E-002  0.000000000000000E+000
 -2.400000000000000E-002  0.000000000000000E+000
 -2.300000000000000E-002  0.000000000000000E+000
 -2.200000000000000E-002  0.000000000000000E+000
 -2.100000000000000E-002  0.000000000000000E+000
 -2.000000000000000E-002  0.000000000000000E+000
 -1.900000000000000E-002  0.000000000000000E+000
 -1.800000000000000E-002  0.000000000000000E+000
 -1.700000000000000E-002  0.000000000000000E+000
 -1.600000000000000E-002  0.101749643433499     
 -1.500000000000000E-002  0.441053634399676     
 -1.400000000000000E-002   1.44002983410649     
 -1.300000000000000E-002  0.823916888060334     
 -1.200000000000000E-002  0.447805879979457     
 -1.100000000000000E-002  0.741192768449470     
 -1.000000000000000E-002   1.10503094209282     
 -9.000000000000001E-003  0.993098821345452     
 -8.000000000000000E-003  0.776721588132804     
 -6.999999999999999E-003  0.372203033152190     
 -6.000000000000002E-003   1.50699334880206     
 -5.000000000000001E-003   2.09877460280198     
 -4.000000000000000E-003   5.53520547598192     
 -3.000000000000003E-003   20.3854634611297     
 -2.000000000000002E-003   29.8704110184022     
 -1.000000000000001E-003   32.0170350628526     
  0.000000000000000E+000   21.7475857450606     
  1.000000000000001E-003   18.2092688278911     
  1.999999999999998E-003   16.6418030274083     
  2.999999999999999E-003   10.6324913432997     
  4.000000000000000E-003   1.76021446342864     
  4.999999999999998E-003   1.13259277612611     
  5.999999999999998E-003   1.52005990041386     
  6.999999999999999E-003   1.23172285655391     
  8.000000000000000E-003  0.616920798337138     
  9.000000000000001E-003   1.10029902984665     
  1.000000000000000E-002   1.24117060328198     
  1.100000000000000E-002   1.37096540799027     
  1.200000000000000E-002   1.54840540723981     
  1.300000000000000E-002   2.29634417247454     
  1.400000000000000E-002   2.30541555618376     
  1.500000000000000E-002   1.74772402731281     
  1.600000000000000E-002  0.451380054028058     
  1.700000000000000E-002  0.000000000000000E+000
  1.800000000000000E-002  0.000000000000000E+000
  1.900000000000000E-002  0.000000000000000E+000
  2.000000000000000E-002  0.000000000000000E+000
  2.100000000000000E-002  0.000000000000000E+000
  2.200000000000000E-002  0.000000000000000E+000
  2.300000000000000E-002  0.000000000000000E+000
  2.400000000000000E-002  0.000000000000000E+000
  2.500000000000000E-002  0.000000000000000E+000
