 -2.500000000000000E-002  0.000000000000000E+000
 -2.400000000000000E-002  0.000000000000000E+000
 -2.300000000000000E-002  0.000000000000000E+000
 -2.200000000000000E-002  0.000000000000000E+000
 -2.100000000000000E-002  0.000000000000000E+000
 -2.000000000000000E-002  0.000000000000000E+000
 -1.900000000000000E-002  0.000000000000000E+000
 -1.800000000000000E-002  0.000000000000000E+000
 -1.700000000000000E-002  0.000000000000000E+000
 -1.600000000000000E-002  0.000000000000000E+000
 -1.500000000000000E-002  0.000000000000000E+000
 -1.400000000000000E-002  0.000000000000000E+000
 -1.300000000000000E-002  0.000000000000000E+000
 -1.200000000000000E-002  0.000000000000000E+000
 -1.100000000000000E-002  0.000000000000000E+000
 -1.000000000000000E-002  0.000000000000000E+000
 -9.000000000000001E-003  0.000000000000000E+000
 -8.000000000000000E-003  0.000000000000000E+000
 -6.999999999999999E-003  0.000000000000000E+000
 -6.000000000000002E-003  0.000000000000000E+000
 -5.000000000000001E-003   1.22245146512850     
 -4.000000000000000E-003   12.8103026692893     
 -3.000000000000003E-003   25.2057346987517     
 -2.000000000000002E-003   33.1079471671953     
 -1.000000000000001E-003   27.4495022122413     
  0.000000000000000E+000   26.5278307263897     
  1.000000000000001E-003   28.2289650445901     
  1.999999999999998E-003   24.6627910825800     
  2.999999999999999E-003   8.54686922228940     
  4.000000000000000E-003   1.41196322633915     
  4.999999999999998E-003  0.992783565299847     
  5.999999999999998E-003  0.236969617134063     
  6.999999999999999E-003  0.923499368502230     
  8.000000000000000E-003   1.87026179660892     
  9.000000000000001E-003  9.808137660390773E-003
  1.000000000000000E-002  0.132640972828081     
  1.100000000000000E-002   1.70107364585400     
  1.200000000000000E-002   1.49840395292163     
  1.300000000000000E-002  0.992643515000851     
  1.400000000000000E-002  0.994078959176438     
  1.500000000000000E-002  0.840251922622770     
  1.600000000000000E-002  0.473697031596218     
  1.700000000000000E-002  0.000000000000000E+000
  1.800000000000000E-002  0.000000000000000E+000
  1.900000000000000E-002  0.000000000000000E+000
  2.000000000000000E-002  0.000000000000000E+000
  2.100000000000000E-002  0.000000000000000E+000
  2.200000000000000E-002  0.000000000000000E+000
  2.300000000000000E-002  0.000000000000000E+000
  2.400000000000000E-002  0.000000000000000E+000
  2.500000000000000E-002  0.000000000000000E+000
