 -2.500000000000000E-002  0.000000000000000E+000
 -2.400000000000000E-002  0.000000000000000E+000
 -2.300000000000000E-002  0.000000000000000E+000
 -2.200000000000000E-002  0.000000000000000E+000
 -2.100000000000000E-002  0.000000000000000E+000
 -2.000000000000000E-002  0.000000000000000E+000
 -1.900000000000000E-002  0.000000000000000E+000
 -1.800000000000000E-002  0.000000000000000E+000
 -1.700000000000000E-002  0.000000000000000E+000
 -1.600000000000000E-002  0.000000000000000E+000
 -1.500000000000000E-002  0.000000000000000E+000
 -1.400000000000000E-002  0.000000000000000E+000
 -1.300000000000000E-002  0.000000000000000E+000
 -1.200000000000000E-002  0.000000000000000E+000
 -1.100000000000000E-002  0.000000000000000E+000
 -1.000000000000000E-002  9.886577041809038E-003
 -9.000000000000001E-003  0.844825385392037     
 -8.000000000000000E-003   5.77207565140853     
 -6.999999999999999E-003   15.4130573848773     
 -6.000000000000002E-003   14.3292333467681     
 -5.000000000000001E-003   10.6141001140276     
 -4.000000000000000E-003   11.0617650848141     
 -3.000000000000003E-003   10.7421133367374     
 -2.000000000000002E-003   10.6348480173722     
 -1.000000000000001E-003   9.28336903623635     
  0.000000000000000E+000   10.8072517589170     
  1.000000000000001E-003   10.7502130421719     
  1.999999999999998E-003   9.09077347496786     
  2.999999999999999E-003   11.0946267536429     
  4.000000000000000E-003   8.34633263262060     
  4.999999999999998E-003   2.50042776966251     
  5.999999999999998E-003   4.34026014222175     
  6.999999999999999E-003   7.87369404045148     
  8.000000000000000E-003   7.99908121525758     
  9.000000000000001E-003   7.09043983359007     
  1.000000000000000E-002   3.05837360107496     
  1.100000000000000E-002   2.54892655174529     
  1.200000000000000E-002   2.24594031164742     
  1.300000000000000E-002  0.408074937353251     
  1.400000000000000E-002  0.000000000000000E+000
  1.500000000000000E-002  0.000000000000000E+000
  1.600000000000000E-002  0.000000000000000E+000
  1.700000000000000E-002  0.000000000000000E+000
  1.800000000000000E-002  0.000000000000000E+000
  1.900000000000000E-002  0.000000000000000E+000
  2.000000000000000E-002  0.000000000000000E+000
  2.100000000000000E-002  0.000000000000000E+000
  2.200000000000000E-002  0.000000000000000E+000
  2.300000000000000E-002  0.000000000000000E+000
  2.400000000000000E-002  0.000000000000000E+000
  2.500000000000000E-002  0.000000000000000E+000
