 -2.500000000000000E-002  0.000000000000000E+000
 -2.400000000000000E-002  0.000000000000000E+000
 -2.300000000000000E-002  0.000000000000000E+000
 -2.200000000000000E-002  0.000000000000000E+000
 -2.100000000000000E-002  0.000000000000000E+000
 -2.000000000000000E-002  0.000000000000000E+000
 -1.900000000000000E-002  0.000000000000000E+000
 -1.800000000000000E-002  0.000000000000000E+000
 -1.700000000000000E-002  0.334938837228338     
 -1.600000000000000E-002   1.51566068359783     
 -1.500000000000000E-002   2.11082611777699     
 -1.400000000000000E-002   1.80306967231704     
 -1.300000000000000E-002  0.740781274175933     
 -1.200000000000000E-002   1.74444677150057     
 -1.100000000000000E-002   2.04115378070730     
 -1.000000000000000E-002   1.66461871135619     
 -9.000000000000001E-003   1.96538716108031     
 -8.000000000000000E-003   1.19074138990522     
 -6.999999999999999E-003   2.54818212502113     
 -6.000000000000002E-003   4.90942486097512     
 -5.000000000000001E-003   13.3912137558658     
 -4.000000000000000E-003   14.6530472157848     
 -3.000000000000003E-003   13.5805747555693     
 -2.000000000000002E-003   10.1003391100252     
 -1.000000000000001E-003   11.6741349090556     
  0.000000000000000E+000   10.9898428131527     
  1.000000000000001E-003   10.7800138463455     
  1.999999999999998E-003   11.6822682914882     
  2.999999999999999E-003   9.43371377275482     
  4.000000000000000E-003   4.59672284669468     
  4.999999999999998E-003   4.35868780909914     
  5.999999999999998E-003   2.95555390486673     
  6.999999999999999E-003   1.32342107450388     
  8.000000000000000E-003   2.60474691771250     
  9.000000000000001E-003   3.60152509185445     
  1.000000000000000E-002   2.35327454489949     
  1.100000000000000E-002   3.95763173596592     
  1.200000000000000E-002   2.99702323643032     
  1.300000000000000E-002   3.71172360073522     
  1.400000000000000E-002   3.73989690438596     
  1.500000000000000E-002   1.87643889338598     
  1.600000000000000E-002  0.694133583781902     
  1.700000000000000E-002  0.000000000000000E+000
  1.800000000000000E-002  0.000000000000000E+000
  1.900000000000000E-002  0.000000000000000E+000
  2.000000000000000E-002  0.000000000000000E+000
  2.100000000000000E-002  0.000000000000000E+000
  2.200000000000000E-002  0.000000000000000E+000
  2.300000000000000E-002  0.000000000000000E+000
  2.400000000000000E-002  0.000000000000000E+000
  2.500000000000000E-002  0.000000000000000E+000
