 -2.500000000000000E-002  0.000000000000000E+000
 -2.400000000000000E-002  0.000000000000000E+000
 -2.300000000000000E-002  0.000000000000000E+000
 -2.200000000000000E-002  0.000000000000000E+000
 -2.100000000000000E-002  0.000000000000000E+000
 -2.000000000000000E-002  0.000000000000000E+000
 -1.900000000000000E-002  0.000000000000000E+000
 -1.800000000000000E-002  0.000000000000000E+000
 -1.700000000000000E-002  0.000000000000000E+000
 -1.600000000000000E-002  0.000000000000000E+000
 -1.500000000000000E-002  0.000000000000000E+000
 -1.400000000000000E-002  0.000000000000000E+000
 -1.300000000000000E-002  0.000000000000000E+000
 -1.200000000000000E-002  0.000000000000000E+000
 -1.100000000000000E-002  0.000000000000000E+000
 -1.000000000000000E-002  0.000000000000000E+000
 -9.000000000000001E-003  0.000000000000000E+000
 -8.000000000000000E-003   1.24197025336972     
 -6.999999999999999E-003   6.64593348415506     
 -6.000000000000002E-003   8.65052168383205     
 -5.000000000000001E-003   6.57131049817785     
 -4.000000000000000E-003   4.84181662601210     
 -3.000000000000003E-003   6.25956569705192     
 -2.000000000000002E-003   7.04449910584227     
 -1.000000000000001E-003   4.66011763863421     
  0.000000000000000E+000   6.80454282429412     
  1.000000000000001E-003   7.11133264419582     
  1.999999999999998E-003   5.37732387501140     
  2.999999999999999E-003   4.18883917276393     
  4.000000000000000E-003   6.27651524079038     
  4.999999999999998E-003   5.29641430076710     
  5.999999999999998E-003   1.34865578238459     
  6.999999999999999E-003   1.64420210653513     
  8.000000000000000E-003   3.11364449750456     
  9.000000000000001E-003   3.91035492273860     
  1.000000000000000E-002   1.90293534224492     
  1.100000000000000E-002   1.13056242292600     
  1.200000000000000E-002  0.399741880768218     
  1.300000000000000E-002  0.000000000000000E+000
  1.400000000000000E-002  0.000000000000000E+000
  1.500000000000000E-002  0.000000000000000E+000
  1.600000000000000E-002  0.000000000000000E+000
  1.700000000000000E-002  0.000000000000000E+000
  1.800000000000000E-002  0.000000000000000E+000
  1.900000000000000E-002  0.000000000000000E+000
  2.000000000000000E-002  0.000000000000000E+000
  2.100000000000000E-002  0.000000000000000E+000
  2.200000000000000E-002  0.000000000000000E+000
  2.300000000000000E-002  0.000000000000000E+000
  2.400000000000000E-002  0.000000000000000E+000
  2.500000000000000E-002  0.000000000000000E+000
