 -2.500000000000000E-002  0.000000000000000E+000
 -2.400000000000000E-002  0.000000000000000E+000
 -2.300000000000000E-002  0.000000000000000E+000
 -2.200000000000000E-002  0.000000000000000E+000
 -2.100000000000000E-002  0.000000000000000E+000
 -2.000000000000000E-002  0.000000000000000E+000
 -1.900000000000000E-002  0.000000000000000E+000
 -1.800000000000000E-002  0.000000000000000E+000
 -1.700000000000000E-002  0.000000000000000E+000
 -1.600000000000000E-002  0.000000000000000E+000
 -1.500000000000000E-002  0.000000000000000E+000
 -1.400000000000000E-002  0.000000000000000E+000
 -1.300000000000000E-002  0.000000000000000E+000
 -1.200000000000000E-002  0.000000000000000E+000
 -1.100000000000000E-002  0.000000000000000E+000
 -1.000000000000000E-002  0.000000000000000E+000
 -9.000000000000001E-003  0.000000000000000E+000
 -8.000000000000000E-003  0.000000000000000E+000
 -6.999999999999999E-003  0.915961288392502     
 -6.000000000000002E-003   7.38654972261014     
 -5.000000000000001E-003   12.5266643977083     
 -4.000000000000000E-003   14.1970708242548     
 -3.000000000000003E-003   11.3012971368904     
 -2.000000000000002E-003   9.30494533477322     
 -1.000000000000001E-003   7.85180476154342     
  0.000000000000000E+000   6.08259095177243     
  1.000000000000001E-003   7.55873791073825     
  1.999999999999998E-003   1.79585366950448     
  2.999999999999999E-003  0.750536944813045     
  4.000000000000000E-003  0.875953471857877     
  4.999999999999998E-003   1.22868175087543     
  5.999999999999998E-003   1.27034950438894     
  6.999999999999999E-003   2.10148446410779     
  8.000000000000000E-003   1.45008028535695     
  9.000000000000001E-003   2.22250738105070     
  1.000000000000000E-002   4.69840243347245     
  1.100000000000000E-002   4.00569637885366     
  1.200000000000000E-002   3.01673154218459     
  1.300000000000000E-002   1.70677744495640     
  1.400000000000000E-002  0.210622399894251     
  1.500000000000000E-002  0.000000000000000E+000
  1.600000000000000E-002  0.000000000000000E+000
  1.700000000000000E-002  0.000000000000000E+000
  1.800000000000000E-002  0.000000000000000E+000
  1.900000000000000E-002  0.000000000000000E+000
  2.000000000000000E-002  0.000000000000000E+000
  2.100000000000000E-002  0.000000000000000E+000
  2.200000000000000E-002  0.000000000000000E+000
  2.300000000000000E-002  0.000000000000000E+000
  2.400000000000000E-002  0.000000000000000E+000
  2.500000000000000E-002  0.000000000000000E+000
