 -2.500000000000000E-002  0.000000000000000E+000
 -2.400000000000000E-002  0.000000000000000E+000
 -2.300000000000000E-002  0.000000000000000E+000
 -2.200000000000000E-002  0.000000000000000E+000
 -2.100000000000000E-002  0.000000000000000E+000
 -2.000000000000000E-002  0.000000000000000E+000
 -1.900000000000000E-002  0.000000000000000E+000
 -1.800000000000000E-002  0.150965927658019     
 -1.700000000000000E-002  0.470161881670428     
 -1.600000000000000E-002   1.91672911276700     
 -1.500000000000000E-002  0.585656886334292     
 -1.400000000000000E-002  0.294568674072530     
 -1.300000000000000E-002  0.755925678465760     
 -1.200000000000000E-002   1.12928091496113     
 -1.100000000000000E-002   1.01749909085552     
 -1.000000000000000E-002  0.967245881792439     
 -9.000000000000001E-003  7.637516688063734E-002
 -8.000000000000000E-003  0.391250638492283     
 -6.999999999999999E-003   1.68734598395566     
 -6.000000000000002E-003   7.10537864933478     
 -5.000000000000001E-003   11.4925677224480     
 -4.000000000000000E-003   12.2870565455138     
 -3.000000000000003E-003   12.0951880448014     
 -2.000000000000002E-003   8.87494498152603     
 -1.000000000000001E-003   10.2130045992615     
  0.000000000000000E+000   12.8752381233265     
  1.000000000000001E-003   9.78200069982542     
  1.999999999999998E-003   5.87273022401605     
  2.999999999999999E-003   9.09814241872530     
  4.000000000000000E-003   8.87654105221177     
  4.999999999999998E-003   10.5618469382848     
  5.999999999999998E-003   8.09792030011196     
  6.999999999999999E-003   4.55510678288880     
  8.000000000000000E-003   1.29794034764224     
  9.000000000000001E-003   2.15832151724915     
  1.000000000000000E-002   1.48076802753590     
  1.100000000000000E-002   1.81363824058263     
  1.200000000000000E-002   2.49375498733524     
  1.300000000000000E-002  0.988513959472888     
  1.400000000000000E-002  0.000000000000000E+000
  1.500000000000000E-002  0.000000000000000E+000
  1.600000000000000E-002  0.000000000000000E+000
  1.700000000000000E-002  0.000000000000000E+000
  1.800000000000000E-002  0.000000000000000E+000
  1.900000000000000E-002  0.000000000000000E+000
  2.000000000000000E-002  0.000000000000000E+000
  2.100000000000000E-002  0.000000000000000E+000
  2.200000000000000E-002  0.000000000000000E+000
  2.300000000000000E-002  0.000000000000000E+000
  2.400000000000000E-002  0.000000000000000E+000
  2.500000000000000E-002  0.000000000000000E+000
