 -2.500000000000000E-002  0.000000000000000E+000
 -2.400000000000000E-002  0.000000000000000E+000
 -2.300000000000000E-002  0.000000000000000E+000
 -2.200000000000000E-002  0.000000000000000E+000
 -2.100000000000000E-002  0.000000000000000E+000
 -2.000000000000000E-002  0.000000000000000E+000
 -1.900000000000000E-002  0.000000000000000E+000
 -1.800000000000000E-002  0.000000000000000E+000
 -1.700000000000000E-002  0.000000000000000E+000
 -1.600000000000000E-002  0.000000000000000E+000
 -1.500000000000000E-002  0.000000000000000E+000
 -1.400000000000000E-002  0.000000000000000E+000
 -1.300000000000000E-002  0.000000000000000E+000
 -1.200000000000000E-002  0.000000000000000E+000
 -1.100000000000000E-002   7.47119740872713     
 -1.000000000000000E-002   13.9586405874782     
 -9.000000000000001E-003   8.54871125538950     
 -8.000000000000000E-003   4.72447013673161     
 -6.999999999999999E-003   5.40883562673564     
 -6.000000000000002E-003   6.60406155956822     
 -5.000000000000001E-003   3.26369118521986     
 -4.000000000000000E-003   1.22314213290990     
 -3.000000000000003E-003   7.41602661555728     
 -2.000000000000002E-003   2.32565619315165     
 -1.000000000000001E-003  0.471599746483007     
  0.000000000000000E+000   3.02634425337718     
  1.000000000000001E-003   6.64285822073977     
  1.999999999999998E-003   2.27907125120233     
  2.999999999999999E-003   1.78743154256996     
  4.000000000000000E-003   3.53629299435985     
  4.999999999999998E-003   2.37232795729911     
  5.999999999999998E-003   4.43682858523815     
  6.999999999999999E-003   5.80561248975020     
  8.000000000000000E-003   8.43460120970680     
  9.000000000000001E-003   10.3178539228773     
  1.000000000000000E-002   8.38578241878122     
  1.100000000000000E-002   6.95009489431260     
  1.200000000000000E-002   2.71076781183357     
  1.300000000000000E-002  0.000000000000000E+000
  1.400000000000000E-002  0.000000000000000E+000
  1.500000000000000E-002  0.000000000000000E+000
  1.600000000000000E-002  0.000000000000000E+000
  1.700000000000000E-002  0.000000000000000E+000
  1.800000000000000E-002  0.000000000000000E+000
  1.900000000000000E-002  0.000000000000000E+000
  2.000000000000000E-002  0.000000000000000E+000
  2.100000000000000E-002  0.000000000000000E+000
  2.200000000000000E-002  0.000000000000000E+000
  2.300000000000000E-002  0.000000000000000E+000
  2.400000000000000E-002  0.000000000000000E+000
  2.500000000000000E-002  0.000000000000000E+000
