 -2.500000000000000E-002  0.000000000000000E+000
 -2.400000000000000E-002  0.000000000000000E+000
 -2.300000000000000E-002  0.000000000000000E+000
 -2.200000000000000E-002  0.000000000000000E+000
 -2.100000000000000E-002  0.000000000000000E+000
 -2.000000000000000E-002  0.000000000000000E+000
 -1.900000000000000E-002  0.000000000000000E+000
 -1.800000000000000E-002  0.000000000000000E+000
 -1.700000000000000E-002  0.000000000000000E+000
 -1.600000000000000E-002  0.000000000000000E+000
 -1.500000000000000E-002  0.000000000000000E+000
 -1.400000000000000E-002  0.000000000000000E+000
 -1.300000000000000E-002  0.000000000000000E+000
 -1.200000000000000E-002  0.000000000000000E+000
 -1.100000000000000E-002  0.000000000000000E+000
 -1.000000000000000E-002  0.320974227219522     
 -9.000000000000001E-003   2.72601007359362     
 -8.000000000000000E-003   2.76562329904509     
 -6.999999999999999E-003   2.00075620959673     
 -6.000000000000002E-003   6.68735280906825     
 -5.000000000000001E-003   12.0620916327571     
 -4.000000000000000E-003   12.7588027499365     
 -3.000000000000003E-003   10.8473594603156     
 -2.000000000000002E-003   7.77787098785604     
 -1.000000000000001E-003   10.5457702924184     
  0.000000000000000E+000   11.3121698730941     
  1.000000000000001E-003   4.32241104568993     
  1.999999999999998E-003   1.55153243997630     
  2.999999999999999E-003   3.36980699919717     
  4.000000000000000E-003   1.72880039727887     
  4.999999999999998E-003   3.94615776314362     
  5.999999999999998E-003   8.13237150762264     
  6.999999999999999E-003   9.97398520210912     
  8.000000000000000E-003   3.60908295576190     
  9.000000000000001E-003   2.52285695542035     
  1.000000000000000E-002   2.36271461318842     
  1.100000000000000E-002   2.67604726969385     
  1.200000000000000E-002  0.481711236016981     
  1.300000000000000E-002  0.000000000000000E+000
  1.400000000000000E-002  0.000000000000000E+000
  1.500000000000000E-002  0.000000000000000E+000
  1.600000000000000E-002  0.000000000000000E+000
  1.700000000000000E-002  0.000000000000000E+000
  1.800000000000000E-002  0.000000000000000E+000
  1.900000000000000E-002  0.000000000000000E+000
  2.000000000000000E-002  0.000000000000000E+000
  2.100000000000000E-002  0.000000000000000E+000
  2.200000000000000E-002  0.000000000000000E+000
  2.300000000000000E-002  0.000000000000000E+000
  2.400000000000000E-002  0.000000000000000E+000
  2.500000000000000E-002  0.000000000000000E+000
