 -2.500000000000000E-002  0.000000000000000E+000
 -2.400000000000000E-002  0.000000000000000E+000
 -2.300000000000000E-002  0.000000000000000E+000
 -2.200000000000000E-002  0.000000000000000E+000
 -2.100000000000000E-002  0.000000000000000E+000
 -2.000000000000000E-002  0.000000000000000E+000
 -1.900000000000000E-002  0.000000000000000E+000
 -1.800000000000000E-002  0.000000000000000E+000
 -1.700000000000000E-002  0.000000000000000E+000
 -1.600000000000000E-002  0.000000000000000E+000
 -1.500000000000000E-002  0.000000000000000E+000
 -1.400000000000000E-002  0.000000000000000E+000
 -1.300000000000000E-002  0.000000000000000E+000
 -1.200000000000000E-002  0.000000000000000E+000
 -1.100000000000000E-002  0.000000000000000E+000
 -1.000000000000000E-002  0.515031668806749     
 -9.000000000000001E-003   2.01179883390317     
 -8.000000000000000E-003   3.77353171909037     
 -6.999999999999999E-003   5.00399524238193     
 -6.000000000000002E-003   5.40569546544662     
 -5.000000000000001E-003   3.26683408562972     
 -4.000000000000000E-003   6.25729064314685     
 -3.000000000000003E-003   3.98391474102666     
 -2.000000000000002E-003   3.68490619608469     
 -1.000000000000001E-003   7.78854331388850     
  0.000000000000000E+000   6.57246897128528     
  1.000000000000001E-003   3.42630534039963     
  1.999999999999998E-003   4.38447598016113     
  2.999999999999999E-003   14.3957471926772     
  4.000000000000000E-003   11.3402107336431     
  4.999999999999998E-003   14.4263828771718     
  5.999999999999998E-003   2.50120056794249     
  6.999999999999999E-003  0.143336427314050     
  8.000000000000000E-003  0.000000000000000E+000
  9.000000000000001E-003  0.000000000000000E+000
  1.000000000000000E-002  0.000000000000000E+000
  1.100000000000000E-002  0.000000000000000E+000
  1.200000000000000E-002  0.000000000000000E+000
  1.300000000000000E-002  0.000000000000000E+000
  1.400000000000000E-002  0.000000000000000E+000
  1.500000000000000E-002  0.000000000000000E+000
  1.600000000000000E-002  0.000000000000000E+000
  1.700000000000000E-002  0.000000000000000E+000
  1.800000000000000E-002  0.000000000000000E+000
  1.900000000000000E-002  0.000000000000000E+000
  2.000000000000000E-002  0.000000000000000E+000
  2.100000000000000E-002  0.000000000000000E+000
  2.200000000000000E-002  0.000000000000000E+000
  2.300000000000000E-002  0.000000000000000E+000
  2.400000000000000E-002  0.000000000000000E+000
  2.500000000000000E-002  0.000000000000000E+000
