 -2.500000000000000E-002  0.000000000000000E+000
 -2.400000000000000E-002  0.000000000000000E+000
 -2.300000000000000E-002  0.000000000000000E+000
 -2.200000000000000E-002  0.000000000000000E+000
 -2.100000000000000E-002  0.000000000000000E+000
 -2.000000000000000E-002  0.000000000000000E+000
 -1.900000000000000E-002  0.000000000000000E+000
 -1.800000000000000E-002  0.000000000000000E+000
 -1.700000000000000E-002  0.000000000000000E+000
 -1.600000000000000E-002  0.000000000000000E+000
 -1.500000000000000E-002  0.000000000000000E+000
 -1.400000000000000E-002  0.000000000000000E+000
 -1.300000000000000E-002  0.000000000000000E+000
 -1.200000000000000E-002  0.000000000000000E+000
 -1.100000000000000E-002  0.000000000000000E+000
 -1.000000000000000E-002  0.000000000000000E+000
 -9.000000000000001E-003  0.109355142988954     
 -8.000000000000000E-003   2.54895217516714     
 -6.999999999999999E-003   14.8831349064769     
 -6.000000000000002E-003   17.4362990476719     
 -5.000000000000001E-003   16.8382032057417     
 -4.000000000000000E-003   12.8649590598834     
 -3.000000000000003E-003   9.29812315414422     
 -2.000000000000002E-003   9.20889843846119     
 -1.000000000000001E-003   8.02361552632317     
  0.000000000000000E+000   10.9350204849764     
  1.000000000000001E-003   15.2975791590941     
  1.999999999999998E-003   23.5694642312789     
  2.999999999999999E-003   20.8767488971896     
  4.000000000000000E-003   20.5873312234597     
  4.999999999999998E-003   17.1912898451884     
  5.999999999999998E-003   1.61441073919534     
  6.999999999999999E-003  0.536454578657851     
  8.000000000000000E-003   1.11423539045931     
  9.000000000000001E-003   1.53560251339497     
  1.000000000000000E-002   1.08816821118786     
  1.100000000000000E-002   2.32238711159867     
  1.200000000000000E-002  0.985690502428897     
  1.300000000000000E-002   1.04802630881901     
  1.400000000000000E-002  0.294583363101880     
  1.500000000000000E-002   1.06673371506169     
  1.600000000000000E-002  0.367633068048813     
  1.700000000000000E-002  0.000000000000000E+000
  1.800000000000000E-002  0.000000000000000E+000
  1.900000000000000E-002  0.000000000000000E+000
  2.000000000000000E-002  0.000000000000000E+000
  2.100000000000000E-002  0.000000000000000E+000
  2.200000000000000E-002  0.000000000000000E+000
  2.300000000000000E-002  0.000000000000000E+000
  2.400000000000000E-002  0.000000000000000E+000
  2.500000000000000E-002  0.000000000000000E+000
