 -2.500000000000000E-002  0.000000000000000E+000
 -2.400000000000000E-002  0.000000000000000E+000
 -2.300000000000000E-002  0.000000000000000E+000
 -2.200000000000000E-002  0.000000000000000E+000
 -2.100000000000000E-002  0.000000000000000E+000
 -2.000000000000000E-002  0.000000000000000E+000
 -1.900000000000000E-002  0.000000000000000E+000
 -1.800000000000000E-002  0.613475703703807     
 -1.700000000000000E-002   1.36988477030838     
 -1.600000000000000E-002  0.540113276575400     
 -1.500000000000000E-002  0.752313855543473     
 -1.400000000000000E-002   1.00554947683923     
 -1.300000000000000E-002   1.16188959930775     
 -1.200000000000000E-002  0.686144280638403     
 -1.100000000000000E-002  0.881655083481119     
 -1.000000000000000E-002  0.801600729766320     
 -9.000000000000001E-003  0.713621120829155     
 -8.000000000000000E-003   1.48973356944467     
 -6.999999999999999E-003   2.29357848100111     
 -6.000000000000002E-003   5.75321320297018     
 -5.000000000000001E-003   8.70188639928581     
 -4.000000000000000E-003   10.5882968302558     
 -3.000000000000003E-003   20.5104322222931     
 -2.000000000000002E-003   17.8288373271646     
 -1.000000000000001E-003   15.3043477041290     
  0.000000000000000E+000   14.9710456287616     
  1.000000000000001E-003   15.6319219854448     
  1.999999999999998E-003   19.6613414369671     
  2.999999999999999E-003   11.1641708667460     
  4.000000000000000E-003   7.66028524881803     
  4.999999999999998E-003   9.86695464675017     
  5.999999999999998E-003   8.87450220466492     
  6.999999999999999E-003   8.51125404437923     
  8.000000000000000E-003   3.10885471636202     
  9.000000000000001E-003   1.08914062313068     
  1.000000000000000E-002   2.54591887540133     
  1.100000000000000E-002   2.55323073123346     
  1.200000000000000E-002  0.220195357803331     
  1.300000000000000E-002  0.000000000000000E+000
  1.400000000000000E-002  0.000000000000000E+000
  1.500000000000000E-002  0.000000000000000E+000
  1.600000000000000E-002  0.000000000000000E+000
  1.700000000000000E-002  0.000000000000000E+000
  1.800000000000000E-002  0.000000000000000E+000
  1.900000000000000E-002  0.000000000000000E+000
  2.000000000000000E-002  0.000000000000000E+000
  2.100000000000000E-002  0.000000000000000E+000
  2.200000000000000E-002  0.000000000000000E+000
  2.300000000000000E-002  0.000000000000000E+000
  2.400000000000000E-002  0.000000000000000E+000
  2.500000000000000E-002  0.000000000000000E+000
