 -2.500000000000000E-002  0.000000000000000E+000
 -2.400000000000000E-002  0.000000000000000E+000
 -2.300000000000000E-002  0.000000000000000E+000
 -2.200000000000000E-002  0.000000000000000E+000
 -2.100000000000000E-002  0.000000000000000E+000
 -2.000000000000000E-002  0.000000000000000E+000
 -1.900000000000000E-002  1.853818292797486E-002
 -1.800000000000000E-002   1.13921857577899     
 -1.700000000000000E-002   1.05684942768670     
 -1.600000000000000E-002   1.40784736864915     
 -1.500000000000000E-002  7.220689728768798E-002
 -1.400000000000000E-002  0.456559754024677     
 -1.300000000000000E-002   1.85371394457175     
 -1.200000000000000E-002   1.31805289241722     
 -1.100000000000000E-002  0.919926828473525     
 -1.000000000000000E-002   4.53596314630165     
 -9.000000000000001E-003   7.27176087024885     
 -8.000000000000000E-003   4.45598796848905     
 -6.999999999999999E-003   3.89123998072445     
 -6.000000000000002E-003   3.80374320617545     
 -5.000000000000001E-003   2.11225924310939     
 -4.000000000000000E-003   1.95624015329614     
 -3.000000000000003E-003   3.51205556300941     
 -2.000000000000002E-003   1.19019897523649     
 -1.000000000000001E-003   1.60475233293870     
  0.000000000000000E+000   2.30201946322608     
  1.000000000000001E-003   4.02178493651392     
  1.999999999999998E-003   3.59316448984724     
  2.999999999999999E-003   2.12538028496073     
  4.000000000000000E-003   2.48012169880445     
  4.999999999999998E-003   2.40210690743141     
  5.999999999999998E-003   4.10586426708384     
  6.999999999999999E-003   4.27975275014582     
  8.000000000000000E-003   5.01434054085608     
  9.000000000000001E-003   7.33263015923898     
  1.000000000000000E-002   6.09659494080835     
  1.100000000000000E-002   5.08675806971154     
  1.200000000000000E-002   2.48241185077915     
  1.300000000000000E-002  1.965432924513780E-002
  1.400000000000000E-002  0.000000000000000E+000
  1.500000000000000E-002  0.000000000000000E+000
  1.600000000000000E-002  0.000000000000000E+000
  1.700000000000000E-002  0.000000000000000E+000
  1.800000000000000E-002  0.000000000000000E+000
  1.900000000000000E-002  0.000000000000000E+000
  2.000000000000000E-002  0.000000000000000E+000
  2.100000000000000E-002  0.000000000000000E+000
  2.200000000000000E-002  0.000000000000000E+000
  2.300000000000000E-002  0.000000000000000E+000
  2.400000000000000E-002  0.000000000000000E+000
  2.500000000000000E-002  0.000000000000000E+000
