 -2.500000000000000E-002  0.000000000000000E+000
 -2.400000000000000E-002  0.000000000000000E+000
 -2.300000000000000E-002  0.000000000000000E+000
 -2.200000000000000E-002  0.000000000000000E+000
 -2.100000000000000E-002  0.000000000000000E+000
 -2.000000000000000E-002  0.000000000000000E+000
 -1.900000000000000E-002  0.000000000000000E+000
 -1.800000000000000E-002  0.000000000000000E+000
 -1.700000000000000E-002  0.000000000000000E+000
 -1.600000000000000E-002  0.000000000000000E+000
 -1.500000000000000E-002  0.000000000000000E+000
 -1.400000000000000E-002  0.000000000000000E+000
 -1.300000000000000E-002  0.000000000000000E+000
 -1.200000000000000E-002  0.000000000000000E+000
 -1.100000000000000E-002  0.187063997170469     
 -1.000000000000000E-002   2.80747640673336     
 -9.000000000000001E-003   4.19484806832374     
 -8.000000000000000E-003   6.53538434769904     
 -6.999999999999999E-003   6.87394916693141     
 -6.000000000000002E-003   4.86054997149655     
 -5.000000000000001E-003   4.58624152145125     
 -4.000000000000000E-003   3.79427988906955     
 -3.000000000000003E-003   4.32099097051400     
 -2.000000000000002E-003   5.76367031767551     
 -1.000000000000001E-003   3.45770363386886     
  0.000000000000000E+000   5.22901850362352     
  1.000000000000001E-003   5.43575447149524     
  1.999999999999998E-003   2.21978374352487     
  2.999999999999999E-003   6.94701499555720     
  4.000000000000000E-003   10.0408296645713     
  4.999999999999998E-003   8.60100186179294     
  5.999999999999998E-003   1.96930111214895     
  6.999999999999999E-003   2.10513495739829     
  8.000000000000000E-003   3.24245108641151     
  9.000000000000001E-003   4.59358168909906     
  1.000000000000000E-002   3.13298374601470     
  1.100000000000000E-002   1.97824710634346     
  1.200000000000000E-002  0.338488771085207     
  1.300000000000000E-002  0.000000000000000E+000
  1.400000000000000E-002  0.000000000000000E+000
  1.500000000000000E-002  0.000000000000000E+000
  1.600000000000000E-002  0.000000000000000E+000
  1.700000000000000E-002  0.000000000000000E+000
  1.800000000000000E-002  0.000000000000000E+000
  1.900000000000000E-002  0.000000000000000E+000
  2.000000000000000E-002  0.000000000000000E+000
  2.100000000000000E-002  0.000000000000000E+000
  2.200000000000000E-002  0.000000000000000E+000
  2.300000000000000E-002  0.000000000000000E+000
  2.400000000000000E-002  0.000000000000000E+000
  2.500000000000000E-002  0.000000000000000E+000
