 -2.500000000000000E-002  0.000000000000000E+000
 -2.400000000000000E-002  0.000000000000000E+000
 -2.300000000000000E-002  0.000000000000000E+000
 -2.200000000000000E-002  0.000000000000000E+000
 -2.100000000000000E-002  0.000000000000000E+000
 -2.000000000000000E-002  0.000000000000000E+000
 -1.900000000000000E-002  0.000000000000000E+000
 -1.800000000000000E-002  0.000000000000000E+000
 -1.700000000000000E-002  0.344901243013120     
 -1.600000000000000E-002  0.283188756986881     
 -1.500000000000000E-002  0.942296811156662     
 -1.400000000000000E-002   1.03952427808589     
 -1.300000000000000E-002  0.569244795101465     
 -1.200000000000000E-002  0.374027477307848     
 -1.100000000000000E-002  0.426119543572250     
 -1.000000000000000E-002   1.31111061094775     
 -9.000000000000001E-003  0.827241900164803     
 -8.000000000000000E-003   1.29545904943493     
 -6.999999999999999E-003   1.54461612384879     
 -6.000000000000002E-003   2.97100009221065     
 -5.000000000000001E-003   9.10507256549925     
 -4.000000000000000E-003   15.1123825857938     
 -3.000000000000003E-003   22.8584744154642     
 -2.000000000000002E-003   20.2622632868635     
 -1.000000000000001E-003   17.8990635539429     
  0.000000000000000E+000   15.1433383736846     
  1.000000000000001E-003   18.3691703056357     
  1.999999999999998E-003   10.9976334712554     
  2.999999999999999E-003   3.33124202535057     
  4.000000000000000E-003   1.39987684430714     
  4.999999999999998E-003   2.01831147943420     
  5.999999999999998E-003   1.65648411871102     
  6.999999999999999E-003   1.64409763724625     
  8.000000000000000E-003   3.30291351149760     
  9.000000000000001E-003   4.53849659764932     
  1.000000000000000E-002   4.75576487928687     
  1.100000000000000E-002   5.75730036014566     
  1.200000000000000E-002   3.35534280315146     
  1.300000000000000E-002   2.17461526049713     
  1.400000000000000E-002  0.777755242752417     
  1.500000000000000E-002  0.000000000000000E+000
  1.600000000000000E-002  0.000000000000000E+000
  1.700000000000000E-002  0.000000000000000E+000
  1.800000000000000E-002  0.000000000000000E+000
  1.900000000000000E-002  0.000000000000000E+000
  2.000000000000000E-002  0.000000000000000E+000
  2.100000000000000E-002  0.000000000000000E+000
  2.200000000000000E-002  0.000000000000000E+000
  2.300000000000000E-002  0.000000000000000E+000
  2.400000000000000E-002  0.000000000000000E+000
  2.500000000000000E-002  0.000000000000000E+000
