 -2.500000000000000E-002  0.000000000000000E+000
 -2.400000000000000E-002  0.000000000000000E+000
 -2.300000000000000E-002  0.000000000000000E+000
 -2.200000000000000E-002  0.000000000000000E+000
 -2.100000000000000E-002  0.000000000000000E+000
 -2.000000000000000E-002  1.210617178127281E-002
 -1.900000000000000E-002   2.43394012786456     
 -1.800000000000000E-002   2.87827420170774     
 -1.700000000000000E-002  0.919176812909538     
 -1.600000000000000E-002   4.47590522733349     
 -1.500000000000000E-002   4.25409881384077     
 -1.400000000000000E-002   1.61562893022234     
 -1.300000000000000E-002  0.404023986538807     
 -1.200000000000000E-002   1.04193585502047     
 -1.100000000000000E-002   2.51467758554287     
 -1.000000000000000E-002   3.66282054216839     
 -9.000000000000001E-003   4.31037385909046     
 -8.000000000000000E-003   5.02353031619696     
 -6.999999999999999E-003   4.44367135719069     
 -6.000000000000002E-003   2.45955286671433     
 -5.000000000000001E-003   4.61310102917552     
 -4.000000000000000E-003   6.65232034216533     
 -3.000000000000003E-003   11.9424117287888     
 -2.000000000000002E-003   15.3847021360986     
 -1.000000000000001E-003   15.2700455736443     
  0.000000000000000E+000   18.5998432353827     
  1.000000000000001E-003   12.9703286515086     
  1.999999999999998E-003   9.90073039664693     
  2.999999999999999E-003   7.34660142022490     
  4.000000000000000E-003   6.85420551557558     
  4.999999999999998E-003   6.55891956397482     
  5.999999999999998E-003   8.24906718606261     
  6.999999999999999E-003   11.8281848050329     
  8.000000000000000E-003   4.97312112462899     
  9.000000000000001E-003   8.82961510448117     
  1.000000000000000E-002   17.2588515601590     
  1.100000000000000E-002   5.86826760845234     
  1.200000000000000E-002  0.572336363874199     
  1.300000000000000E-002  0.000000000000000E+000
  1.400000000000000E-002  0.000000000000000E+000
  1.500000000000000E-002  0.000000000000000E+000
  1.600000000000000E-002  0.000000000000000E+000
  1.700000000000000E-002  0.000000000000000E+000
  1.800000000000000E-002  0.000000000000000E+000
  1.900000000000000E-002  0.000000000000000E+000
  2.000000000000000E-002  0.000000000000000E+000
  2.100000000000000E-002  0.000000000000000E+000
  2.200000000000000E-002  0.000000000000000E+000
  2.300000000000000E-002  0.000000000000000E+000
  2.400000000000000E-002  0.000000000000000E+000
  2.500000000000000E-002  0.000000000000000E+000
