 -2.500000000000000E-002  0.000000000000000E+000
 -2.400000000000000E-002  0.000000000000000E+000
 -2.300000000000000E-002  0.000000000000000E+000
 -2.200000000000000E-002  0.000000000000000E+000
 -2.100000000000000E-002  0.000000000000000E+000
 -2.000000000000000E-002  0.000000000000000E+000
 -1.900000000000000E-002  0.000000000000000E+000
 -1.800000000000000E-002  0.000000000000000E+000
 -1.700000000000000E-002  0.000000000000000E+000
 -1.600000000000000E-002  0.000000000000000E+000
 -1.500000000000000E-002  0.000000000000000E+000
 -1.400000000000000E-002  0.000000000000000E+000
 -1.300000000000000E-002  0.000000000000000E+000
 -1.200000000000000E-002  0.000000000000000E+000
 -1.100000000000000E-002  0.000000000000000E+000
 -1.000000000000000E-002  0.000000000000000E+000
 -9.000000000000001E-003  0.542842586693470     
 -8.000000000000000E-003   1.70041699553001     
 -6.999999999999999E-003   1.56484421074411     
 -6.000000000000002E-003   3.82298535945522     
 -5.000000000000001E-003   4.46454556956341     
 -4.000000000000000E-003   7.14225498602671     
 -3.000000000000003E-003   19.2567976504204     
 -2.000000000000002E-003   23.5511191706560     
 -1.000000000000001E-003   23.9680563310106     
  0.000000000000000E+000   16.8009093391084     
  1.000000000000001E-003   14.6033213772803     
  1.999999999999998E-003   16.6676367631072     
  2.999999999999999E-003   6.11798160768405     
  4.000000000000000E-003   3.87239359738407     
  4.999999999999998E-003   3.58615984417732     
  5.999999999999998E-003   2.47127656805314     
  6.999999999999999E-003   3.02162567444769     
  8.000000000000000E-003   2.04114539375311     
  9.000000000000001E-003   3.41652112658498     
  1.000000000000000E-002   1.46862139258997     
  1.100000000000000E-002   2.24594122062012     
  1.200000000000000E-002  0.630223235109710     
  1.300000000000000E-002  0.000000000000000E+000
  1.400000000000000E-002  0.000000000000000E+000
  1.500000000000000E-002  0.000000000000000E+000
  1.600000000000000E-002  0.000000000000000E+000
  1.700000000000000E-002  0.000000000000000E+000
  1.800000000000000E-002  0.000000000000000E+000
  1.900000000000000E-002  0.000000000000000E+000
  2.000000000000000E-002  0.000000000000000E+000
  2.100000000000000E-002  0.000000000000000E+000
  2.200000000000000E-002  0.000000000000000E+000
  2.300000000000000E-002  0.000000000000000E+000
  2.400000000000000E-002  0.000000000000000E+000
  2.500000000000000E-002  0.000000000000000E+000
