 -2.500000000000000E-002  0.000000000000000E+000
 -2.400000000000000E-002  0.000000000000000E+000
 -2.300000000000000E-002  0.000000000000000E+000
 -2.200000000000000E-002  0.000000000000000E+000
 -2.100000000000000E-002  0.000000000000000E+000
 -2.000000000000000E-002  0.000000000000000E+000
 -1.900000000000000E-002  0.000000000000000E+000
 -1.800000000000000E-002  0.000000000000000E+000
 -1.700000000000000E-002  0.000000000000000E+000
 -1.600000000000000E-002  0.000000000000000E+000
 -1.500000000000000E-002  0.000000000000000E+000
 -1.400000000000000E-002  0.000000000000000E+000
 -1.300000000000000E-002  0.000000000000000E+000
 -1.200000000000000E-002  0.000000000000000E+000
 -1.100000000000000E-002  0.000000000000000E+000
 -1.000000000000000E-002  0.000000000000000E+000
 -9.000000000000001E-003  0.000000000000000E+000
 -8.000000000000000E-003  0.371216125027050     
 -6.999999999999999E-003   5.15252887203270     
 -6.000000000000002E-003   14.7680732212184     
 -5.000000000000001E-003   18.4685975483139     
 -4.000000000000000E-003   17.4016654466091     
 -3.000000000000003E-003   18.0948263727423     
 -2.000000000000002E-003   15.3986445740718     
 -1.000000000000001E-003   12.4786567767427     
  0.000000000000000E+000   12.1679069686534     
  1.000000000000001E-003   14.6230138237923     
  1.999999999999998E-003   8.52394295339622     
  2.999999999999999E-003   12.5323803599185     
  4.000000000000000E-003   9.74590357715288     
  4.999999999999998E-003   12.6588305573949     
  5.999999999999998E-003   16.4164664200371     
  6.999999999999999E-003   8.93435436179671     
  8.000000000000000E-003   2.39612575552430     
  9.000000000000001E-003   1.79015436907341     
  1.000000000000000E-002   1.66823191650230     
  1.100000000000000E-002  0.000000000000000E+000
  1.200000000000000E-002  0.000000000000000E+000
  1.300000000000000E-002  0.000000000000000E+000
  1.400000000000000E-002  0.000000000000000E+000
  1.500000000000000E-002  0.000000000000000E+000
  1.600000000000000E-002  0.000000000000000E+000
  1.700000000000000E-002  0.000000000000000E+000
  1.800000000000000E-002  0.000000000000000E+000
  1.900000000000000E-002  0.000000000000000E+000
  2.000000000000000E-002  0.000000000000000E+000
  2.100000000000000E-002  0.000000000000000E+000
  2.200000000000000E-002  0.000000000000000E+000
  2.300000000000000E-002  0.000000000000000E+000
  2.400000000000000E-002  0.000000000000000E+000
  2.500000000000000E-002  0.000000000000000E+000
