 -2.500000000000000E-002  0.000000000000000E+000
 -2.400000000000000E-002  0.000000000000000E+000
 -2.300000000000000E-002  0.000000000000000E+000
 -2.200000000000000E-002  0.000000000000000E+000
 -2.100000000000000E-002  0.000000000000000E+000
 -2.000000000000000E-002  0.000000000000000E+000
 -1.900000000000000E-002  0.000000000000000E+000
 -1.800000000000000E-002  0.000000000000000E+000
 -1.700000000000000E-002  0.000000000000000E+000
 -1.600000000000000E-002  0.000000000000000E+000
 -1.500000000000000E-002  0.000000000000000E+000
 -1.400000000000000E-002  0.000000000000000E+000
 -1.300000000000000E-002  0.000000000000000E+000
 -1.200000000000000E-002  0.000000000000000E+000
 -1.100000000000000E-002  0.000000000000000E+000
 -1.000000000000000E-002  0.000000000000000E+000
 -9.000000000000001E-003  0.000000000000000E+000
 -8.000000000000000E-003  9.099804852273796E-002
 -6.999999999999999E-003   4.52232685582237     
 -6.000000000000002E-003   12.6345297716554     
 -5.000000000000001E-003   21.9434808326477     
 -4.000000000000000E-003   24.6181852322943     
 -3.000000000000003E-003   20.4600680462538     
 -2.000000000000002E-003   15.5767300550054     
 -1.000000000000001E-003   12.2157955464963     
  0.000000000000000E+000   15.4267566850011     
  1.000000000000001E-003   7.66534770593780     
  1.999999999999998E-003   2.91406373001912     
  2.999999999999999E-003   3.05961273884977     
  4.000000000000000E-003   3.80715286770141     
  4.999999999999998E-003   4.50769672744721     
  5.999999999999998E-003   3.82109197658974     
  6.999999999999999E-003   5.67345472874498     
  8.000000000000000E-003   4.83253716926604     
  9.000000000000001E-003   8.55481953949276     
  1.000000000000000E-002   9.40508000519938     
  1.100000000000000E-002   2.90348132521813     
  1.200000000000000E-002   2.48662210545886     
  1.300000000000000E-002   1.67105202762459     
  1.400000000000000E-002  0.438336278751037     
  1.500000000000000E-002  0.000000000000000E+000
  1.600000000000000E-002  0.000000000000000E+000
  1.700000000000000E-002  0.000000000000000E+000
  1.800000000000000E-002  0.000000000000000E+000
  1.900000000000000E-002  0.000000000000000E+000
  2.000000000000000E-002  0.000000000000000E+000
  2.100000000000000E-002  0.000000000000000E+000
  2.200000000000000E-002  0.000000000000000E+000
  2.300000000000000E-002  0.000000000000000E+000
  2.400000000000000E-002  0.000000000000000E+000
  2.500000000000000E-002  0.000000000000000E+000
