 -2.500000000000000E-002  0.000000000000000E+000
 -2.400000000000000E-002  0.000000000000000E+000
 -2.300000000000000E-002  0.000000000000000E+000
 -2.200000000000000E-002  0.000000000000000E+000
 -2.100000000000000E-002  0.000000000000000E+000
 -2.000000000000000E-002  0.000000000000000E+000
 -1.900000000000000E-002  0.000000000000000E+000
 -1.800000000000000E-002  0.000000000000000E+000
 -1.700000000000000E-002  0.000000000000000E+000
 -1.600000000000000E-002  0.000000000000000E+000
 -1.500000000000000E-002  0.000000000000000E+000
 -1.400000000000000E-002  0.000000000000000E+000
 -1.300000000000000E-002  0.000000000000000E+000
 -1.200000000000000E-002  0.000000000000000E+000
 -1.100000000000000E-002  0.000000000000000E+000
 -1.000000000000000E-002  0.000000000000000E+000
 -9.000000000000001E-003  0.217390650245134     
 -8.000000000000000E-003   2.95815407941805     
 -6.999999999999999E-003   2.47483414658669     
 -6.000000000000002E-003   5.79205900900076     
 -5.000000000000001E-003   16.8395450121815     
 -4.000000000000000E-003   14.5866864620996     
 -3.000000000000003E-003   9.61104942984603     
 -2.000000000000002E-003   8.89610378266080     
 -1.000000000000001E-003   11.0177983535409     
  0.000000000000000E+000   11.5581876397646     
  1.000000000000001E-003   3.57213605560879     
  1.999999999999998E-003   2.61493260955986     
  2.999999999999999E-003   1.83146721164496     
  4.000000000000000E-003   1.30767887383708     
  4.999999999999998E-003   2.10157983486800     
  5.999999999999998E-003  0.976057633736907     
  6.999999999999999E-003   2.50048601088004     
  8.000000000000000E-003   2.87257536791375     
  9.000000000000001E-003   4.58424975774653     
  1.000000000000000E-002   5.46937156659503     
  1.100000000000000E-002   4.50476265070695     
  1.200000000000000E-002   3.44595299438462     
  1.300000000000000E-002  0.993140867173439     
  1.400000000000000E-002  0.000000000000000E+000
  1.500000000000000E-002  0.000000000000000E+000
  1.600000000000000E-002  0.000000000000000E+000
  1.700000000000000E-002  0.000000000000000E+000
  1.800000000000000E-002  0.000000000000000E+000
  1.900000000000000E-002  0.000000000000000E+000
  2.000000000000000E-002  0.000000000000000E+000
  2.100000000000000E-002  0.000000000000000E+000
  2.200000000000000E-002  0.000000000000000E+000
  2.300000000000000E-002  0.000000000000000E+000
  2.400000000000000E-002  0.000000000000000E+000
  2.500000000000000E-002  0.000000000000000E+000
