 -2.500000000000000E-002  0.000000000000000E+000
 -2.400000000000000E-002  0.000000000000000E+000
 -2.300000000000000E-002  0.000000000000000E+000
 -2.200000000000000E-002  0.000000000000000E+000
 -2.100000000000000E-002  0.000000000000000E+000
 -2.000000000000000E-002  0.000000000000000E+000
 -1.900000000000000E-002  0.000000000000000E+000
 -1.800000000000000E-002   1.02093793467726     
 -1.700000000000000E-002   2.89274195224680     
 -1.600000000000000E-002   1.32499395616413     
 -1.500000000000000E-002   1.32509934142775     
 -1.400000000000000E-002   1.69203377265345     
 -1.300000000000000E-002   2.49798914672294     
 -1.200000000000000E-002   1.57611705137589     
 -1.100000000000000E-002   2.15189917106533     
 -1.000000000000000E-002   1.34757626763179     
 -9.000000000000001E-003   1.89969263294535     
 -8.000000000000000E-003   3.52703584957842     
 -6.999999999999999E-003   4.37959386691184     
 -6.000000000000002E-003   8.59118160811861     
 -5.000000000000001E-003   6.58284040022631     
 -4.000000000000000E-003   5.74202827323905     
 -3.000000000000003E-003   4.19738667830802     
 -2.000000000000002E-003   4.87049589681018     
 -1.000000000000001E-003   3.36965542426358     
  0.000000000000000E+000   6.42618332863051     
  1.000000000000001E-003   4.35696525842149     
  1.999999999999998E-003   6.00512386603274     
  2.999999999999999E-003   8.18464825161429     
  4.000000000000000E-003   8.16147691246018     
  4.999999999999998E-003   14.8824516754487     
  5.999999999999998E-003   12.5986530080114     
  6.999999999999999E-003   5.00964970833665     
  8.000000000000000E-003   3.90697247994991     
  9.000000000000001E-003   1.99332024631928     
  1.000000000000000E-002   4.86999047609654     
  1.100000000000000E-002   5.39102227634919     
  1.200000000000000E-002  0.896953287962419     
  1.300000000000000E-002  0.000000000000000E+000
  1.400000000000000E-002  0.000000000000000E+000
  1.500000000000000E-002  0.000000000000000E+000
  1.600000000000000E-002  0.000000000000000E+000
  1.700000000000000E-002  0.000000000000000E+000
  1.800000000000000E-002  0.000000000000000E+000
  1.900000000000000E-002  0.000000000000000E+000
  2.000000000000000E-002  0.000000000000000E+000
  2.100000000000000E-002  0.000000000000000E+000
  2.200000000000000E-002  0.000000000000000E+000
  2.300000000000000E-002  0.000000000000000E+000
  2.400000000000000E-002  0.000000000000000E+000
  2.500000000000000E-002  0.000000000000000E+000
