 -2.500000000000000E-002  0.000000000000000E+000
 -2.400000000000000E-002  0.000000000000000E+000
 -2.300000000000000E-002  0.000000000000000E+000
 -2.200000000000000E-002  0.000000000000000E+000
 -2.100000000000000E-002  0.000000000000000E+000
 -2.000000000000000E-002  0.000000000000000E+000
 -1.900000000000000E-002  0.000000000000000E+000
 -1.800000000000000E-002  0.000000000000000E+000
 -1.700000000000000E-002  0.000000000000000E+000
 -1.600000000000000E-002  0.000000000000000E+000
 -1.500000000000000E-002  0.000000000000000E+000
 -1.400000000000000E-002  0.000000000000000E+000
 -1.300000000000000E-002  0.000000000000000E+000
 -1.200000000000000E-002  0.000000000000000E+000
 -1.100000000000000E-002  0.000000000000000E+000
 -1.000000000000000E-002  0.000000000000000E+000
 -9.000000000000001E-003  0.000000000000000E+000
 -8.000000000000000E-003  0.459050660777398     
 -6.999999999999999E-003   2.93233246321778     
 -6.000000000000002E-003   6.52742861125393     
 -5.000000000000001E-003   18.4037526161938     
 -4.000000000000000E-003   31.2929267032134     
 -3.000000000000003E-003   29.0112899270981     
 -2.000000000000002E-003   32.5031063612080     
 -1.000000000000001E-003   28.5381426040213     
  0.000000000000000E+000   20.0202814266247     
  1.000000000000001E-003   18.3269517092081     
  1.999999999999998E-003   11.6957835418234     
  2.999999999999999E-003   5.76765192662087     
  4.000000000000000E-003   3.72909796551524     
  4.999999999999998E-003   3.60926338364911     
  5.999999999999998E-003   3.95616585591296     
  6.999999999999999E-003   3.06507474363971     
  8.000000000000000E-003   3.63647265266428     
  9.000000000000001E-003   6.42850351618929     
  1.000000000000000E-002   4.64680883492076     
  1.100000000000000E-002   6.90006836569270     
  1.200000000000000E-002   5.34217273484607     
  1.300000000000000E-002   3.10787710354611     
  1.400000000000000E-002  0.448266292163101     
  1.500000000000000E-002  0.000000000000000E+000
  1.600000000000000E-002  0.000000000000000E+000
  1.700000000000000E-002  0.000000000000000E+000
  1.800000000000000E-002  0.000000000000000E+000
  1.900000000000000E-002  0.000000000000000E+000
  2.000000000000000E-002  0.000000000000000E+000
  2.100000000000000E-002  0.000000000000000E+000
  2.200000000000000E-002  0.000000000000000E+000
  2.300000000000000E-002  0.000000000000000E+000
  2.400000000000000E-002  0.000000000000000E+000
  2.500000000000000E-002  0.000000000000000E+000
