 -2.500000000000000E-002  0.000000000000000E+000
 -2.400000000000000E-002  0.000000000000000E+000
 -2.300000000000000E-002  0.000000000000000E+000
 -2.200000000000000E-002  0.000000000000000E+000
 -2.100000000000000E-002  0.000000000000000E+000
 -2.000000000000000E-002  0.000000000000000E+000
 -1.900000000000000E-002  0.000000000000000E+000
 -1.800000000000000E-002  0.000000000000000E+000
 -1.700000000000000E-002  0.000000000000000E+000
 -1.600000000000000E-002  0.252903219380980     
 -1.500000000000000E-002  0.826312024577922     
 -1.400000000000000E-002  0.994275723656809     
 -1.300000000000000E-002  0.644389032384289     
 -1.200000000000000E-002  0.729052049401268     
 -1.100000000000000E-002  0.436806261825557     
 -1.000000000000000E-002   1.01319341411572     
 -9.000000000000001E-003   1.26597194832745     
 -8.000000000000000E-003  0.838161031285030     
 -6.999999999999999E-003  0.734180408368977     
 -6.000000000000002E-003   2.70335125912510     
 -5.000000000000001E-003   11.1665628313487     
 -4.000000000000000E-003   26.1214321814891     
 -3.000000000000003E-003   25.9235538241305     
 -2.000000000000002E-003   23.6510066834719     
 -1.000000000000001E-003   19.6997063996390     
  0.000000000000000E+000   15.0411433316819     
  1.000000000000001E-003   18.3904861881471     
  1.999999999999998E-003   10.6737376460502     
  2.999999999999999E-003   5.03428536117665     
  4.000000000000000E-003   3.44470606840460     
  4.999999999999998E-003   2.60913109657529     
  5.999999999999998E-003   2.96824316083196     
  6.999999999999999E-003   3.04449179298662     
  8.000000000000000E-003   3.24876267293633     
  9.000000000000001E-003   4.41002709038765     
  1.000000000000000E-002   5.15170043849986     
  1.100000000000000E-002   2.87237845789574     
  1.200000000000000E-002   3.09348544353861     
  1.300000000000000E-002   4.25513358745141     
  1.400000000000000E-002   2.50675028352176     
  1.500000000000000E-002  0.401969087386054     
  1.600000000000000E-002  0.000000000000000E+000
  1.700000000000000E-002  0.000000000000000E+000
  1.800000000000000E-002  0.000000000000000E+000
  1.900000000000000E-002  0.000000000000000E+000
  2.000000000000000E-002  0.000000000000000E+000
  2.100000000000000E-002  0.000000000000000E+000
  2.200000000000000E-002  0.000000000000000E+000
  2.300000000000000E-002  0.000000000000000E+000
  2.400000000000000E-002  0.000000000000000E+000
  2.500000000000000E-002  0.000000000000000E+000
