 -2.500000000000000E-002  0.000000000000000E+000
 -2.400000000000000E-002  0.000000000000000E+000
 -2.300000000000000E-002  0.000000000000000E+000
 -2.200000000000000E-002  0.000000000000000E+000
 -2.100000000000000E-002  0.000000000000000E+000
 -2.000000000000000E-002  0.000000000000000E+000
 -1.900000000000000E-002  0.000000000000000E+000
 -1.800000000000000E-002  0.000000000000000E+000
 -1.700000000000000E-002  0.000000000000000E+000
 -1.600000000000000E-002  0.000000000000000E+000
 -1.500000000000000E-002  0.000000000000000E+000
 -1.400000000000000E-002  0.000000000000000E+000
 -1.300000000000000E-002  0.000000000000000E+000
 -1.200000000000000E-002  0.000000000000000E+000
 -1.100000000000000E-002  0.000000000000000E+000
 -1.000000000000000E-002  0.000000000000000E+000
 -9.000000000000001E-003  0.000000000000000E+000
 -8.000000000000000E-003  0.000000000000000E+000
 -6.999999999999999E-003  0.896457388844092     
 -6.000000000000002E-003   3.61049703239610     
 -5.000000000000001E-003   10.6163494095709     
 -4.000000000000000E-003   16.6685741386242     
 -3.000000000000003E-003   25.3880201846302     
 -2.000000000000002E-003   24.2181544173289     
 -1.000000000000001E-003   24.1826058322072     
  0.000000000000000E+000   19.1746717637386     
  1.000000000000001E-003   15.3579126264032     
  1.999999999999998E-003   15.6127978015100     
  2.999999999999999E-003   5.01004516266753     
  4.000000000000000E-003   3.13341975497756     
  4.999999999999998E-003   1.97874297306549     
  5.999999999999998E-003   2.24695732218523     
  6.999999999999999E-003   3.48797888540156     
  8.000000000000000E-003   1.96712872463745     
  9.000000000000001E-003   3.70062281099052     
  1.000000000000000E-002   2.26843745649635     
  1.100000000000000E-002   3.07874082276387     
  1.200000000000000E-002   4.55405288089218     
  1.300000000000000E-002  0.894172610668896     
  1.400000000000000E-002  0.000000000000000E+000
  1.500000000000000E-002  0.000000000000000E+000
  1.600000000000000E-002  0.000000000000000E+000
  1.700000000000000E-002  0.000000000000000E+000
  1.800000000000000E-002  0.000000000000000E+000
  1.900000000000000E-002  0.000000000000000E+000
  2.000000000000000E-002  0.000000000000000E+000
  2.100000000000000E-002  0.000000000000000E+000
  2.200000000000000E-002  0.000000000000000E+000
  2.300000000000000E-002  0.000000000000000E+000
  2.400000000000000E-002  0.000000000000000E+000
  2.500000000000000E-002  0.000000000000000E+000
