 -2.500000000000000E-002  0.000000000000000E+000
 -2.400000000000000E-002  0.000000000000000E+000
 -2.300000000000000E-002  0.000000000000000E+000
 -2.200000000000000E-002  0.000000000000000E+000
 -2.100000000000000E-002  0.000000000000000E+000
 -2.000000000000000E-002  0.000000000000000E+000
 -1.900000000000000E-002  0.000000000000000E+000
 -1.800000000000000E-002  0.000000000000000E+000
 -1.700000000000000E-002  0.000000000000000E+000
 -1.600000000000000E-002  0.000000000000000E+000
 -1.500000000000000E-002  0.000000000000000E+000
 -1.400000000000000E-002  0.000000000000000E+000
 -1.300000000000000E-002  0.000000000000000E+000
 -1.200000000000000E-002  0.000000000000000E+000
 -1.100000000000000E-002  0.000000000000000E+000
 -1.000000000000000E-002  0.000000000000000E+000
 -9.000000000000001E-003  0.000000000000000E+000
 -8.000000000000000E-003  0.000000000000000E+000
 -6.999999999999999E-003  0.000000000000000E+000
 -6.000000000000002E-003  0.123803933128733     
 -5.000000000000001E-003   3.87152331813142     
 -4.000000000000000E-003   19.0270179248831     
 -3.000000000000003E-003   24.0508962867402     
 -2.000000000000002E-003   30.4818957806056     
 -1.000000000000001E-003   23.7133439234166     
  0.000000000000000E+000   20.9053835045781     
  1.000000000000001E-003   28.3546578755312     
  1.999999999999998E-003   27.8295837977464     
  2.999999999999999E-003   6.11258608030645     
  4.000000000000000E-003   2.25525584778082     
  4.999999999999998E-003   1.44794682989198     
  5.999999999999998E-003   1.63786141278834     
  6.999999999999999E-003   3.22430842456673     
  8.000000000000000E-003   1.60353422008131     
  9.000000000000001E-003   2.46627788258903     
  1.000000000000000E-002  0.880730450278792     
  1.100000000000000E-002   1.70996996086723     
  1.200000000000000E-002   1.78347174419696     
  1.300000000000000E-002   1.03407080189101     
  1.400000000000000E-002  0.000000000000000E+000
  1.500000000000000E-002  0.000000000000000E+000
  1.600000000000000E-002  0.000000000000000E+000
  1.700000000000000E-002  0.000000000000000E+000
  1.800000000000000E-002  0.000000000000000E+000
  1.900000000000000E-002  0.000000000000000E+000
  2.000000000000000E-002  0.000000000000000E+000
  2.100000000000000E-002  0.000000000000000E+000
  2.200000000000000E-002  0.000000000000000E+000
  2.300000000000000E-002  0.000000000000000E+000
  2.400000000000000E-002  0.000000000000000E+000
  2.500000000000000E-002  0.000000000000000E+000
