 -2.500000000000000E-002  0.000000000000000E+000
 -2.400000000000000E-002  0.000000000000000E+000
 -2.300000000000000E-002  0.000000000000000E+000
 -2.200000000000000E-002  0.000000000000000E+000
 -2.100000000000000E-002  0.000000000000000E+000
 -2.000000000000000E-002  0.000000000000000E+000
 -1.900000000000000E-002  0.000000000000000E+000
 -1.800000000000000E-002  0.000000000000000E+000
 -1.700000000000000E-002  0.000000000000000E+000
 -1.600000000000000E-002  0.000000000000000E+000
 -1.500000000000000E-002  0.000000000000000E+000
 -1.400000000000000E-002  0.000000000000000E+000
 -1.300000000000000E-002  0.000000000000000E+000
 -1.200000000000000E-002  0.000000000000000E+000
 -1.100000000000000E-002  0.000000000000000E+000
 -1.000000000000000E-002  0.000000000000000E+000
 -9.000000000000001E-003  0.432297073733676     
 -8.000000000000000E-003   1.12082100871328     
 -6.999999999999999E-003   3.22956451913261     
 -6.000000000000002E-003   17.9430321852633     
 -5.000000000000001E-003   23.9608004302467     
 -4.000000000000000E-003   21.7768294612786     
 -3.000000000000003E-003   16.1243040996938     
 -2.000000000000002E-003   10.2916014434681     
 -1.000000000000001E-003   9.58806816590609     
  0.000000000000000E+000   14.2223088955414     
  1.000000000000001E-003   12.9959675477042     
  1.999999999999998E-003   9.42318621209115     
  2.999999999999999E-003   17.6368325438208     
  4.000000000000000E-003   9.75754804337125     
  4.999999999999998E-003   20.6822694630454     
  5.999999999999998E-003   13.9018878727138     
  6.999999999999999E-003   14.3192579005252     
  8.000000000000000E-003   1.86292313375074     
  9.000000000000001E-003  0.000000000000000E+000
  1.000000000000000E-002  0.000000000000000E+000
  1.100000000000000E-002  0.000000000000000E+000
  1.200000000000000E-002  0.000000000000000E+000
  1.300000000000000E-002  0.000000000000000E+000
  1.400000000000000E-002  0.000000000000000E+000
  1.500000000000000E-002  0.000000000000000E+000
  1.600000000000000E-002  0.000000000000000E+000
  1.700000000000000E-002  0.000000000000000E+000
  1.800000000000000E-002  0.000000000000000E+000
  1.900000000000000E-002  0.000000000000000E+000
  2.000000000000000E-002  0.000000000000000E+000
  2.100000000000000E-002  0.000000000000000E+000
  2.200000000000000E-002  0.000000000000000E+000
  2.300000000000000E-002  0.000000000000000E+000
  2.400000000000000E-002  0.000000000000000E+000
  2.500000000000000E-002  0.000000000000000E+000
