 -2.500000000000000E-002  0.000000000000000E+000
 -2.400000000000000E-002  0.000000000000000E+000
 -2.300000000000000E-002  0.000000000000000E+000
 -2.200000000000000E-002  0.000000000000000E+000
 -2.100000000000000E-002  0.000000000000000E+000
 -2.000000000000000E-002  0.000000000000000E+000
 -1.900000000000000E-002  0.000000000000000E+000
 -1.800000000000000E-002  0.000000000000000E+000
 -1.700000000000000E-002  0.000000000000000E+000
 -1.600000000000000E-002  0.000000000000000E+000
 -1.500000000000000E-002  0.000000000000000E+000
 -1.400000000000000E-002  0.000000000000000E+000
 -1.300000000000000E-002  0.000000000000000E+000
 -1.200000000000000E-002  0.000000000000000E+000
 -1.100000000000000E-002  0.000000000000000E+000
 -1.000000000000000E-002  0.000000000000000E+000
 -9.000000000000001E-003  0.000000000000000E+000
 -8.000000000000000E-003  0.000000000000000E+000
 -6.999999999999999E-003  0.615545068068807     
 -6.000000000000002E-003   4.60347444536191     
 -5.000000000000001E-003   11.6457988908169     
 -4.000000000000000E-003   17.9514452564414     
 -3.000000000000003E-003   19.6909275266336     
 -2.000000000000002E-003   19.1565590143875     
 -1.000000000000001E-003   16.8852121061618     
  0.000000000000000E+000   12.9722995603583     
  1.000000000000001E-003   12.5733704099131     
  1.999999999999998E-003   5.53904786027268     
  2.999999999999999E-003   2.46649132110613     
  4.000000000000000E-003   2.44621629163689     
  4.999999999999998E-003   2.37070011675741     
  5.999999999999998E-003   2.41252061469663     
  6.999999999999999E-003   3.32119120962572     
  8.000000000000000E-003   2.25321128444716     
  9.000000000000001E-003   3.22019504317496     
  1.000000000000000E-002   2.43224902765914     
  1.100000000000000E-002   3.58294535969323     
  1.200000000000000E-002   4.88334773533796     
  1.300000000000000E-002   1.18200995624402     
  1.400000000000000E-002  1.556190120482996E-002
  1.500000000000000E-002  0.000000000000000E+000
  1.600000000000000E-002  0.000000000000000E+000
  1.700000000000000E-002  0.000000000000000E+000
  1.800000000000000E-002  0.000000000000000E+000
  1.900000000000000E-002  0.000000000000000E+000
  2.000000000000000E-002  0.000000000000000E+000
  2.100000000000000E-002  0.000000000000000E+000
  2.200000000000000E-002  0.000000000000000E+000
  2.300000000000000E-002  0.000000000000000E+000
  2.400000000000000E-002  0.000000000000000E+000
  2.500000000000000E-002  0.000000000000000E+000
