 -2.500000000000000E-002  0.000000000000000E+000
 -2.400000000000000E-002  0.000000000000000E+000
 -2.300000000000000E-002  0.000000000000000E+000
 -2.200000000000000E-002  0.000000000000000E+000
 -2.100000000000000E-002  0.000000000000000E+000
 -2.000000000000000E-002  0.000000000000000E+000
 -1.900000000000000E-002  0.000000000000000E+000
 -1.800000000000000E-002  0.000000000000000E+000
 -1.700000000000000E-002  0.000000000000000E+000
 -1.600000000000000E-002  0.000000000000000E+000
 -1.500000000000000E-002  0.000000000000000E+000
 -1.400000000000000E-002  0.000000000000000E+000
 -1.300000000000000E-002  0.000000000000000E+000
 -1.200000000000000E-002  0.000000000000000E+000
 -1.100000000000000E-002  7.244889403548137E-002
 -1.000000000000000E-002   1.23128532854152     
 -9.000000000000001E-003   3.25545581276404     
 -8.000000000000000E-003   1.32682040830434     
 -6.999999999999999E-003   2.75964659346925     
 -6.000000000000002E-003   2.72706817765485     
 -5.000000000000001E-003   2.32021598371762     
 -4.000000000000000E-003   3.14163155250328     
 -3.000000000000003E-003   12.3312048176006     
 -2.000000000000002E-003   24.2288848351791     
 -1.000000000000001E-003   27.3751281662420     
  0.000000000000000E+000   20.4788365762068     
  1.000000000000001E-003   16.6809633914542     
  1.999999999999998E-003   14.8296426238460     
  2.999999999999999E-003   6.19913496606468     
  4.000000000000000E-003   1.93881804586277     
  4.999999999999998E-003   1.22267711134035     
  5.999999999999998E-003  0.470007357030814     
  6.999999999999999E-003  0.883909153871515     
  8.000000000000000E-003  0.670347575656017     
  9.000000000000001E-003  0.571309535213632     
  1.000000000000000E-002  0.978907348577984     
  1.100000000000000E-002  0.518014210956049     
  1.200000000000000E-002  0.310761533907328     
  1.300000000000000E-002  0.234696452169720     
  1.400000000000000E-002  0.781991181086404     
  1.500000000000000E-002   1.49559932214407     
  1.600000000000000E-002  0.332219966337810     
  1.700000000000000E-002  0.557639239567583     
  1.800000000000000E-002  0.441330214755553     
  1.900000000000000E-002  0.649383623938858     
  2.000000000000000E-002  0.657968502933995     
  2.100000000000000E-002  0.705260873566833     
  2.200000000000000E-002  0.192540623499173     
  2.300000000000000E-002  0.000000000000000E+000
  2.400000000000000E-002  0.000000000000000E+000
  2.500000000000000E-002  0.000000000000000E+000
