 -2.500000000000000E-002  0.000000000000000E+000
 -2.400000000000000E-002  0.000000000000000E+000
 -2.300000000000000E-002  0.000000000000000E+000
 -2.200000000000000E-002  0.000000000000000E+000
 -2.100000000000000E-002  0.000000000000000E+000
 -2.000000000000000E-002  0.000000000000000E+000
 -1.900000000000000E-002  0.000000000000000E+000
 -1.800000000000000E-002  0.000000000000000E+000
 -1.700000000000000E-002  0.000000000000000E+000
 -1.600000000000000E-002  0.000000000000000E+000
 -1.500000000000000E-002  0.000000000000000E+000
 -1.400000000000000E-002  0.000000000000000E+000
 -1.300000000000000E-002  0.000000000000000E+000
 -1.200000000000000E-002  0.000000000000000E+000
 -1.100000000000000E-002  0.000000000000000E+000
 -1.000000000000000E-002  0.000000000000000E+000
 -9.000000000000001E-003  0.632068125638095     
 -8.000000000000000E-003   1.59081863544793     
 -6.999999999999999E-003   1.33607513221400     
 -6.000000000000002E-003   3.82671367464604     
 -5.000000000000001E-003   4.67866215293987     
 -4.000000000000000E-003   8.67536610492869     
 -3.000000000000003E-003   19.1629677388859     
 -2.000000000000002E-003   15.6691306855451     
 -1.000000000000001E-003   14.5291670129479     
  0.000000000000000E+000   12.1438557502167     
  1.000000000000001E-003   10.9813593971815     
  1.999999999999998E-003   17.5135800804063     
  2.999999999999999E-003   7.76722722303918     
  4.000000000000000E-003   2.88719591451534     
  4.999999999999998E-003   3.29908138950485     
  5.999999999999998E-003   2.34402328732676     
  6.999999999999999E-003   3.90846606413411     
  8.000000000000000E-003   2.55791179627464     
  9.000000000000001E-003   2.34787340075341     
  1.000000000000000E-002   1.36784896857356     
  1.100000000000000E-002   1.38367683001847     
  1.200000000000000E-002  0.129490634861747     
  1.300000000000000E-002  0.000000000000000E+000
  1.400000000000000E-002  0.000000000000000E+000
  1.500000000000000E-002  0.000000000000000E+000
  1.600000000000000E-002  0.000000000000000E+000
  1.700000000000000E-002  0.000000000000000E+000
  1.800000000000000E-002  0.000000000000000E+000
  1.900000000000000E-002  0.000000000000000E+000
  2.000000000000000E-002  0.000000000000000E+000
  2.100000000000000E-002  0.000000000000000E+000
  2.200000000000000E-002  0.000000000000000E+000
  2.300000000000000E-002  0.000000000000000E+000
  2.400000000000000E-002  0.000000000000000E+000
  2.500000000000000E-002  0.000000000000000E+000
