 -2.500000000000000E-002  0.000000000000000E+000
 -2.400000000000000E-002  0.000000000000000E+000
 -2.300000000000000E-002  0.000000000000000E+000
 -2.200000000000000E-002  0.000000000000000E+000
 -2.100000000000000E-002  0.000000000000000E+000
 -2.000000000000000E-002  9.522772202199795E-002
 -1.900000000000000E-002  0.694843264948435     
 -1.800000000000000E-002   1.29446659069327     
 -1.700000000000000E-002  0.333546735031761     
 -1.600000000000000E-002  0.861713191485115     
 -1.500000000000000E-002   1.10402196280573     
 -1.400000000000000E-002   1.39931657580399     
 -1.300000000000000E-002  0.265821514854509     
 -1.200000000000000E-002  0.270831467563883     
 -1.100000000000000E-002   1.25480952013552     
 -1.000000000000000E-002   1.38045321548442     
 -9.000000000000001E-003   1.20628818138649     
 -8.000000000000000E-003   2.33395832303503     
 -6.999999999999999E-003   4.26497974148729     
 -6.000000000000002E-003   3.81296737185309     
 -5.000000000000001E-003   4.21663727378684     
 -4.000000000000000E-003   4.49769340363673     
 -3.000000000000003E-003   21.2434421860432     
 -2.000000000000002E-003   56.3144805672449     
 -1.000000000000001E-003   73.5495600021823     
  0.000000000000000E+000   56.4978830174869     
  1.000000000000001E-003   46.5082904415213     
  1.999999999999998E-003   29.3587078805301     
  2.999999999999999E-003   23.6009936745103     
  4.000000000000000E-003   1.98618629486563     
  4.999999999999998E-003   2.09655298778581     
  5.999999999999998E-003   2.66582616415080     
  6.999999999999999E-003   1.59641708346474     
  8.000000000000000E-003   3.07907236790139     
  9.000000000000001E-003   3.80616179180416     
  1.000000000000000E-002   6.63365132244770     
  1.100000000000000E-002   6.52234090360273     
  1.200000000000000E-002   3.20336439543394     
  1.300000000000000E-002   1.99533240619612     
  1.400000000000000E-002  0.450750456813994     
  1.500000000000000E-002  0.000000000000000E+000
  1.600000000000000E-002  0.000000000000000E+000
  1.700000000000000E-002  0.000000000000000E+000
  1.800000000000000E-002  0.000000000000000E+000
  1.900000000000000E-002  0.000000000000000E+000
  2.000000000000000E-002  0.000000000000000E+000
  2.100000000000000E-002  0.000000000000000E+000
  2.200000000000000E-002  0.000000000000000E+000
  2.300000000000000E-002  0.000000000000000E+000
  2.400000000000000E-002  0.000000000000000E+000
  2.500000000000000E-002  0.000000000000000E+000
