 -2.500000000000000E-002  0.000000000000000E+000
 -2.400000000000000E-002  0.000000000000000E+000
 -2.300000000000000E-002  0.000000000000000E+000
 -2.200000000000000E-002  0.000000000000000E+000
 -2.100000000000000E-002  0.000000000000000E+000
 -2.000000000000000E-002  0.000000000000000E+000
 -1.900000000000000E-002  0.000000000000000E+000
 -1.800000000000000E-002  0.000000000000000E+000
 -1.700000000000000E-002  0.000000000000000E+000
 -1.600000000000000E-002  0.000000000000000E+000
 -1.500000000000000E-002  0.000000000000000E+000
 -1.400000000000000E-002  0.000000000000000E+000
 -1.300000000000000E-002  0.000000000000000E+000
 -1.200000000000000E-002  0.000000000000000E+000
 -1.100000000000000E-002  0.000000000000000E+000
 -1.000000000000000E-002  0.000000000000000E+000
 -9.000000000000001E-003  0.000000000000000E+000
 -8.000000000000000E-003  0.506338962683471     
 -6.999999999999999E-003   4.69576319637012     
 -6.000000000000002E-003   8.45506970532026     
 -5.000000000000001E-003   14.1041668299311     
 -4.000000000000000E-003   12.7155649295469     
 -3.000000000000003E-003   10.3926423617170     
 -2.000000000000002E-003   17.1478837513654     
 -1.000000000000001E-003   11.0238758059338     
  0.000000000000000E+000   3.81312842989980     
  1.000000000000001E-003   4.07934385262016     
  1.999999999999998E-003   2.70556023181255     
  2.999999999999999E-003   2.90003107602002     
  4.000000000000000E-003   2.25004557880468     
  4.999999999999998E-003  8.431776925686782E-002
  5.999999999999998E-003  0.259916019222928     
  6.999999999999999E-003   1.16067633499009     
  8.000000000000000E-003  0.859855649507870     
  9.000000000000001E-003   1.17390327339004     
  1.000000000000000E-002   1.68458639700688     
  1.100000000000000E-002   1.94762189717121     
  1.200000000000000E-002   1.63211010278614     
  1.300000000000000E-002   5.41706569397494     
  1.400000000000000E-002   4.98200999220954     
  1.500000000000000E-002   1.63008469264337     
  1.600000000000000E-002  0.414327465814925     
  1.700000000000000E-002  0.000000000000000E+000
  1.800000000000000E-002  0.000000000000000E+000
  1.900000000000000E-002  0.000000000000000E+000
  2.000000000000000E-002  0.000000000000000E+000
  2.100000000000000E-002  0.000000000000000E+000
  2.200000000000000E-002  0.000000000000000E+000
  2.300000000000000E-002  0.000000000000000E+000
  2.400000000000000E-002  0.000000000000000E+000
  2.500000000000000E-002  0.000000000000000E+000
