 -2.500000000000000E-002  0.000000000000000E+000
 -2.400000000000000E-002  0.000000000000000E+000
 -2.300000000000000E-002  0.000000000000000E+000
 -2.200000000000000E-002  0.000000000000000E+000
 -2.100000000000000E-002  0.000000000000000E+000
 -2.000000000000000E-002  0.000000000000000E+000
 -1.900000000000000E-002  0.000000000000000E+000
 -1.800000000000000E-002  0.000000000000000E+000
 -1.700000000000000E-002  0.000000000000000E+000
 -1.600000000000000E-002  0.000000000000000E+000
 -1.500000000000000E-002  0.000000000000000E+000
 -1.400000000000000E-002  0.000000000000000E+000
 -1.300000000000000E-002  0.000000000000000E+000
 -1.200000000000000E-002  0.000000000000000E+000
 -1.100000000000000E-002  0.000000000000000E+000
 -1.000000000000000E-002  0.000000000000000E+000
 -9.000000000000001E-003  0.000000000000000E+000
 -8.000000000000000E-003  0.274943596827785     
 -6.999999999999999E-003   5.27053258735828     
 -6.000000000000002E-003   10.5740982874872     
 -5.000000000000001E-003   15.1259123544228     
 -4.000000000000000E-003   20.1657482664581     
 -3.000000000000003E-003   47.5174162582499     
 -2.000000000000002E-003   71.9666821714123     
 -1.000000000000001E-003   71.7448901059216     
  0.000000000000000E+000   56.3627283290641     
  1.000000000000001E-003   43.6712154766019     
  1.999999999999998E-003   48.1215647675526     
  2.999999999999999E-003   26.2602984685526     
  4.000000000000000E-003   4.25195889688732     
  4.999999999999998E-003   3.56609744320801     
  5.999999999999998E-003   4.15002865380085     
  6.999999999999999E-003   4.60071323479066     
  8.000000000000000E-003   4.85672764170684     
  9.000000000000001E-003   6.22698867651331     
  1.000000000000000E-002   6.99352718540866     
  1.100000000000000E-002   10.0711290076239     
  1.200000000000000E-002   1.91240859015131     
  1.300000000000000E-002  0.000000000000000E+000
  1.400000000000000E-002  0.000000000000000E+000
  1.500000000000000E-002  0.000000000000000E+000
  1.600000000000000E-002  0.000000000000000E+000
  1.700000000000000E-002  0.000000000000000E+000
  1.800000000000000E-002  0.000000000000000E+000
  1.900000000000000E-002  0.000000000000000E+000
  2.000000000000000E-002  0.000000000000000E+000
  2.100000000000000E-002  0.000000000000000E+000
  2.200000000000000E-002  0.000000000000000E+000
  2.300000000000000E-002  0.000000000000000E+000
  2.400000000000000E-002  0.000000000000000E+000
  2.500000000000000E-002  0.000000000000000E+000
