 -2.500000000000000E-002  0.000000000000000E+000
 -2.400000000000000E-002  0.000000000000000E+000
 -2.300000000000000E-002  0.000000000000000E+000
 -2.200000000000000E-002  0.000000000000000E+000
 -2.100000000000000E-002  0.000000000000000E+000
 -2.000000000000000E-002  0.000000000000000E+000
 -1.900000000000000E-002  0.000000000000000E+000
 -1.800000000000000E-002  0.000000000000000E+000
 -1.700000000000000E-002  0.000000000000000E+000
 -1.600000000000000E-002  0.000000000000000E+000
 -1.500000000000000E-002  0.000000000000000E+000
 -1.400000000000000E-002  0.000000000000000E+000
 -1.300000000000000E-002  0.000000000000000E+000
 -1.200000000000000E-002  0.000000000000000E+000
 -1.100000000000000E-002  0.000000000000000E+000
 -1.000000000000000E-002  0.000000000000000E+000
 -9.000000000000001E-003  0.000000000000000E+000
 -8.000000000000000E-003   1.35213448552625     
 -6.999999999999999E-003   11.8666678708905     
 -6.000000000000002E-003   9.66695043784902     
 -5.000000000000001E-003   4.25590530924678     
 -4.000000000000000E-003   2.06645781314152     
 -3.000000000000003E-003   2.08907640281850     
 -2.000000000000002E-003   1.73941452726993     
 -1.000000000000001E-003   1.59234296011491     
  0.000000000000000E+000   2.34453177828648     
  1.000000000000001E-003   1.37163190541846     
  1.999999999999998E-003  0.958443175764952     
  2.999999999999999E-003  0.489863464933050     
  4.000000000000000E-003   1.78051335289269     
  4.999999999999998E-003   1.01813210761247     
  5.999999999999998E-003   1.88633221600173     
  6.999999999999999E-003   1.48251116948721     
  8.000000000000000E-003   3.58993259574615     
  9.000000000000001E-003   4.15128873827187     
  1.000000000000000E-002   4.04724646889006     
  1.100000000000000E-002   2.82304035819840     
  1.200000000000000E-002   1.29240490999547     
  1.300000000000000E-002  2.317795164360363E-002
  1.400000000000000E-002  0.000000000000000E+000
  1.500000000000000E-002  0.000000000000000E+000
  1.600000000000000E-002  0.000000000000000E+000
  1.700000000000000E-002  0.000000000000000E+000
  1.800000000000000E-002  0.000000000000000E+000
  1.900000000000000E-002  0.000000000000000E+000
  2.000000000000000E-002  0.000000000000000E+000
  2.100000000000000E-002  0.000000000000000E+000
  2.200000000000000E-002  0.000000000000000E+000
  2.300000000000000E-002  0.000000000000000E+000
  2.400000000000000E-002  0.000000000000000E+000
  2.500000000000000E-002  0.000000000000000E+000
