 -2.500000000000000E-002  0.000000000000000E+000
 -2.400000000000000E-002  0.000000000000000E+000
 -2.300000000000000E-002  0.000000000000000E+000
 -2.200000000000000E-002  0.000000000000000E+000
 -2.100000000000000E-002  0.000000000000000E+000
 -2.000000000000000E-002  0.000000000000000E+000
 -1.900000000000000E-002  0.000000000000000E+000
 -1.800000000000000E-002  0.000000000000000E+000
 -1.700000000000000E-002  0.000000000000000E+000
 -1.600000000000000E-002  0.281262516711835     
 -1.500000000000000E-002  0.818808625859488     
 -1.400000000000000E-002   2.68399025284975     
 -1.300000000000000E-002   1.55936315132591     
 -1.200000000000000E-002  0.749661899768854     
 -1.100000000000000E-002  0.981627700062378     
 -1.000000000000000E-002   2.66182058489146     
 -9.000000000000001E-003   2.11695419657403     
 -8.000000000000000E-003   1.42672336965599     
 -6.999999999999999E-003   1.42693768579643     
 -6.000000000000002E-003   3.39735886100324     
 -5.000000000000001E-003   8.09322485236971     
 -4.000000000000000E-003   15.6182041904925     
 -3.000000000000003E-003   16.1310647508308     
 -2.000000000000002E-003   14.1145501108202     
 -1.000000000000001E-003   13.0420795981315     
  0.000000000000000E+000   10.0834020079330     
  1.000000000000001E-003   14.0219929897596     
  1.999999999999998E-003   8.25349200358278     
  2.999999999999999E-003   2.84801654243340     
  4.000000000000000E-003   2.04351959997177     
  4.999999999999998E-003   1.96843138505093     
  5.999999999999998E-003   2.19421168528943     
  6.999999999999999E-003   1.51550121486278     
  8.000000000000000E-003  0.878568457242528     
  9.000000000000001E-003   1.81670390312436     
  1.000000000000000E-002   3.24279316699281     
  1.100000000000000E-002   3.71721029483040     
  1.200000000000000E-002   2.57933282768246     
  1.300000000000000E-002   3.30998374089839     
  1.400000000000000E-002   3.85709859027559     
  1.500000000000000E-002   4.07923228186452     
  1.600000000000000E-002  0.272726961061080     
  1.700000000000000E-002  0.000000000000000E+000
  1.800000000000000E-002  0.000000000000000E+000
  1.900000000000000E-002  0.000000000000000E+000
  2.000000000000000E-002  0.000000000000000E+000
  2.100000000000000E-002  0.000000000000000E+000
  2.200000000000000E-002  0.000000000000000E+000
  2.300000000000000E-002  0.000000000000000E+000
  2.400000000000000E-002  0.000000000000000E+000
  2.500000000000000E-002  0.000000000000000E+000
