 -2.500000000000000E-002  0.000000000000000E+000
 -2.400000000000000E-002  0.000000000000000E+000
 -2.300000000000000E-002  0.000000000000000E+000
 -2.200000000000000E-002  0.000000000000000E+000
 -2.100000000000000E-002  0.000000000000000E+000
 -2.000000000000000E-002  0.000000000000000E+000
 -1.900000000000000E-002  0.000000000000000E+000
 -1.800000000000000E-002  0.000000000000000E+000
 -1.700000000000000E-002  0.000000000000000E+000
 -1.600000000000000E-002  0.000000000000000E+000
 -1.500000000000000E-002  0.000000000000000E+000
 -1.400000000000000E-002  0.000000000000000E+000
 -1.300000000000000E-002  0.000000000000000E+000
 -1.200000000000000E-002  0.000000000000000E+000
 -1.100000000000000E-002  0.604015885055339     
 -1.000000000000000E-002   3.32723334681453     
 -9.000000000000001E-003   2.21221545290997     
 -8.000000000000000E-003   3.29065306709900     
 -6.999999999999999E-003   3.49207919154341     
 -6.000000000000002E-003   1.41253415139430     
 -5.000000000000001E-003   3.61119626312743     
 -4.000000000000000E-003   2.20917066934858     
 -3.000000000000003E-003   1.17166057816060     
 -2.000000000000002E-003   2.97379833233562     
 -1.000000000000001E-003   3.82349693953613     
  0.000000000000000E+000   3.51990359886796     
  1.000000000000001E-003   3.93819781388834     
  1.999999999999998E-003   3.00306438362269     
  2.999999999999999E-003   4.54383706682964     
  4.000000000000000E-003   3.11246117020129     
  4.999999999999998E-003   3.20335178376004     
  5.999999999999998E-003   1.20792999726900     
  6.999999999999999E-003   3.36134986000508     
  8.000000000000000E-003   2.77636934565429     
  9.000000000000001E-003   2.44622114465949     
  1.000000000000000E-002   2.56178190531470     
  1.100000000000000E-002  0.670148052602597     
  1.200000000000000E-002  0.000000000000000E+000
  1.300000000000000E-002  0.000000000000000E+000
  1.400000000000000E-002  0.000000000000000E+000
  1.500000000000000E-002  0.000000000000000E+000
  1.600000000000000E-002  0.000000000000000E+000
  1.700000000000000E-002  0.000000000000000E+000
  1.800000000000000E-002  0.000000000000000E+000
  1.900000000000000E-002  0.000000000000000E+000
  2.000000000000000E-002  0.000000000000000E+000
  2.100000000000000E-002  0.000000000000000E+000
  2.200000000000000E-002  0.000000000000000E+000
  2.300000000000000E-002  0.000000000000000E+000
  2.400000000000000E-002  0.000000000000000E+000
  2.500000000000000E-002  0.000000000000000E+000
