 -2.500000000000000E-002  0.000000000000000E+000
 -2.400000000000000E-002  0.000000000000000E+000
 -2.300000000000000E-002  0.000000000000000E+000
 -2.200000000000000E-002  0.000000000000000E+000
 -2.100000000000000E-002  0.000000000000000E+000
 -2.000000000000000E-002  0.000000000000000E+000
 -1.900000000000000E-002  0.000000000000000E+000
 -1.800000000000000E-002  0.000000000000000E+000
 -1.700000000000000E-002  0.000000000000000E+000
 -1.600000000000000E-002   1.09858694660562     
 -1.500000000000000E-002   2.41033394589280     
 -1.400000000000000E-002   2.45712193490575     
 -1.300000000000000E-002   1.00370803425294     
 -1.200000000000000E-002   1.03404387519037     
 -1.100000000000000E-002   2.18068905069248     
 -1.000000000000000E-002   2.08703179754496     
 -9.000000000000001E-003   1.87369855441047     
 -8.000000000000000E-003   1.78414324916766     
 -6.999999999999999E-003  0.920122221323556     
 -6.000000000000002E-003   5.37439976903334     
 -5.000000000000001E-003   12.6505229365065     
 -4.000000000000000E-003   14.1188874420877     
 -3.000000000000003E-003   12.0124683864780     
 -2.000000000000002E-003   8.24812104196675     
 -1.000000000000001E-003   4.74880373107956     
  0.000000000000000E+000   4.44937082424454     
  1.000000000000001E-003   3.89079889102047     
  1.999999999999998E-003   6.20063952109762     
  2.999999999999999E-003   6.89615978556122     
  4.000000000000000E-003   4.78136977515339     
  4.999999999999998E-003   5.58563699484289     
  5.999999999999998E-003   4.20358000703455     
  6.999999999999999E-003   1.88607423629232     
  8.000000000000000E-003   1.71569692993247     
  9.000000000000001E-003   2.97813153778762     
  1.000000000000000E-002   2.59625190751517     
  1.100000000000000E-002   2.78422065881936     
  1.200000000000000E-002   2.83148344839799     
  1.300000000000000E-002   4.98062345862191     
  1.400000000000000E-002   4.06548810647321     
  1.500000000000000E-002   1.78552100006681     
  1.600000000000000E-002  0.000000000000000E+000
  1.700000000000000E-002  0.000000000000000E+000
  1.800000000000000E-002  0.000000000000000E+000
  1.900000000000000E-002  0.000000000000000E+000
  2.000000000000000E-002  0.000000000000000E+000
  2.100000000000000E-002  0.000000000000000E+000
  2.200000000000000E-002  0.000000000000000E+000
  2.300000000000000E-002  0.000000000000000E+000
  2.400000000000000E-002  0.000000000000000E+000
  2.500000000000000E-002  0.000000000000000E+000
