 -2.500000000000000E-002  0.000000000000000E+000
 -2.400000000000000E-002  0.000000000000000E+000
 -2.300000000000000E-002  0.000000000000000E+000
 -2.200000000000000E-002  0.000000000000000E+000
 -2.100000000000000E-002  0.000000000000000E+000
 -2.000000000000000E-002  0.000000000000000E+000
 -1.900000000000000E-002  0.000000000000000E+000
 -1.800000000000000E-002  0.000000000000000E+000
 -1.700000000000000E-002  0.000000000000000E+000
 -1.600000000000000E-002  0.000000000000000E+000
 -1.500000000000000E-002  0.000000000000000E+000
 -1.400000000000000E-002  0.000000000000000E+000
 -1.300000000000000E-002  0.000000000000000E+000
 -1.200000000000000E-002  0.316679062584122     
 -1.100000000000000E-002  0.522752191263929     
 -1.000000000000000E-002  0.729643591864314     
 -9.000000000000001E-003  0.670723956832951     
 -8.000000000000000E-003  0.194041197454684     
 -6.999999999999999E-003  0.951394309967041     
 -6.000000000000002E-003   3.71089687961900     
 -5.000000000000001E-003   10.1050233034118     
 -4.000000000000000E-003   19.3807888108025     
 -3.000000000000003E-003   18.0684206885048     
 -2.000000000000002E-003   14.2641342611967     
 -1.000000000000001E-003   14.3715982070130     
  0.000000000000000E+000   10.3672555480196     
  1.000000000000001E-003   9.71543620988970     
  1.999999999999998E-003   3.35582680950475     
  2.999999999999999E-003   2.19293403038800     
  4.000000000000000E-003   3.52534272360944     
  4.999999999999998E-003   1.77800898197025     
  5.999999999999998E-003   1.90176504146044     
  6.999999999999999E-003   1.11089009548101     
  8.000000000000000E-003   1.71167512629767     
  9.000000000000001E-003   1.97784919811885     
  1.000000000000000E-002   3.45621924317440     
  1.100000000000000E-002   1.64353605790598     
  1.200000000000000E-002   1.91511096266387     
  1.300000000000000E-002   3.86230199953822     
  1.400000000000000E-002   2.29012045187966     
  1.500000000000000E-002   1.38624264517126     
  1.600000000000000E-002  7.461841441198687E-002
  1.700000000000000E-002  0.000000000000000E+000
  1.800000000000000E-002  0.000000000000000E+000
  1.900000000000000E-002  0.000000000000000E+000
  2.000000000000000E-002  0.000000000000000E+000
  2.100000000000000E-002  0.000000000000000E+000
  2.200000000000000E-002  0.000000000000000E+000
  2.300000000000000E-002  0.000000000000000E+000
  2.400000000000000E-002  0.000000000000000E+000
  2.500000000000000E-002  0.000000000000000E+000
