 -2.500000000000000E-002  0.000000000000000E+000
 -2.400000000000000E-002  0.000000000000000E+000
 -2.300000000000000E-002  0.000000000000000E+000
 -2.200000000000000E-002  0.000000000000000E+000
 -2.100000000000000E-002  0.000000000000000E+000
 -2.000000000000000E-002  0.000000000000000E+000
 -1.900000000000000E-002  0.000000000000000E+000
 -1.800000000000000E-002  0.000000000000000E+000
 -1.700000000000000E-002  0.000000000000000E+000
 -1.600000000000000E-002  0.000000000000000E+000
 -1.500000000000000E-002  0.000000000000000E+000
 -1.400000000000000E-002  0.000000000000000E+000
 -1.300000000000000E-002  0.000000000000000E+000
 -1.200000000000000E-002  0.000000000000000E+000
 -1.100000000000000E-002  0.000000000000000E+000
 -1.000000000000000E-002  0.000000000000000E+000
 -9.000000000000001E-003  0.537437986674987     
 -8.000000000000000E-003   3.94751550911841     
 -6.999999999999999E-003   6.71615554822929     
 -6.000000000000002E-003   8.04364302209384     
 -5.000000000000001E-003   5.86244110185754     
 -4.000000000000000E-003   6.04090777183001     
 -3.000000000000003E-003   6.83708635538055     
 -2.000000000000002E-003   7.77469461115039     
 -1.000000000000001E-003   5.80750508003408     
  0.000000000000000E+000   8.23532400986228     
  1.000000000000001E-003   8.82920358625708     
  1.999999999999998E-003   9.09722806516684     
  2.999999999999999E-003   13.1639614146458     
  4.000000000000000E-003   18.4896332223832     
  4.999999999999998E-003   13.6002087980121     
  5.999999999999998E-003   2.95689917147401     
  6.999999999999999E-003  4.444474582952788E-002
  8.000000000000000E-003  0.000000000000000E+000
  9.000000000000001E-003  0.000000000000000E+000
  1.000000000000000E-002  0.000000000000000E+000
  1.100000000000000E-002  0.000000000000000E+000
  1.200000000000000E-002  0.000000000000000E+000
  1.300000000000000E-002  0.000000000000000E+000
  1.400000000000000E-002  0.000000000000000E+000
  1.500000000000000E-002  0.000000000000000E+000
  1.600000000000000E-002  0.000000000000000E+000
  1.700000000000000E-002  0.000000000000000E+000
  1.800000000000000E-002  0.000000000000000E+000
  1.900000000000000E-002  0.000000000000000E+000
  2.000000000000000E-002  0.000000000000000E+000
  2.100000000000000E-002  0.000000000000000E+000
  2.200000000000000E-002  0.000000000000000E+000
  2.300000000000000E-002  0.000000000000000E+000
  2.400000000000000E-002  0.000000000000000E+000
  2.500000000000000E-002  0.000000000000000E+000
