 -2.500000000000000E-002  0.000000000000000E+000
 -2.400000000000000E-002  0.000000000000000E+000
 -2.300000000000000E-002  0.000000000000000E+000
 -2.200000000000000E-002  0.000000000000000E+000
 -2.100000000000000E-002  0.000000000000000E+000
 -2.000000000000000E-002  0.000000000000000E+000
 -1.900000000000000E-002  0.000000000000000E+000
 -1.800000000000000E-002  4.324539490623167E-002
 -1.700000000000000E-002  0.854736098904756     
 -1.600000000000000E-002   1.19057092319732     
 -1.500000000000000E-002   1.24060270210021     
 -1.400000000000000E-002   1.85901691731556     
 -1.300000000000000E-002  0.307577963575921     
 -1.200000000000000E-002  0.277258766783223     
 -1.100000000000000E-002  0.398856045812874     
 -1.000000000000000E-002  0.779661521526611     
 -9.000000000000001E-003   2.15537753494939     
 -8.000000000000000E-003   5.23388507647840     
 -6.999999999999999E-003   14.5895106924696     
 -6.000000000000002E-003   10.9390592394617     
 -5.000000000000001E-003   6.82821924156810     
 -4.000000000000000E-003   6.34269495745553     
 -3.000000000000003E-003   10.1498151195113     
 -2.000000000000002E-003   7.51426237605044     
 -1.000000000000001E-003   3.17712057009970     
  0.000000000000000E+000   1.88304476715928     
  1.000000000000001E-003   1.72701036194686     
  1.999999999999998E-003   1.24804292944417     
  2.999999999999999E-003   2.38411911255578     
  4.000000000000000E-003   2.50168971810715     
  4.999999999999998E-003   1.98317684444976     
  5.999999999999998E-003   3.68402026740206     
  6.999999999999999E-003   1.01596485676813     
  8.000000000000000E-003   2.64805909480382     
  9.000000000000001E-003   4.50786276382013     
  1.000000000000000E-002   4.88265623114155     
  1.100000000000000E-002   11.0338018202028     
  1.200000000000000E-002   8.10667238323660     
  1.300000000000000E-002   3.34572338467735     
  1.400000000000000E-002  0.203174322117693     
  1.500000000000000E-002  0.000000000000000E+000
  1.600000000000000E-002  0.000000000000000E+000
  1.700000000000000E-002  0.000000000000000E+000
  1.800000000000000E-002  0.000000000000000E+000
  1.900000000000000E-002  0.000000000000000E+000
  2.000000000000000E-002  0.000000000000000E+000
  2.100000000000000E-002  0.000000000000000E+000
  2.200000000000000E-002  0.000000000000000E+000
  2.300000000000000E-002  0.000000000000000E+000
  2.400000000000000E-002  0.000000000000000E+000
  2.500000000000000E-002  0.000000000000000E+000
