 -2.500000000000000E-002  0.000000000000000E+000
 -2.400000000000000E-002  0.000000000000000E+000
 -2.300000000000000E-002  0.000000000000000E+000
 -2.200000000000000E-002  0.000000000000000E+000
 -2.100000000000000E-002  0.000000000000000E+000
 -2.000000000000000E-002  0.000000000000000E+000
 -1.900000000000000E-002  0.000000000000000E+000
 -1.800000000000000E-002  0.000000000000000E+000
 -1.700000000000000E-002  0.000000000000000E+000
 -1.600000000000000E-002  0.000000000000000E+000
 -1.500000000000000E-002  0.000000000000000E+000
 -1.400000000000000E-002  0.000000000000000E+000
 -1.300000000000000E-002  0.000000000000000E+000
 -1.200000000000000E-002  0.000000000000000E+000
 -1.100000000000000E-002  0.000000000000000E+000
 -1.000000000000000E-002  0.000000000000000E+000
 -9.000000000000001E-003  0.705471098468899     
 -8.000000000000000E-003   1.41207510542645     
 -6.999999999999999E-003   1.84576935566224     
 -6.000000000000002E-003   4.09318524655647     
 -5.000000000000001E-003   4.14205675542337     
 -4.000000000000000E-003   6.17799591577540     
 -3.000000000000003E-003   21.0611683884570     
 -2.000000000000002E-003   38.1136109043399     
 -1.000000000000001E-003   43.6544925387725     
  0.000000000000000E+000   34.6724159173647     
  1.000000000000001E-003   27.1103235104311     
  1.999999999999998E-003   23.0385398329672     
  2.999999999999999E-003   14.0425913852522     
  4.000000000000000E-003   4.07128387014640     
  4.999999999999998E-003   3.10105878977795     
  5.999999999999998E-003   1.99322448714014     
  6.999999999999999E-003   3.80565223936984     
  8.000000000000000E-003   2.25785197662446     
  9.000000000000001E-003   2.92655406051426     
  1.000000000000000E-002   1.66237756212179     
  1.100000000000000E-002   2.61721696224173     
  1.200000000000000E-002  0.294624097166038     
  1.300000000000000E-002  0.000000000000000E+000
  1.400000000000000E-002  0.000000000000000E+000
  1.500000000000000E-002  0.000000000000000E+000
  1.600000000000000E-002  0.000000000000000E+000
  1.700000000000000E-002  0.000000000000000E+000
  1.800000000000000E-002  0.000000000000000E+000
  1.900000000000000E-002  0.000000000000000E+000
  2.000000000000000E-002  0.000000000000000E+000
  2.100000000000000E-002  0.000000000000000E+000
  2.200000000000000E-002  0.000000000000000E+000
  2.300000000000000E-002  0.000000000000000E+000
  2.400000000000000E-002  0.000000000000000E+000
  2.500000000000000E-002  0.000000000000000E+000
