 -2.500000000000000E-002  0.000000000000000E+000
 -2.400000000000000E-002  0.000000000000000E+000
 -2.300000000000000E-002  0.000000000000000E+000
 -2.200000000000000E-002  0.000000000000000E+000
 -2.100000000000000E-002  0.000000000000000E+000
 -2.000000000000000E-002  0.000000000000000E+000
 -1.900000000000000E-002  0.000000000000000E+000
 -1.800000000000000E-002  0.000000000000000E+000
 -1.700000000000000E-002  0.000000000000000E+000
 -1.600000000000000E-002  0.000000000000000E+000
 -1.500000000000000E-002  0.000000000000000E+000
 -1.400000000000000E-002  0.000000000000000E+000
 -1.300000000000000E-002  0.000000000000000E+000
 -1.200000000000000E-002  0.000000000000000E+000
 -1.100000000000000E-002  0.000000000000000E+000
 -1.000000000000000E-002   2.13353444002437     
 -9.000000000000001E-003   9.47171647521412     
 -8.000000000000000E-003   9.67322619546531     
 -6.999999999999999E-003   14.5344175853473     
 -6.000000000000002E-003   19.7669931663377     
 -5.000000000000001E-003   15.3315371832760     
 -4.000000000000000E-003   10.4063870342561     
 -3.000000000000003E-003   8.42886916555032     
 -2.000000000000002E-003   6.74013842794517     
 -1.000000000000001E-003   3.32436923983486     
  0.000000000000000E+000   3.27113235689957     
  1.000000000000001E-003   6.00926778323725     
  1.999999999999998E-003   5.74050049028295     
  2.999999999999999E-003   2.36010871784396     
  4.000000000000000E-003   3.25450613110353     
  4.999999999999998E-003   4.14257681696484     
  5.999999999999998E-003   6.60718716781771     
  6.999999999999999E-003   6.50226649463238     
  8.000000000000000E-003   8.74665149437422     
  9.000000000000001E-003   10.1726878038394     
  1.000000000000000E-002   10.9090520022796     
  1.100000000000000E-002   8.63129661422691     
  1.200000000000000E-002   4.43952939913246     
  1.300000000000000E-002  0.220787814113979     
  1.400000000000000E-002  0.000000000000000E+000
  1.500000000000000E-002  0.000000000000000E+000
  1.600000000000000E-002  0.000000000000000E+000
  1.700000000000000E-002  0.000000000000000E+000
  1.800000000000000E-002  0.000000000000000E+000
  1.900000000000000E-002  0.000000000000000E+000
  2.000000000000000E-002  0.000000000000000E+000
  2.100000000000000E-002  0.000000000000000E+000
  2.200000000000000E-002  0.000000000000000E+000
  2.300000000000000E-002  0.000000000000000E+000
  2.400000000000000E-002  0.000000000000000E+000
  2.500000000000000E-002  0.000000000000000E+000
