 -2.500000000000000E-002  0.000000000000000E+000
 -2.400000000000000E-002  0.000000000000000E+000
 -2.300000000000000E-002  0.000000000000000E+000
 -2.200000000000000E-002  0.000000000000000E+000
 -2.100000000000000E-002  0.000000000000000E+000
 -2.000000000000000E-002  0.000000000000000E+000
 -1.900000000000000E-002  0.000000000000000E+000
 -1.800000000000000E-002  0.000000000000000E+000
 -1.700000000000000E-002  0.000000000000000E+000
 -1.600000000000000E-002  0.000000000000000E+000
 -1.500000000000000E-002  0.000000000000000E+000
 -1.400000000000000E-002  0.000000000000000E+000
 -1.300000000000000E-002  0.000000000000000E+000
 -1.200000000000000E-002  0.000000000000000E+000
 -1.100000000000000E-002  0.000000000000000E+000
 -1.000000000000000E-002  0.000000000000000E+000
 -9.000000000000001E-003  0.000000000000000E+000
 -8.000000000000000E-003  0.000000000000000E+000
 -6.999999999999999E-003  0.702407222168387     
 -6.000000000000002E-003   6.37890819458819     
 -5.000000000000001E-003   10.0350024650027     
 -4.000000000000000E-003   12.2672992604262     
 -3.000000000000003E-003   22.4967227428117     
 -2.000000000000002E-003   46.7599517448700     
 -1.000000000000001E-003   57.2341089594516     
  0.000000000000000E+000   45.2319531854218     
  1.000000000000001E-003   37.1293057977940     
  1.999999999999998E-003   23.3685931908748     
  2.999999999999999E-003   17.1300368730692     
  4.000000000000000E-003   1.03499349612298     
  4.999999999999998E-003   1.29439276490005     
  5.999999999999998E-003   1.09173539514374     
  6.999999999999999E-003   2.23634018657884     
  8.000000000000000E-003   1.46563515020683     
  9.000000000000001E-003   2.06769258545847     
  1.000000000000000E-002   4.62780358750658     
  1.100000000000000E-002   4.11453104716957     
  1.200000000000000E-002   2.91282331388404     
  1.300000000000000E-002   1.88225180925372     
  1.400000000000000E-002  0.269911027296819     
  1.500000000000000E-002  0.000000000000000E+000
  1.600000000000000E-002  0.000000000000000E+000
  1.700000000000000E-002  0.000000000000000E+000
  1.800000000000000E-002  0.000000000000000E+000
  1.900000000000000E-002  0.000000000000000E+000
  2.000000000000000E-002  0.000000000000000E+000
  2.100000000000000E-002  0.000000000000000E+000
  2.200000000000000E-002  0.000000000000000E+000
  2.300000000000000E-002  0.000000000000000E+000
  2.400000000000000E-002  0.000000000000000E+000
  2.500000000000000E-002  0.000000000000000E+000
