 -2.500000000000000E-002  0.000000000000000E+000
 -2.400000000000000E-002  0.000000000000000E+000
 -2.300000000000000E-002  0.000000000000000E+000
 -2.200000000000000E-002  0.000000000000000E+000
 -2.100000000000000E-002  0.000000000000000E+000
 -2.000000000000000E-002  0.000000000000000E+000
 -1.900000000000000E-002  0.000000000000000E+000
 -1.800000000000000E-002  0.000000000000000E+000
 -1.700000000000000E-002  0.000000000000000E+000
 -1.600000000000000E-002  0.288551614385006     
 -1.500000000000000E-002  0.571783843432774     
 -1.400000000000000E-002  0.454714542182219     
 -1.300000000000000E-002  0.903083456369753     
 -1.200000000000000E-002   1.01464569639848     
 -1.100000000000000E-002  0.701075379595525     
 -1.000000000000000E-002  0.728938947642902     
 -9.000000000000001E-003  0.401146519993343     
 -8.000000000000000E-003  0.184602320796932     
 -6.999999999999999E-003   1.01266476624973     
 -6.000000000000002E-003   1.52614117432034     
 -5.000000000000001E-003   5.18486405499781     
 -4.000000000000000E-003   8.46698685723162     
 -3.000000000000003E-003   12.0267655886035     
 -2.000000000000002E-003   18.3544826054417     
 -1.000000000000001E-003   19.6943067735918     
  0.000000000000000E+000   17.1082072704179     
  1.000000000000001E-003   14.0878727419094     
  1.999999999999998E-003   15.3449049195251     
  2.999999999999999E-003   4.25657315805110     
  4.000000000000000E-003   1.52542080820506     
  4.999999999999998E-003   2.18976590459804     
  5.999999999999998E-003   1.86142968148979     
  6.999999999999999E-003  0.624793071299287     
  8.000000000000000E-003   1.36947002744116     
  9.000000000000001E-003   1.14228133107602     
  1.000000000000000E-002   1.85153434279876     
  1.100000000000000E-002   3.57103986098766     
  1.200000000000000E-002   1.44567984613606     
  1.300000000000000E-002   2.21362280224182     
  1.400000000000000E-002  0.445688185833681     
  1.500000000000000E-002  0.534971906755645     
  1.600000000000000E-002  0.000000000000000E+000
  1.700000000000000E-002  0.000000000000000E+000
  1.800000000000000E-002  0.000000000000000E+000
  1.900000000000000E-002  0.000000000000000E+000
  2.000000000000000E-002  0.000000000000000E+000
  2.100000000000000E-002  0.000000000000000E+000
  2.200000000000000E-002  0.000000000000000E+000
  2.300000000000000E-002  0.000000000000000E+000
  2.400000000000000E-002  0.000000000000000E+000
  2.500000000000000E-002  0.000000000000000E+000
