 -2.500000000000000E-002  0.000000000000000E+000
 -2.400000000000000E-002  0.000000000000000E+000
 -2.300000000000000E-002  0.000000000000000E+000
 -2.200000000000000E-002  0.000000000000000E+000
 -2.100000000000000E-002  0.000000000000000E+000
 -2.000000000000000E-002  0.000000000000000E+000
 -1.900000000000000E-002  0.000000000000000E+000
 -1.800000000000000E-002  0.000000000000000E+000
 -1.700000000000000E-002  0.000000000000000E+000
 -1.600000000000000E-002  0.000000000000000E+000
 -1.500000000000000E-002  0.000000000000000E+000
 -1.400000000000000E-002  0.000000000000000E+000
 -1.300000000000000E-002  0.000000000000000E+000
 -1.200000000000000E-002  0.000000000000000E+000
 -1.100000000000000E-002  0.000000000000000E+000
 -1.000000000000000E-002  0.000000000000000E+000
 -9.000000000000001E-003  0.355348998548614     
 -8.000000000000000E-003   1.16455291481217     
 -6.999999999999999E-003   1.00380027683728     
 -6.000000000000002E-003   1.38145422795554     
 -5.000000000000001E-003   1.00310285793087     
 -4.000000000000000E-003   1.52509901702848     
 -3.000000000000003E-003   19.3511023186021     
 -2.000000000000002E-003   52.8813897235057     
 -1.000000000000001E-003   75.2615857893180     
  0.000000000000000E+000   58.7103895011205     
  1.000000000000001E-003   54.5365061158878     
  1.999999999999998E-003   50.9471833439988     
  2.999999999999999E-003   26.5635933290618     
  4.000000000000000E-003   3.02155656947428     
  4.999999999999998E-003   1.62115571262590     
  5.999999999999998E-003   1.10261731359760     
  6.999999999999999E-003  0.244875922720177     
  8.000000000000000E-003  2.458606697441433E-002
  9.000000000000001E-003  0.000000000000000E+000
  1.000000000000000E-002  0.000000000000000E+000
  1.100000000000000E-002  0.000000000000000E+000
  1.200000000000000E-002  0.000000000000000E+000
  1.300000000000000E-002  0.000000000000000E+000
  1.400000000000000E-002  0.000000000000000E+000
  1.500000000000000E-002  0.000000000000000E+000
  1.600000000000000E-002  0.000000000000000E+000
  1.700000000000000E-002  0.000000000000000E+000
  1.800000000000000E-002  0.000000000000000E+000
  1.900000000000000E-002  0.000000000000000E+000
  2.000000000000000E-002  0.000000000000000E+000
  2.100000000000000E-002  0.000000000000000E+000
  2.200000000000000E-002  0.000000000000000E+000
  2.300000000000000E-002  0.000000000000000E+000
  2.400000000000000E-002  0.000000000000000E+000
  2.500000000000000E-002  0.000000000000000E+000
