 -2.500000000000000E-002  0.000000000000000E+000
 -2.400000000000000E-002  0.000000000000000E+000
 -2.300000000000000E-002  0.000000000000000E+000
 -2.200000000000000E-002  0.000000000000000E+000
 -2.100000000000000E-002  0.000000000000000E+000
 -2.000000000000000E-002  0.000000000000000E+000
 -1.900000000000000E-002  0.000000000000000E+000
 -1.800000000000000E-002  0.000000000000000E+000
 -1.700000000000000E-002  0.000000000000000E+000
 -1.600000000000000E-002  0.000000000000000E+000
 -1.500000000000000E-002  0.000000000000000E+000
 -1.400000000000000E-002  0.000000000000000E+000
 -1.300000000000000E-002  0.000000000000000E+000
 -1.200000000000000E-002  0.000000000000000E+000
 -1.100000000000000E-002  0.000000000000000E+000
 -1.000000000000000E-002  0.000000000000000E+000
 -9.000000000000001E-003  0.000000000000000E+000
 -8.000000000000000E-003  0.000000000000000E+000
 -6.999999999999999E-003   3.13916919670143     
 -6.000000000000002E-003   23.3403030415291     
 -5.000000000000001E-003   26.3802915692645     
 -4.000000000000000E-003   26.2516283221710     
 -3.000000000000003E-003   22.2223665173853     
 -2.000000000000002E-003   19.4948511670007     
 -1.000000000000001E-003   14.4931460974280     
  0.000000000000000E+000   16.6288274916160     
  1.000000000000001E-003   16.8591712152458     
  1.999999999999998E-003   27.3760709591228     
  2.999999999999999E-003   19.7319604215319     
  4.000000000000000E-003   36.2776055268481     
  4.999999999999998E-003   27.1739937603199     
  5.999999999999998E-003   10.6995952775419     
  6.999999999999999E-003   1.02002637055565     
  8.000000000000000E-003  0.742988790716732     
  9.000000000000001E-003   1.53353554980439     
  1.000000000000000E-002  0.899565634112805     
  1.100000000000000E-002  0.372366582044607     
  1.200000000000000E-002  0.243096509059439     
  1.300000000000000E-002  0.000000000000000E+000
  1.400000000000000E-002  0.000000000000000E+000
  1.500000000000000E-002  0.000000000000000E+000
  1.600000000000000E-002  0.000000000000000E+000
  1.700000000000000E-002  0.000000000000000E+000
  1.800000000000000E-002  0.000000000000000E+000
  1.900000000000000E-002  0.000000000000000E+000
  2.000000000000000E-002  0.000000000000000E+000
  2.100000000000000E-002  0.000000000000000E+000
  2.200000000000000E-002  0.000000000000000E+000
  2.300000000000000E-002  0.000000000000000E+000
  2.400000000000000E-002  0.000000000000000E+000
  2.500000000000000E-002  0.000000000000000E+000
