 -2.500000000000000E-002  0.000000000000000E+000
 -2.400000000000000E-002  0.000000000000000E+000
 -2.300000000000000E-002  0.000000000000000E+000
 -2.200000000000000E-002  0.000000000000000E+000
 -2.100000000000000E-002  0.000000000000000E+000
 -2.000000000000000E-002  0.000000000000000E+000
 -1.900000000000000E-002  0.000000000000000E+000
 -1.800000000000000E-002  0.000000000000000E+000
 -1.700000000000000E-002  0.000000000000000E+000
 -1.600000000000000E-002  0.000000000000000E+000
 -1.500000000000000E-002  0.000000000000000E+000
 -1.400000000000000E-002  0.000000000000000E+000
 -1.300000000000000E-002  0.000000000000000E+000
 -1.200000000000000E-002  0.000000000000000E+000
 -1.100000000000000E-002  0.000000000000000E+000
 -1.000000000000000E-002  0.000000000000000E+000
 -9.000000000000001E-003  0.000000000000000E+000
 -8.000000000000000E-003  0.000000000000000E+000
 -6.999999999999999E-003  0.000000000000000E+000
 -6.000000000000002E-003  1.608735456999111E-002
 -5.000000000000001E-003   6.47160133626516     
 -4.000000000000000E-003   14.5880153657935     
 -3.000000000000003E-003   17.4638747981264     
 -2.000000000000002E-003   14.3716774178169     
 -1.000000000000001E-003   13.5897258427786     
  0.000000000000000E+000   7.51452948865237     
  1.000000000000001E-003   3.77991781613004     
  1.999999999999998E-003   1.81679029274870     
  2.999999999999999E-003  0.664627863624643     
  4.000000000000000E-003   1.16372152099002     
  4.999999999999998E-003   1.99891367005109     
  5.999999999999998E-003  0.660603441208982     
  6.999999999999999E-003  0.810459643621437     
  8.000000000000000E-003  0.871087583988948     
  9.000000000000001E-003   1.65716030792303     
  1.000000000000000E-002   1.11166289655995     
  1.100000000000000E-002   1.20025290730778     
  1.200000000000000E-002   2.69952140520472     
  1.300000000000000E-002   1.20590112005558     
  1.400000000000000E-002   3.00022733172460     
  1.500000000000000E-002  0.931960594857510     
  1.600000000000000E-002  0.000000000000000E+000
  1.700000000000000E-002  0.000000000000000E+000
  1.800000000000000E-002  0.000000000000000E+000
  1.900000000000000E-002  0.000000000000000E+000
  2.000000000000000E-002  0.000000000000000E+000
  2.100000000000000E-002  0.000000000000000E+000
  2.200000000000000E-002  0.000000000000000E+000
  2.300000000000000E-002  0.000000000000000E+000
  2.400000000000000E-002  0.000000000000000E+000
  2.500000000000000E-002  0.000000000000000E+000
