 -2.500000000000000E-002  0.000000000000000E+000
 -2.400000000000000E-002  0.000000000000000E+000
 -2.300000000000000E-002  0.000000000000000E+000
 -2.200000000000000E-002  0.000000000000000E+000
 -2.100000000000000E-002  0.000000000000000E+000
 -2.000000000000000E-002  0.000000000000000E+000
 -1.900000000000000E-002  0.000000000000000E+000
 -1.800000000000000E-002  0.000000000000000E+000
 -1.700000000000000E-002  0.000000000000000E+000
 -1.600000000000000E-002  0.000000000000000E+000
 -1.500000000000000E-002  0.000000000000000E+000
 -1.400000000000000E-002  0.000000000000000E+000
 -1.300000000000000E-002  0.000000000000000E+000
 -1.200000000000000E-002  0.000000000000000E+000
 -1.100000000000000E-002  0.000000000000000E+000
 -1.000000000000000E-002  6.999566637911328E-003
 -9.000000000000001E-003   2.28956698032889     
 -8.000000000000000E-003   2.81413432011534     
 -6.999999999999999E-003   1.65056830798546     
 -6.000000000000002E-003   3.78917116049644     
 -5.000000000000001E-003   5.77356445176233     
 -4.000000000000000E-003   11.0456767414083     
 -3.000000000000003E-003   23.1078039878358     
 -2.000000000000002E-003   30.1971499077825     
 -1.000000000000001E-003   26.5085835137017     
  0.000000000000000E+000   20.6929942556717     
  1.000000000000001E-003   16.0067595018718     
  1.999999999999998E-003   14.6679937563386     
  2.999999999999999E-003   6.14040664575962     
  4.000000000000000E-003   2.25063192689767     
  4.999999999999998E-003   2.20370128486242     
  5.999999999999998E-003   3.40688962414542     
  6.999999999999999E-003   2.29628620203666     
  8.000000000000000E-003   3.49820734728854     
  9.000000000000001E-003   2.20251435255235     
  1.000000000000000E-002   4.59811573168475     
  1.100000000000000E-002   5.10978449280365     
  1.200000000000000E-002   2.19627605096841     
  1.300000000000000E-002  0.514119889063600     
  1.400000000000000E-002  0.000000000000000E+000
  1.500000000000000E-002  0.000000000000000E+000
  1.600000000000000E-002  0.000000000000000E+000
  1.700000000000000E-002  0.000000000000000E+000
  1.800000000000000E-002  0.000000000000000E+000
  1.900000000000000E-002  0.000000000000000E+000
  2.000000000000000E-002  0.000000000000000E+000
  2.100000000000000E-002  0.000000000000000E+000
  2.200000000000000E-002  0.000000000000000E+000
  2.300000000000000E-002  0.000000000000000E+000
  2.400000000000000E-002  0.000000000000000E+000
  2.500000000000000E-002  0.000000000000000E+000
