 -2.500000000000000E-002  0.000000000000000E+000
 -2.400000000000000E-002  0.000000000000000E+000
 -2.300000000000000E-002  0.000000000000000E+000
 -2.200000000000000E-002  0.000000000000000E+000
 -2.100000000000000E-002  0.000000000000000E+000
 -2.000000000000000E-002  0.000000000000000E+000
 -1.900000000000000E-002  0.000000000000000E+000
 -1.800000000000000E-002  0.000000000000000E+000
 -1.700000000000000E-002  0.000000000000000E+000
 -1.600000000000000E-002  0.000000000000000E+000
 -1.500000000000000E-002  0.000000000000000E+000
 -1.400000000000000E-002  0.000000000000000E+000
 -1.300000000000000E-002  0.000000000000000E+000
 -1.200000000000000E-002  0.000000000000000E+000
 -1.100000000000000E-002  0.000000000000000E+000
 -1.000000000000000E-002  0.000000000000000E+000
 -9.000000000000001E-003  0.000000000000000E+000
 -8.000000000000000E-003  0.133223101824203     
 -6.999999999999999E-003   2.39361277785653     
 -6.000000000000002E-003   4.91178520194928     
 -5.000000000000001E-003   9.47872829436495     
 -4.000000000000000E-003   15.3454440537152     
 -3.000000000000003E-003   22.4417954460282     
 -2.000000000000002E-003   22.9485599101307     
 -1.000000000000001E-003   20.9089046447791     
  0.000000000000000E+000   14.6915591607901     
  1.000000000000001E-003   13.1416300134822     
  1.999999999999998E-003   13.3904416556407     
  2.999999999999999E-003   4.07457329855861     
  4.000000000000000E-003   2.36684976439721     
  4.999999999999998E-003   2.26978090016507     
  5.999999999999998E-003   1.78149180756001     
  6.999999999999999E-003   2.81684603428052     
  8.000000000000000E-003   2.08020322483033     
  9.000000000000001E-003   2.57840077211069     
  1.000000000000000E-002   1.70728779720380     
  1.100000000000000E-002   4.35645830784365     
  1.200000000000000E-002   4.42561160200855     
  1.300000000000000E-002   1.81631475520006     
  1.400000000000000E-002  0.171167475280340     
  1.500000000000000E-002  0.000000000000000E+000
  1.600000000000000E-002  0.000000000000000E+000
  1.700000000000000E-002  0.000000000000000E+000
  1.800000000000000E-002  0.000000000000000E+000
  1.900000000000000E-002  0.000000000000000E+000
  2.000000000000000E-002  0.000000000000000E+000
  2.100000000000000E-002  0.000000000000000E+000
  2.200000000000000E-002  0.000000000000000E+000
  2.300000000000000E-002  0.000000000000000E+000
  2.400000000000000E-002  0.000000000000000E+000
  2.500000000000000E-002  0.000000000000000E+000
