 -2.500000000000000E-002  0.000000000000000E+000
 -2.400000000000000E-002  0.000000000000000E+000
 -2.300000000000000E-002  0.000000000000000E+000
 -2.200000000000000E-002  0.000000000000000E+000
 -2.100000000000000E-002  0.000000000000000E+000
 -2.000000000000000E-002  0.000000000000000E+000
 -1.900000000000000E-002  0.000000000000000E+000
 -1.800000000000000E-002  0.000000000000000E+000
 -1.700000000000000E-002  0.000000000000000E+000
 -1.600000000000000E-002  0.000000000000000E+000
 -1.500000000000000E-002  0.000000000000000E+000
 -1.400000000000000E-002  0.000000000000000E+000
 -1.300000000000000E-002  0.000000000000000E+000
 -1.200000000000000E-002  0.000000000000000E+000
 -1.100000000000000E-002  4.281389890333091E-002
 -1.000000000000000E-002   2.62318287582496     
 -9.000000000000001E-003   7.46074550438686     
 -8.000000000000000E-003   7.15394264797111     
 -6.999999999999999E-003   9.45399192946352     
 -6.000000000000002E-003   15.1537582335416     
 -5.000000000000001E-003   19.5491896347219     
 -4.000000000000000E-003   18.2443870005789     
 -3.000000000000003E-003   12.2161003801434     
 -2.000000000000002E-003   7.31344143939121     
 -1.000000000000001E-003   5.21723828438733     
  0.000000000000000E+000   6.34143322481974     
  1.000000000000001E-003   6.35788036825743     
  1.999999999999998E-003   7.20129114046364     
  2.999999999999999E-003   10.5258822751145     
  4.000000000000000E-003   15.6166784911805     
  4.999999999999998E-003   27.1657329894582     
  5.999999999999998E-003   13.8134992044168     
  6.999999999999999E-003   8.30891250592936     
  8.000000000000000E-003   8.76843150147450     
  9.000000000000001E-003   7.57119009238047     
  1.000000000000000E-002  0.891006377190672     
  1.100000000000000E-002  0.000000000000000E+000
  1.200000000000000E-002  0.000000000000000E+000
  1.300000000000000E-002  0.000000000000000E+000
  1.400000000000000E-002  0.000000000000000E+000
  1.500000000000000E-002  0.000000000000000E+000
  1.600000000000000E-002  0.000000000000000E+000
  1.700000000000000E-002  0.000000000000000E+000
  1.800000000000000E-002  0.000000000000000E+000
  1.900000000000000E-002  0.000000000000000E+000
  2.000000000000000E-002  0.000000000000000E+000
  2.100000000000000E-002  0.000000000000000E+000
  2.200000000000000E-002  0.000000000000000E+000
  2.300000000000000E-002  0.000000000000000E+000
  2.400000000000000E-002  0.000000000000000E+000
  2.500000000000000E-002  0.000000000000000E+000
