 -2.500000000000000E-002  0.000000000000000E+000
 -2.400000000000000E-002  0.000000000000000E+000
 -2.300000000000000E-002  0.000000000000000E+000
 -2.200000000000000E-002  0.000000000000000E+000
 -2.100000000000000E-002  0.000000000000000E+000
 -2.000000000000000E-002  0.000000000000000E+000
 -1.900000000000000E-002  0.000000000000000E+000
 -1.800000000000000E-002  0.173305766709054     
 -1.700000000000000E-002   1.27816924577754     
 -1.600000000000000E-002  0.315014987513408     
 -1.500000000000000E-002  0.711864072102432     
 -1.400000000000000E-002   1.50488173811340     
 -1.300000000000000E-002   1.23407929841800     
 -1.200000000000000E-002  0.393483680176709     
 -1.100000000000000E-002  0.195909233279951     
 -1.000000000000000E-002  0.354931673173198     
 -9.000000000000001E-003  0.932852235462562     
 -8.000000000000000E-003  0.920381649002248     
 -6.999999999999999E-003   1.63329510182126     
 -6.000000000000002E-003   4.15659028991598     
 -5.000000000000001E-003   4.17486207500756     
 -4.000000000000000E-003   5.01765682253760     
 -3.000000000000003E-003   13.9455992230169     
 -2.000000000000002E-003   35.3508940978381     
 -1.000000000000001E-003   39.6733008693071     
  0.000000000000000E+000   30.1865398956363     
  1.000000000000001E-003   26.5004565834145     
  1.999999999999998E-003   20.5788813031021     
  2.999999999999999E-003   9.27602851525190     
  4.000000000000000E-003   3.13324013545644     
  4.999999999999998E-003   3.07262028563220     
  5.999999999999998E-003   1.99343492683996     
  6.999999999999999E-003   1.89266973561297     
  8.000000000000000E-003   5.18975042389072     
  9.000000000000001E-003   3.04940517981938     
  1.000000000000000E-002   3.98881723058561     
  1.100000000000000E-002   5.19216870310785     
  1.200000000000000E-002   1.25017502247702     
  1.300000000000000E-002  0.000000000000000E+000
  1.400000000000000E-002  0.000000000000000E+000
  1.500000000000000E-002  0.000000000000000E+000
  1.600000000000000E-002  0.000000000000000E+000
  1.700000000000000E-002  0.000000000000000E+000
  1.800000000000000E-002  0.000000000000000E+000
  1.900000000000000E-002  0.000000000000000E+000
  2.000000000000000E-002  0.000000000000000E+000
  2.100000000000000E-002  0.000000000000000E+000
  2.200000000000000E-002  0.000000000000000E+000
  2.300000000000000E-002  0.000000000000000E+000
  2.400000000000000E-002  0.000000000000000E+000
  2.500000000000000E-002  0.000000000000000E+000
