 -2.500000000000000E-002  0.000000000000000E+000
 -2.400000000000000E-002  0.000000000000000E+000
 -2.300000000000000E-002  0.000000000000000E+000
 -2.200000000000000E-002  0.000000000000000E+000
 -2.100000000000000E-002  0.000000000000000E+000
 -2.000000000000000E-002  0.000000000000000E+000
 -1.900000000000000E-002  0.000000000000000E+000
 -1.800000000000000E-002  0.000000000000000E+000
 -1.700000000000000E-002  0.000000000000000E+000
 -1.600000000000000E-002  0.000000000000000E+000
 -1.500000000000000E-002  0.000000000000000E+000
 -1.400000000000000E-002  0.000000000000000E+000
 -1.300000000000000E-002  0.000000000000000E+000
 -1.200000000000000E-002  0.000000000000000E+000
 -1.100000000000000E-002  0.000000000000000E+000
 -1.000000000000000E-002  0.000000000000000E+000
 -9.000000000000001E-003  0.000000000000000E+000
 -8.000000000000000E-003  0.305412620499581     
 -6.999999999999999E-003   5.10160150561481     
 -6.000000000000002E-003   10.7079237858780     
 -5.000000000000001E-003   14.0676706183412     
 -4.000000000000000E-003   23.2494003994124     
 -3.000000000000003E-003   48.3807381121599     
 -2.000000000000002E-003   46.8686542418903     
 -1.000000000000001E-003   36.9589401892205     
  0.000000000000000E+000   31.9896635236482     
  1.000000000000001E-003   28.6824898912662     
  1.999999999999998E-003   32.0781997427691     
  2.999999999999999E-003   19.5655076517193     
  4.000000000000000E-003   3.17664504672925     
  4.999999999999998E-003   3.50524945289663     
  5.999999999999998E-003   4.91753598714847     
  6.999999999999999E-003   4.01427229433903     
  8.000000000000000E-003   6.72844540088686     
  9.000000000000001E-003   4.34998475427964     
  1.000000000000000E-002   8.42202437755636     
  1.100000000000000E-002   10.0480700195139     
  1.200000000000000E-002  0.929600384230379     
  1.300000000000000E-002  0.000000000000000E+000
  1.400000000000000E-002  0.000000000000000E+000
  1.500000000000000E-002  0.000000000000000E+000
  1.600000000000000E-002  0.000000000000000E+000
  1.700000000000000E-002  0.000000000000000E+000
  1.800000000000000E-002  0.000000000000000E+000
  1.900000000000000E-002  0.000000000000000E+000
  2.000000000000000E-002  0.000000000000000E+000
  2.100000000000000E-002  0.000000000000000E+000
  2.200000000000000E-002  0.000000000000000E+000
  2.300000000000000E-002  0.000000000000000E+000
  2.400000000000000E-002  0.000000000000000E+000
  2.500000000000000E-002  0.000000000000000E+000
