 -2.500000000000000E-002  0.000000000000000E+000
 -2.400000000000000E-002  0.000000000000000E+000
 -2.300000000000000E-002  0.000000000000000E+000
 -2.200000000000000E-002  0.000000000000000E+000
 -2.100000000000000E-002  0.000000000000000E+000
 -2.000000000000000E-002  0.000000000000000E+000
 -1.900000000000000E-002  0.000000000000000E+000
 -1.800000000000000E-002  0.000000000000000E+000
 -1.700000000000000E-002  0.000000000000000E+000
 -1.600000000000000E-002  0.000000000000000E+000
 -1.500000000000000E-002  0.000000000000000E+000
 -1.400000000000000E-002  0.000000000000000E+000
 -1.300000000000000E-002  0.000000000000000E+000
 -1.200000000000000E-002  0.000000000000000E+000
 -1.100000000000000E-002  0.000000000000000E+000
 -1.000000000000000E-002  0.425438181284339     
 -9.000000000000001E-003  0.931863396415043     
 -8.000000000000000E-003   3.50206547469295     
 -6.999999999999999E-003   12.1487269344932     
 -6.000000000000002E-003   11.5830420276806     
 -5.000000000000001E-003   9.42221823341073     
 -4.000000000000000E-003   8.58357650928898     
 -3.000000000000003E-003   7.54770741073902     
 -2.000000000000002E-003   7.58806374626680     
 -1.000000000000001E-003   5.28484135339337     
  0.000000000000000E+000   3.33335342913414     
  1.000000000000001E-003   2.17160579595633     
  1.999999999999998E-003   2.31628296415903     
  2.999999999999999E-003   3.73353775151865     
  4.000000000000000E-003   2.21267775370021     
  4.999999999999998E-003  0.948139227463668     
  5.999999999999998E-003   2.28799604413169     
  6.999999999999999E-003   3.29194520246956     
  8.000000000000000E-003   4.07232099420167     
  9.000000000000001E-003   3.93782779368022     
  1.000000000000000E-002   3.67950013096705     
  1.100000000000000E-002   3.46034038709968     
  1.200000000000000E-002   4.48340996497769     
  1.300000000000000E-002   2.04655698567022     
  1.400000000000000E-002   1.86898429229920     
  1.500000000000000E-002  0.106808014905958     
  1.600000000000000E-002  0.000000000000000E+000
  1.700000000000000E-002  0.000000000000000E+000
  1.800000000000000E-002  0.000000000000000E+000
  1.900000000000000E-002  0.000000000000000E+000
  2.000000000000000E-002  0.000000000000000E+000
  2.100000000000000E-002  0.000000000000000E+000
  2.200000000000000E-002  0.000000000000000E+000
  2.300000000000000E-002  0.000000000000000E+000
  2.400000000000000E-002  0.000000000000000E+000
  2.500000000000000E-002  0.000000000000000E+000
