 -2.500000000000000E-002  0.000000000000000E+000
 -2.400000000000000E-002  0.000000000000000E+000
 -2.300000000000000E-002  0.000000000000000E+000
 -2.200000000000000E-002  0.000000000000000E+000
 -2.100000000000000E-002  0.000000000000000E+000
 -2.000000000000000E-002  0.000000000000000E+000
 -1.900000000000000E-002  0.000000000000000E+000
 -1.800000000000000E-002  0.000000000000000E+000
 -1.700000000000000E-002  0.000000000000000E+000
 -1.600000000000000E-002  0.000000000000000E+000
 -1.500000000000000E-002  0.000000000000000E+000
 -1.400000000000000E-002  0.000000000000000E+000
 -1.300000000000000E-002  0.000000000000000E+000
 -1.200000000000000E-002  0.000000000000000E+000
 -1.100000000000000E-002  0.000000000000000E+000
 -1.000000000000000E-002   5.10394711463273     
 -9.000000000000001E-003   15.0021682771330     
 -8.000000000000000E-003   11.5822309071314     
 -6.999999999999999E-003   14.2963206791822     
 -6.000000000000002E-003   8.99589957574761     
 -5.000000000000001E-003   7.10288689229378     
 -4.000000000000000E-003   2.88102791991418     
 -3.000000000000003E-003   4.96836198609426     
 -2.000000000000002E-003   6.14751107595126     
 -1.000000000000001E-003   2.19916548656603     
  0.000000000000000E+000   1.66562827507788     
  1.000000000000001E-003   4.82491382501149     
  1.999999999999998E-003   5.74346803105957     
  2.999999999999999E-003   2.16817314049039     
  4.000000000000000E-003   2.35449974633094     
  4.999999999999998E-003   3.26797201046890     
  5.999999999999998E-003   3.45320412052382     
  6.999999999999999E-003   4.21066506686539     
  8.000000000000000E-003   8.13450750087736     
  9.000000000000001E-003   8.13075754259188     
  1.000000000000000E-002   11.2529956468172     
  1.100000000000000E-002   8.47989389385580     
  1.200000000000000E-002   5.21126297230898     
  1.300000000000000E-002  0.322638313073882     
  1.400000000000000E-002  0.000000000000000E+000
  1.500000000000000E-002  0.000000000000000E+000
  1.600000000000000E-002  0.000000000000000E+000
  1.700000000000000E-002  0.000000000000000E+000
  1.800000000000000E-002  0.000000000000000E+000
  1.900000000000000E-002  0.000000000000000E+000
  2.000000000000000E-002  0.000000000000000E+000
  2.100000000000000E-002  0.000000000000000E+000
  2.200000000000000E-002  0.000000000000000E+000
  2.300000000000000E-002  0.000000000000000E+000
  2.400000000000000E-002  0.000000000000000E+000
  2.500000000000000E-002  0.000000000000000E+000
