 -2.500000000000000E-002  0.000000000000000E+000
 -2.400000000000000E-002  0.000000000000000E+000
 -2.300000000000000E-002  0.000000000000000E+000
 -2.200000000000000E-002  0.000000000000000E+000
 -2.100000000000000E-002  0.000000000000000E+000
 -2.000000000000000E-002  0.000000000000000E+000
 -1.900000000000000E-002  0.000000000000000E+000
 -1.800000000000000E-002  0.000000000000000E+000
 -1.700000000000000E-002  0.000000000000000E+000
 -1.600000000000000E-002  0.000000000000000E+000
 -1.500000000000000E-002  0.000000000000000E+000
 -1.400000000000000E-002  0.000000000000000E+000
 -1.300000000000000E-002  0.000000000000000E+000
 -1.200000000000000E-002  0.000000000000000E+000
 -1.100000000000000E-002  0.000000000000000E+000
 -1.000000000000000E-002  0.201616009157673     
 -9.000000000000001E-003   2.79256840847165     
 -8.000000000000000E-003   2.93099991378219     
 -6.999999999999999E-003   4.81131366137835     
 -6.000000000000002E-003   7.97247998800059     
 -5.000000000000001E-003   6.97507615344846     
 -4.000000000000000E-003   7.20202016069549     
 -3.000000000000003E-003   10.2741289619559     
 -2.000000000000002E-003   7.71068042118223     
 -1.000000000000001E-003   3.33593104437935     
  0.000000000000000E+000   4.49160109299169     
  1.000000000000001E-003   3.26497788900058     
  1.999999999999998E-003   1.40332114603375     
  2.999999999999999E-003   2.59275725695674     
  4.000000000000000E-003   1.95077937927016     
  4.999999999999998E-003   2.55565497334140     
  5.999999999999998E-003   3.12780612937486     
  6.999999999999999E-003   2.16353431481817     
  8.000000000000000E-003   4.24558258277951     
  9.000000000000001E-003   1.64237029164192     
  1.000000000000000E-002   4.94734625062910     
  1.100000000000000E-002   4.78104113315768     
  1.200000000000000E-002   1.71399584218769     
  1.300000000000000E-002  0.375686995364844     
  1.400000000000000E-002  0.000000000000000E+000
  1.500000000000000E-002  0.000000000000000E+000
  1.600000000000000E-002  0.000000000000000E+000
  1.700000000000000E-002  0.000000000000000E+000
  1.800000000000000E-002  0.000000000000000E+000
  1.900000000000000E-002  0.000000000000000E+000
  2.000000000000000E-002  0.000000000000000E+000
  2.100000000000000E-002  0.000000000000000E+000
  2.200000000000000E-002  0.000000000000000E+000
  2.300000000000000E-002  0.000000000000000E+000
  2.400000000000000E-002  0.000000000000000E+000
  2.500000000000000E-002  0.000000000000000E+000
