 -2.500000000000000E-002  0.000000000000000E+000
 -2.400000000000000E-002  0.000000000000000E+000
 -2.300000000000000E-002  0.000000000000000E+000
 -2.200000000000000E-002  0.000000000000000E+000
 -2.100000000000000E-002  0.000000000000000E+000
 -2.000000000000000E-002  0.000000000000000E+000
 -1.900000000000000E-002  0.000000000000000E+000
 -1.800000000000000E-002  0.000000000000000E+000
 -1.700000000000000E-002  0.000000000000000E+000
 -1.600000000000000E-002  0.365702733284632     
 -1.500000000000000E-002   1.05450523906630     
 -1.400000000000000E-002   1.14341416834238     
 -1.300000000000000E-002  0.289960788304205     
 -1.200000000000000E-002  0.558699170759275     
 -1.100000000000000E-002   1.02032311354379     
 -1.000000000000000E-002   1.23655587416330     
 -9.000000000000001E-003   2.31038083776947     
 -8.000000000000000E-003   3.80006357104635     
 -6.999999999999999E-003   5.89541035670974     
 -6.000000000000002E-003   9.01640890662196     
 -5.000000000000001E-003   9.43917166874733     
 -4.000000000000000E-003   7.39230977031318     
 -3.000000000000003E-003   7.90112338480299     
 -2.000000000000002E-003   6.60083598310933     
 -1.000000000000001E-003   7.15865256399993     
  0.000000000000000E+000   5.71074954069514     
  1.000000000000001E-003   4.97982908715698     
  1.999999999999998E-003   7.10311110598989     
  2.999999999999999E-003   6.92314773451542     
  4.000000000000000E-003   8.48215276709953     
  4.999999999999998E-003   8.54422188581175     
  5.999999999999998E-003   6.85483403082840     
  6.999999999999999E-003   5.71895857467806     
  8.000000000000000E-003   2.54191287945338     
  9.000000000000001E-003   1.94563721264504     
  1.000000000000000E-002   1.10824840574617     
  1.100000000000000E-002   1.37549009288064     
  1.200000000000000E-002   1.90843527758612     
  1.300000000000000E-002   2.11889705283570     
  1.400000000000000E-002   1.56633416118196     
  1.500000000000000E-002  0.164242060311619     
  1.600000000000000E-002  0.000000000000000E+000
  1.700000000000000E-002  0.000000000000000E+000
  1.800000000000000E-002  0.000000000000000E+000
  1.900000000000000E-002  0.000000000000000E+000
  2.000000000000000E-002  0.000000000000000E+000
  2.100000000000000E-002  0.000000000000000E+000
  2.200000000000000E-002  0.000000000000000E+000
  2.300000000000000E-002  0.000000000000000E+000
  2.400000000000000E-002  0.000000000000000E+000
  2.500000000000000E-002  0.000000000000000E+000
