 -2.500000000000000E-002  0.000000000000000E+000
 -2.400000000000000E-002  0.000000000000000E+000
 -2.300000000000000E-002  0.000000000000000E+000
 -2.200000000000000E-002  0.000000000000000E+000
 -2.100000000000000E-002  0.000000000000000E+000
 -2.000000000000000E-002  0.000000000000000E+000
 -1.900000000000000E-002  0.000000000000000E+000
 -1.800000000000000E-002  0.000000000000000E+000
 -1.700000000000000E-002  0.000000000000000E+000
 -1.600000000000000E-002  0.000000000000000E+000
 -1.500000000000000E-002  0.000000000000000E+000
 -1.400000000000000E-002  0.000000000000000E+000
 -1.300000000000000E-002  0.000000000000000E+000
 -1.200000000000000E-002  0.000000000000000E+000
 -1.100000000000000E-002  0.000000000000000E+000
 -1.000000000000000E-002  0.000000000000000E+000
 -9.000000000000001E-003  0.596028477419945     
 -8.000000000000000E-003   1.65149811347098     
 -6.999999999999999E-003   1.51041366629079     
 -6.000000000000002E-003   3.85197257842961     
 -5.000000000000001E-003   4.42608756212899     
 -4.000000000000000E-003   6.99247080645733     
 -3.000000000000003E-003   20.1207965911777     
 -2.000000000000002E-003   34.5254385020368     
 -1.000000000000001E-003   38.9436727765860     
  0.000000000000000E+000   29.9357266754698     
  1.000000000000001E-003   23.6492364437243     
  1.999999999999998E-003   21.7996959166727     
  2.999999999999999E-003   11.6672799666475     
  4.000000000000000E-003   3.91046633629782     
  4.999999999999998E-003   3.77929656242558     
  5.999999999999998E-003   2.53797998932234     
  6.999999999999999E-003   2.89940656797974     
  8.000000000000000E-003   2.04684896390293     
  9.000000000000001E-003   3.41416227339491     
  1.000000000000000E-002   1.50591572737670     
  1.100000000000000E-002   2.15937667494957     
  1.200000000000000E-002  0.684008827838165     
  1.300000000000000E-002  0.000000000000000E+000
  1.400000000000000E-002  0.000000000000000E+000
  1.500000000000000E-002  0.000000000000000E+000
  1.600000000000000E-002  0.000000000000000E+000
  1.700000000000000E-002  0.000000000000000E+000
  1.800000000000000E-002  0.000000000000000E+000
  1.900000000000000E-002  0.000000000000000E+000
  2.000000000000000E-002  0.000000000000000E+000
  2.100000000000000E-002  0.000000000000000E+000
  2.200000000000000E-002  0.000000000000000E+000
  2.300000000000000E-002  0.000000000000000E+000
  2.400000000000000E-002  0.000000000000000E+000
  2.500000000000000E-002  0.000000000000000E+000
