 -2.500000000000000E-002  0.000000000000000E+000
 -2.400000000000000E-002  0.000000000000000E+000
 -2.300000000000000E-002  0.000000000000000E+000
 -2.200000000000000E-002  0.000000000000000E+000
 -2.100000000000000E-002  0.000000000000000E+000
 -2.000000000000000E-002  0.000000000000000E+000
 -1.900000000000000E-002  0.000000000000000E+000
 -1.800000000000000E-002  0.000000000000000E+000
 -1.700000000000000E-002  0.000000000000000E+000
 -1.600000000000000E-002  0.000000000000000E+000
 -1.500000000000000E-002  0.000000000000000E+000
 -1.400000000000000E-002  0.000000000000000E+000
 -1.300000000000000E-002  0.000000000000000E+000
 -1.200000000000000E-002  0.000000000000000E+000
 -1.100000000000000E-002  0.000000000000000E+000
 -1.000000000000000E-002  0.000000000000000E+000
 -9.000000000000001E-003  0.000000000000000E+000
 -8.000000000000000E-003  1.955023123466317E-002
 -6.999999999999999E-003   5.87764409458319     
 -6.000000000000002E-003   22.0078092116730     
 -5.000000000000001E-003   25.0033552985589     
 -4.000000000000000E-003   14.8262253106143     
 -3.000000000000003E-003   13.2004445154854     
 -2.000000000000002E-003   7.50465885501629     
 -1.000000000000001E-003   2.81694281816094     
  0.000000000000000E+000   6.00880652294406     
  1.000000000000001E-003   4.16376676598662     
  1.999999999999998E-003   1.78801813982600     
  2.999999999999999E-003   1.67785823591664     
  4.000000000000000E-003  0.909714590710923     
  4.999999999999998E-003   2.60601238271642     
  5.999999999999998E-003   2.51156637024061     
  6.999999999999999E-003   3.46394989023684     
  8.000000000000000E-003   3.44712269836683     
  9.000000000000001E-003   7.90940310458248     
  1.000000000000000E-002   9.02306475962816     
  1.100000000000000E-002   6.20723013787913     
  1.200000000000000E-002   5.67690092483174     
  1.300000000000000E-002   1.61500514080685     
  1.400000000000000E-002  0.000000000000000E+000
  1.500000000000000E-002  0.000000000000000E+000
  1.600000000000000E-002  0.000000000000000E+000
  1.700000000000000E-002  0.000000000000000E+000
  1.800000000000000E-002  0.000000000000000E+000
  1.900000000000000E-002  0.000000000000000E+000
  2.000000000000000E-002  0.000000000000000E+000
  2.100000000000000E-002  0.000000000000000E+000
  2.200000000000000E-002  0.000000000000000E+000
  2.300000000000000E-002  0.000000000000000E+000
  2.400000000000000E-002  0.000000000000000E+000
  2.500000000000000E-002  0.000000000000000E+000
