 -2.500000000000000E-002  0.000000000000000E+000
 -2.400000000000000E-002  0.000000000000000E+000
 -2.300000000000000E-002  0.000000000000000E+000
 -2.200000000000000E-002  0.000000000000000E+000
 -2.100000000000000E-002  0.000000000000000E+000
 -2.000000000000000E-002  0.000000000000000E+000
 -1.900000000000000E-002  0.000000000000000E+000
 -1.800000000000000E-002  0.000000000000000E+000
 -1.700000000000000E-002  0.000000000000000E+000
 -1.600000000000000E-002  0.136114520303087     
 -1.500000000000000E-002  0.371857262092706     
 -1.400000000000000E-002   1.81575361186033     
 -1.300000000000000E-002  0.267114605743879     
 -1.200000000000000E-002  0.530970594172989     
 -1.100000000000000E-002  0.895571467801454     
 -1.000000000000000E-002   1.22298961458601     
 -9.000000000000001E-003  0.921898323439552     
 -8.000000000000000E-003  0.604476635907185     
 -6.999999999999999E-003  0.748287339416832     
 -6.000000000000002E-003   1.33183407470858     
 -5.000000000000001E-003   1.94379974766673     
 -4.000000000000000E-003   5.49024444417337     
 -3.000000000000003E-003   21.6141206992169     
 -2.000000000000002E-003   63.2709778312199     
 -1.000000000000001E-003   85.3442531555623     
  0.000000000000000E+000   68.0342299999495     
  1.000000000000001E-003   54.2069578050228     
  1.999999999999998E-003   33.4056234719344     
  2.999999999999999E-003   27.0841885589523     
  4.000000000000000E-003   1.96014521360573     
  4.999999999999998E-003   1.05478298706473     
  5.999999999999998E-003   1.41532563309003     
  6.999999999999999E-003  0.858798840930458     
  8.000000000000000E-003  0.898603240202821     
  9.000000000000001E-003   1.05659436808909     
  1.000000000000000E-002   1.08523483135625     
  1.100000000000000E-002   1.42601936777892     
  1.200000000000000E-002   1.75323318809837     
  1.300000000000000E-002   1.89033881074564     
  1.400000000000000E-002   2.43891411034986     
  1.500000000000000E-002   1.99194621548777     
  1.600000000000000E-002  0.362179429469748     
  1.700000000000000E-002  0.000000000000000E+000
  1.800000000000000E-002  0.000000000000000E+000
  1.900000000000000E-002  0.000000000000000E+000
  2.000000000000000E-002  0.000000000000000E+000
  2.100000000000000E-002  0.000000000000000E+000
  2.200000000000000E-002  0.000000000000000E+000
  2.300000000000000E-002  0.000000000000000E+000
  2.400000000000000E-002  0.000000000000000E+000
  2.500000000000000E-002  0.000000000000000E+000
