 -2.500000000000000E-002  0.000000000000000E+000
 -2.400000000000000E-002  0.000000000000000E+000
 -2.300000000000000E-002  0.000000000000000E+000
 -2.200000000000000E-002  0.000000000000000E+000
 -2.100000000000000E-002  0.000000000000000E+000
 -2.000000000000000E-002  0.000000000000000E+000
 -1.900000000000000E-002  0.204188388198688     
 -1.800000000000000E-002  0.657528000451271     
 -1.700000000000000E-002   1.61725316576846     
 -1.600000000000000E-002  0.865388341644478     
 -1.500000000000000E-002  0.972071319633216     
 -1.400000000000000E-002  0.555428234288827     
 -1.300000000000000E-002  0.817589362635388     
 -1.200000000000000E-002   1.12930410904699     
 -1.100000000000000E-002  0.631391197259826     
 -1.000000000000000E-002  0.468232661429967     
 -9.000000000000001E-003  0.372078901205635     
 -8.000000000000000E-003  0.773727827485284     
 -6.999999999999999E-003   1.53136982566736     
 -6.000000000000002E-003   2.01945429025328     
 -5.000000000000001E-003   6.07081037138752     
 -4.000000000000000E-003   18.2575906305083     
 -3.000000000000003E-003   26.0684030958857     
 -2.000000000000002E-003   29.5249607654849     
 -1.000000000000001E-003   23.7859209531645     
  0.000000000000000E+000   23.5405549305538     
  1.000000000000001E-003   21.3289776636156     
  1.999999999999998E-003   27.8988649298146     
  2.999999999999999E-003   11.8423851133732     
  4.000000000000000E-003   9.18428371477722     
  4.999999999999998E-003   13.5519825007600     
  5.999999999999998E-003   8.16294718981604     
  6.999999999999999E-003   7.91365123475434     
  8.000000000000000E-003   4.74601481682942     
  9.000000000000001E-003   2.47144270447132     
  1.000000000000000E-002   1.39125821673281     
  1.100000000000000E-002   1.02531479748028     
  1.200000000000000E-002  7.707074562155414E-002
  1.300000000000000E-002  0.000000000000000E+000
  1.400000000000000E-002  0.000000000000000E+000
  1.500000000000000E-002  0.000000000000000E+000
  1.600000000000000E-002  0.000000000000000E+000
  1.700000000000000E-002  0.000000000000000E+000
  1.800000000000000E-002  0.000000000000000E+000
  1.900000000000000E-002  0.000000000000000E+000
  2.000000000000000E-002  0.000000000000000E+000
  2.100000000000000E-002  0.000000000000000E+000
  2.200000000000000E-002  0.000000000000000E+000
  2.300000000000000E-002  0.000000000000000E+000
  2.400000000000000E-002  0.000000000000000E+000
  2.500000000000000E-002  0.000000000000000E+000
