 -2.500000000000000E-002  0.000000000000000E+000
 -2.400000000000000E-002  0.000000000000000E+000
 -2.300000000000000E-002  0.000000000000000E+000
 -2.200000000000000E-002  0.000000000000000E+000
 -2.100000000000000E-002  0.000000000000000E+000
 -2.000000000000000E-002  0.000000000000000E+000
 -1.900000000000000E-002  0.000000000000000E+000
 -1.800000000000000E-002  0.000000000000000E+000
 -1.700000000000000E-002  1.106390438777404E-002
 -1.600000000000000E-002  0.469566349790648     
 -1.500000000000000E-002   1.38662858733385     
 -1.400000000000000E-002  0.684331158487727     
 -1.300000000000000E-002  0.926899703178841     
 -1.200000000000000E-002  0.488929211385616     
 -1.100000000000000E-002   1.53158310956841     
 -1.000000000000000E-002  0.652377975867135     
 -9.000000000000001E-003  0.744901219614124     
 -8.000000000000000E-003   1.23619126079107     
 -6.999999999999999E-003   1.32627289010990     
 -6.000000000000002E-003   1.92008476830562     
 -5.000000000000001E-003   8.12355407825097     
 -4.000000000000000E-003   22.7723517107737     
 -3.000000000000003E-003   33.6817440519681     
 -2.000000000000002E-003   30.7396588092134     
 -1.000000000000001E-003   29.6100401284910     
  0.000000000000000E+000   20.6428674249437     
  1.000000000000001E-003   16.3854833756896     
  1.999999999999998E-003   14.6895023646605     
  2.999999999999999E-003   5.90284400587078     
  4.000000000000000E-003   3.97433604375678     
  4.999999999999998E-003   2.38466674606820     
  5.999999999999998E-003   1.72915838272387     
  6.999999999999999E-003   1.75818606369549     
  8.000000000000000E-003   3.20524425291039     
  9.000000000000001E-003   6.48252904054496     
  1.000000000000000E-002   5.61762809185476     
  1.100000000000000E-002   3.48735824477539     
  1.200000000000000E-002   4.38980059028770     
  1.300000000000000E-002   4.25317152941710     
  1.400000000000000E-002   2.15775971746296     
  1.500000000000000E-002  0.390335207820048     
  1.600000000000000E-002  0.000000000000000E+000
  1.700000000000000E-002  0.000000000000000E+000
  1.800000000000000E-002  0.000000000000000E+000
  1.900000000000000E-002  0.000000000000000E+000
  2.000000000000000E-002  0.000000000000000E+000
  2.100000000000000E-002  0.000000000000000E+000
  2.200000000000000E-002  0.000000000000000E+000
  2.300000000000000E-002  0.000000000000000E+000
  2.400000000000000E-002  0.000000000000000E+000
  2.500000000000000E-002  0.000000000000000E+000
