 -2.500000000000000E-002  0.000000000000000E+000
 -2.400000000000000E-002  0.000000000000000E+000
 -2.300000000000000E-002  0.000000000000000E+000
 -2.200000000000000E-002  0.000000000000000E+000
 -2.100000000000000E-002  0.000000000000000E+000
 -2.000000000000000E-002  0.000000000000000E+000
 -1.900000000000000E-002  0.000000000000000E+000
 -1.800000000000000E-002  0.000000000000000E+000
 -1.700000000000000E-002  0.000000000000000E+000
 -1.600000000000000E-002  0.000000000000000E+000
 -1.500000000000000E-002  0.000000000000000E+000
 -1.400000000000000E-002  0.000000000000000E+000
 -1.300000000000000E-002  0.000000000000000E+000
 -1.200000000000000E-002  0.278804287898968     
 -1.100000000000000E-002   2.08209244839956     
 -1.000000000000000E-002   1.23019997911402     
 -9.000000000000001E-003   2.65839985614841     
 -8.000000000000000E-003   1.17865832856648     
 -6.999999999999999E-003   3.04934397142753     
 -6.000000000000002E-003   2.28103112844504     
 -5.000000000000001E-003   2.02403275201899     
 -4.000000000000000E-003  0.676737104700591     
 -3.000000000000003E-003   3.81951342375743     
 -2.000000000000002E-003   4.54478927455501     
 -1.000000000000001E-003   3.84628744496799     
  0.000000000000000E+000  0.000000000000000E+000
  1.000000000000001E-003   2.65832906461098     
  1.999999999999998E-003   11.7240307142700     
  2.999999999999999E-003   5.22297466073253     
  4.000000000000000E-003   10.8652242072858     
  4.999999999999998E-003   11.9120913531006     
  5.999999999999998E-003  0.000000000000000E+000
  6.999999999999999E-003  0.000000000000000E+000
  8.000000000000000E-003  0.000000000000000E+000
  9.000000000000001E-003  0.000000000000000E+000
  1.000000000000000E-002  0.000000000000000E+000
  1.100000000000000E-002  0.000000000000000E+000
  1.200000000000000E-002  0.000000000000000E+000
  1.300000000000000E-002  0.000000000000000E+000
  1.400000000000000E-002  0.000000000000000E+000
  1.500000000000000E-002  0.000000000000000E+000
  1.600000000000000E-002  0.000000000000000E+000
  1.700000000000000E-002  0.000000000000000E+000
  1.800000000000000E-002  0.000000000000000E+000
  1.900000000000000E-002  0.000000000000000E+000
  2.000000000000000E-002  0.000000000000000E+000
  2.100000000000000E-002  0.000000000000000E+000
  2.200000000000000E-002  0.000000000000000E+000
  2.300000000000000E-002  0.000000000000000E+000
  2.400000000000000E-002  0.000000000000000E+000
  2.500000000000000E-002  0.000000000000000E+000
