 -2.500000000000000E-002  0.000000000000000E+000
 -2.400000000000000E-002  0.000000000000000E+000
 -2.300000000000000E-002  0.000000000000000E+000
 -2.200000000000000E-002  0.000000000000000E+000
 -2.100000000000000E-002  0.000000000000000E+000
 -2.000000000000000E-002  0.000000000000000E+000
 -1.900000000000000E-002  0.000000000000000E+000
 -1.800000000000000E-002  0.000000000000000E+000
 -1.700000000000000E-002  0.000000000000000E+000
 -1.600000000000000E-002  0.193467742134109     
 -1.500000000000000E-002  0.480257008345844     
 -1.400000000000000E-002   1.50705145778977     
 -1.300000000000000E-002  0.174533791730281     
 -1.200000000000000E-002  0.275100848429346     
 -1.100000000000000E-002   1.45779904800703     
 -1.000000000000000E-002  0.996758059256961     
 -9.000000000000001E-003  0.427777904375863     
 -8.000000000000000E-003   1.20204217305784     
 -6.999999999999999E-003  0.508682433022840     
 -6.000000000000002E-003   6.87928312379233     
 -5.000000000000001E-003   15.9436287893181     
 -4.000000000000000E-003   17.3504890024352     
 -3.000000000000003E-003   16.1836269641180     
 -2.000000000000002E-003   11.8557297248474     
 -1.000000000000001E-003   11.0026751948262     
  0.000000000000000E+000   13.4532356347611     
  1.000000000000001E-003   11.9287298612843     
  1.999999999999998E-003   6.84611590055652     
  2.999999999999999E-003   9.68545582958884     
  4.000000000000000E-003   6.17678932751842     
  4.999999999999998E-003   10.3732171335839     
  5.999999999999998E-003   8.18346662275838     
  6.999999999999999E-003   4.98124096466318     
  8.000000000000000E-003  0.936128875844636     
  9.000000000000001E-003   1.35358551879230     
  1.000000000000000E-002   1.94617228437717     
  1.100000000000000E-002   1.11819420216072     
  1.200000000000000E-002   1.20078422028511     
  1.300000000000000E-002   2.67701367034696     
  1.400000000000000E-002   1.89837802840759     
  1.500000000000000E-002  0.630028659583674     
  1.600000000000000E-002  0.000000000000000E+000
  1.700000000000000E-002  0.000000000000000E+000
  1.800000000000000E-002  0.000000000000000E+000
  1.900000000000000E-002  0.000000000000000E+000
  2.000000000000000E-002  0.000000000000000E+000
  2.100000000000000E-002  0.000000000000000E+000
  2.200000000000000E-002  0.000000000000000E+000
  2.300000000000000E-002  0.000000000000000E+000
  2.400000000000000E-002  0.000000000000000E+000
  2.500000000000000E-002  0.000000000000000E+000
