 -2.500000000000000E-002  0.000000000000000E+000
 -2.400000000000000E-002  0.000000000000000E+000
 -2.300000000000000E-002  0.000000000000000E+000
 -2.200000000000000E-002  0.000000000000000E+000
 -2.100000000000000E-002  0.000000000000000E+000
 -2.000000000000000E-002  0.000000000000000E+000
 -1.900000000000000E-002  0.000000000000000E+000
 -1.800000000000000E-002  0.000000000000000E+000
 -1.700000000000000E-002  0.000000000000000E+000
 -1.600000000000000E-002  0.000000000000000E+000
 -1.500000000000000E-002  0.000000000000000E+000
 -1.400000000000000E-002  0.000000000000000E+000
 -1.300000000000000E-002  0.000000000000000E+000
 -1.200000000000000E-002  0.000000000000000E+000
 -1.100000000000000E-002  0.000000000000000E+000
 -1.000000000000000E-002  0.000000000000000E+000
 -9.000000000000001E-003  0.000000000000000E+000
 -8.000000000000000E-003  0.279433516430679     
 -6.999999999999999E-003   3.01489557492036     
 -6.000000000000002E-003   4.00733051017414     
 -5.000000000000001E-003   10.2426201223613     
 -4.000000000000000E-003   13.4424363436349     
 -3.000000000000003E-003   15.2312540373997     
 -2.000000000000002E-003   9.54035491120492     
 -1.000000000000001E-003   6.77762145859067     
  0.000000000000000E+000   6.30604506561308     
  1.000000000000001E-003   4.43167213169502     
  1.999999999999998E-003   4.49877332794947     
  2.999999999999999E-003   6.19542357478316     
  4.000000000000000E-003   3.08709681606848     
  4.999999999999998E-003   4.83604087274701     
  5.999999999999998E-003   3.26567233694032     
  6.999999999999999E-003   1.37401338413212     
  8.000000000000000E-003   1.93338866143178     
  9.000000000000001E-003   1.25883804452303     
  1.000000000000000E-002   1.00095688348046     
  1.100000000000000E-002   1.76383967186537     
  1.200000000000000E-002   1.84424938135744     
  1.300000000000000E-002   1.67846434018473     
  1.400000000000000E-002   1.70536903251194     
  1.500000000000000E-002  0.000000000000000E+000
  1.600000000000000E-002  0.000000000000000E+000
  1.700000000000000E-002  0.000000000000000E+000
  1.800000000000000E-002  0.000000000000000E+000
  1.900000000000000E-002  0.000000000000000E+000
  2.000000000000000E-002  0.000000000000000E+000
  2.100000000000000E-002  0.000000000000000E+000
  2.200000000000000E-002  0.000000000000000E+000
  2.300000000000000E-002  0.000000000000000E+000
  2.400000000000000E-002  0.000000000000000E+000
  2.500000000000000E-002  0.000000000000000E+000
