 -2.500000000000000E-002  0.000000000000000E+000
 -2.400000000000000E-002  0.000000000000000E+000
 -2.300000000000000E-002  0.000000000000000E+000
 -2.200000000000000E-002  0.000000000000000E+000
 -2.100000000000000E-002  0.000000000000000E+000
 -2.000000000000000E-002  0.000000000000000E+000
 -1.900000000000000E-002  0.000000000000000E+000
 -1.800000000000000E-002  0.000000000000000E+000
 -1.700000000000000E-002  0.000000000000000E+000
 -1.600000000000000E-002  0.000000000000000E+000
 -1.500000000000000E-002  0.000000000000000E+000
 -1.400000000000000E-002  0.000000000000000E+000
 -1.300000000000000E-002  0.000000000000000E+000
 -1.200000000000000E-002  0.000000000000000E+000
 -1.100000000000000E-002  0.000000000000000E+000
 -1.000000000000000E-002  0.000000000000000E+000
 -9.000000000000001E-003  0.000000000000000E+000
 -8.000000000000000E-003  0.000000000000000E+000
 -6.999999999999999E-003  0.753534797040895     
 -6.000000000000002E-003   2.50807400123851     
 -5.000000000000001E-003   6.69998714956607     
 -4.000000000000000E-003   15.8452224323148     
 -3.000000000000003E-003   17.6394270692101     
 -2.000000000000002E-003   20.0779584528021     
 -1.000000000000001E-003   16.0459806808328     
  0.000000000000000E+000   13.3146871067561     
  1.000000000000001E-003   22.5213775046134     
  1.999999999999998E-003   10.1877164908491     
  2.999999999999999E-003   2.04702653509796     
  4.000000000000000E-003   3.25677490437501     
  4.999999999999998E-003   2.66164440612126     
  5.999999999999998E-003   2.88331937941034     
  6.999999999999999E-003   3.29216646579845     
  8.000000000000000E-003   2.82934336521680     
  9.000000000000001E-003   2.96344674559327     
  1.000000000000000E-002  0.977033597177519     
  1.100000000000000E-002   2.18939050431200     
  1.200000000000000E-002   1.87874855088840     
  1.300000000000000E-002  0.189089860785107     
  1.400000000000000E-002  0.000000000000000E+000
  1.500000000000000E-002  0.000000000000000E+000
  1.600000000000000E-002  0.000000000000000E+000
  1.700000000000000E-002  0.000000000000000E+000
  1.800000000000000E-002  0.000000000000000E+000
  1.900000000000000E-002  0.000000000000000E+000
  2.000000000000000E-002  0.000000000000000E+000
  2.100000000000000E-002  0.000000000000000E+000
  2.200000000000000E-002  0.000000000000000E+000
  2.300000000000000E-002  0.000000000000000E+000
  2.400000000000000E-002  0.000000000000000E+000
  2.500000000000000E-002  0.000000000000000E+000
