 -2.500000000000000E-002  0.000000000000000E+000
 -2.400000000000000E-002  0.000000000000000E+000
 -2.300000000000000E-002  0.000000000000000E+000
 -2.200000000000000E-002  0.000000000000000E+000
 -2.100000000000000E-002  0.000000000000000E+000
 -2.000000000000000E-002  0.000000000000000E+000
 -1.900000000000000E-002  0.000000000000000E+000
 -1.800000000000000E-002  0.000000000000000E+000
 -1.700000000000000E-002  0.000000000000000E+000
 -1.600000000000000E-002  0.000000000000000E+000
 -1.500000000000000E-002  0.000000000000000E+000
 -1.400000000000000E-002  0.000000000000000E+000
 -1.300000000000000E-002  0.000000000000000E+000
 -1.200000000000000E-002  0.000000000000000E+000
 -1.100000000000000E-002  0.000000000000000E+000
 -1.000000000000000E-002  0.000000000000000E+000
 -9.000000000000001E-003  0.000000000000000E+000
 -8.000000000000000E-003  6.395227914656457E-002
 -6.999999999999999E-003   2.09321773517614     
 -6.000000000000002E-003   9.12230407138087     
 -5.000000000000001E-003   9.77001012422459     
 -4.000000000000000E-003   13.4980751345067     
 -3.000000000000003E-003   16.0428357177188     
 -2.000000000000002E-003   17.6946850402861     
 -1.000000000000001E-003   12.3747563512772     
  0.000000000000000E+000   8.22247177316677     
  1.000000000000001E-003   9.38143940689285     
  1.999999999999998E-003   3.97054430294035     
  2.999999999999999E-003   1.82480446733967     
  4.000000000000000E-003   3.20064932681981     
  4.999999999999998E-003   2.36782278306592     
  5.999999999999998E-003   2.50555194691271     
  6.999999999999999E-003   3.75110362265234     
  8.000000000000000E-003   1.29266370958854     
  9.000000000000001E-003   2.33214924947430     
  1.000000000000000E-002   1.65879444270855     
  1.100000000000000E-002   3.77543027983110     
  1.200000000000000E-002   4.88863255834455     
  1.300000000000000E-002   1.98850823622605     
  1.400000000000000E-002  0.388767440319451     
  1.500000000000000E-002  0.000000000000000E+000
  1.600000000000000E-002  0.000000000000000E+000
  1.700000000000000E-002  0.000000000000000E+000
  1.800000000000000E-002  0.000000000000000E+000
  1.900000000000000E-002  0.000000000000000E+000
  2.000000000000000E-002  0.000000000000000E+000
  2.100000000000000E-002  0.000000000000000E+000
  2.200000000000000E-002  0.000000000000000E+000
  2.300000000000000E-002  0.000000000000000E+000
  2.400000000000000E-002  0.000000000000000E+000
  2.500000000000000E-002  0.000000000000000E+000
