 -2.500000000000000E-002  0.000000000000000E+000
 -2.400000000000000E-002  0.000000000000000E+000
 -2.300000000000000E-002  0.000000000000000E+000
 -2.200000000000000E-002  0.000000000000000E+000
 -2.100000000000000E-002  0.000000000000000E+000
 -2.000000000000000E-002  0.000000000000000E+000
 -1.900000000000000E-002  0.000000000000000E+000
 -1.800000000000000E-002  0.000000000000000E+000
 -1.700000000000000E-002  0.000000000000000E+000
 -1.600000000000000E-002  0.000000000000000E+000
 -1.500000000000000E-002  0.000000000000000E+000
 -1.400000000000000E-002  0.000000000000000E+000
 -1.300000000000000E-002  0.000000000000000E+000
 -1.200000000000000E-002  0.000000000000000E+000
 -1.100000000000000E-002  0.000000000000000E+000
 -1.000000000000000E-002  0.000000000000000E+000
 -9.000000000000001E-003  0.000000000000000E+000
 -8.000000000000000E-003  0.298660593547647     
 -6.999999999999999E-003   1.61138400894933     
 -6.000000000000002E-003   4.97393837512500     
 -5.000000000000001E-003   9.41953842039307     
 -4.000000000000000E-003   13.2844934869762     
 -3.000000000000003E-003   22.4899003669085     
 -2.000000000000002E-003   20.9765616924359     
 -1.000000000000001E-003   18.0806228351661     
  0.000000000000000E+000   14.6939283263355     
  1.000000000000001E-003   14.2966434484163     
  1.999999999999998E-003   11.1439278841951     
  2.999999999999999E-003   5.25974304554959     
  4.000000000000000E-003   2.76087272764524     
  4.999999999999998E-003   3.20181371217212     
  5.999999999999998E-003   4.59239431763612     
  6.999999999999999E-003   4.42569336531084     
  8.000000000000000E-003   6.13520825307653     
  9.000000000000001E-003   3.96072855119806     
  1.000000000000000E-002   2.24021071888950     
  1.100000000000000E-002   1.92158791522823     
  1.200000000000000E-002  0.145387954845158     
  1.300000000000000E-002  0.000000000000000E+000
  1.400000000000000E-002  0.000000000000000E+000
  1.500000000000000E-002  0.000000000000000E+000
  1.600000000000000E-002  0.000000000000000E+000
  1.700000000000000E-002  0.000000000000000E+000
  1.800000000000000E-002  0.000000000000000E+000
  1.900000000000000E-002  0.000000000000000E+000
  2.000000000000000E-002  0.000000000000000E+000
  2.100000000000000E-002  0.000000000000000E+000
  2.200000000000000E-002  0.000000000000000E+000
  2.300000000000000E-002  0.000000000000000E+000
  2.400000000000000E-002  0.000000000000000E+000
  2.500000000000000E-002  0.000000000000000E+000
