 -2.500000000000000E-002  0.000000000000000E+000
 -2.400000000000000E-002  0.000000000000000E+000
 -2.300000000000000E-002  0.000000000000000E+000
 -2.200000000000000E-002  0.000000000000000E+000
 -2.100000000000000E-002  0.000000000000000E+000
 -2.000000000000000E-002  0.000000000000000E+000
 -1.900000000000000E-002  0.000000000000000E+000
 -1.800000000000000E-002  0.000000000000000E+000
 -1.700000000000000E-002  0.000000000000000E+000
 -1.600000000000000E-002  0.000000000000000E+000
 -1.500000000000000E-002  0.000000000000000E+000
 -1.400000000000000E-002  0.000000000000000E+000
 -1.300000000000000E-002  0.000000000000000E+000
 -1.200000000000000E-002  0.000000000000000E+000
 -1.100000000000000E-002  0.000000000000000E+000
 -1.000000000000000E-002  4.876314380968544E-002
 -9.000000000000001E-003   1.87529612423481     
 -8.000000000000000E-003   3.97345311462558     
 -6.999999999999999E-003   4.93921472985686     
 -6.000000000000002E-003   5.57252162258511     
 -5.000000000000001E-003   3.13765779585773     
 -4.000000000000000E-003   3.37565232159618     
 -3.000000000000003E-003   3.61031912200321     
 -2.000000000000002E-003   3.73244074092021     
 -1.000000000000001E-003   4.23200186508394     
  0.000000000000000E+000   3.82119095173768     
  1.000000000000001E-003   3.99730374317157     
  1.999999999999998E-003   3.52617217023862     
  2.999999999999999E-003   6.26802741950642     
  4.000000000000000E-003   10.6641734297919     
  4.999999999999998E-003   12.0292408386246     
  5.999999999999998E-003   5.21119760938675     
  6.999999999999999E-003  0.581193256969160     
  8.000000000000000E-003  0.000000000000000E+000
  9.000000000000001E-003  0.000000000000000E+000
  1.000000000000000E-002  0.000000000000000E+000
  1.100000000000000E-002  0.000000000000000E+000
  1.200000000000000E-002  0.000000000000000E+000
  1.300000000000000E-002  0.000000000000000E+000
  1.400000000000000E-002  0.000000000000000E+000
  1.500000000000000E-002  0.000000000000000E+000
  1.600000000000000E-002  0.000000000000000E+000
  1.700000000000000E-002  0.000000000000000E+000
  1.800000000000000E-002  0.000000000000000E+000
  1.900000000000000E-002  0.000000000000000E+000
  2.000000000000000E-002  0.000000000000000E+000
  2.100000000000000E-002  0.000000000000000E+000
  2.200000000000000E-002  0.000000000000000E+000
  2.300000000000000E-002  0.000000000000000E+000
  2.400000000000000E-002  0.000000000000000E+000
  2.500000000000000E-002  0.000000000000000E+000
