 -2.500000000000000E-002  0.000000000000000E+000
 -2.400000000000000E-002  0.000000000000000E+000
 -2.300000000000000E-002  0.000000000000000E+000
 -2.200000000000000E-002  0.000000000000000E+000
 -2.100000000000000E-002  0.000000000000000E+000
 -2.000000000000000E-002  0.000000000000000E+000
 -1.900000000000000E-002  0.000000000000000E+000
 -1.800000000000000E-002  0.000000000000000E+000
 -1.700000000000000E-002  0.000000000000000E+000
 -1.600000000000000E-002  0.000000000000000E+000
 -1.500000000000000E-002  0.296077930302662     
 -1.400000000000000E-002   1.89203672140641     
 -1.300000000000000E-002   2.66568885116611     
 -1.200000000000000E-002   2.19927905775010     
 -1.100000000000000E-002   2.35259428139344     
 -1.000000000000000E-002   2.15257029137513     
 -9.000000000000001E-003   3.34218808289296     
 -8.000000000000000E-003   3.56385594828968     
 -6.999999999999999E-003   7.00276612521484     
 -6.000000000000002E-003   7.28748241669296     
 -5.000000000000001E-003   6.93260991609327     
 -4.000000000000000E-003   5.50577111410289     
 -3.000000000000003E-003   5.74923564267745     
 -2.000000000000002E-003   6.31955703879688     
 -1.000000000000001E-003   4.89283781629117     
  0.000000000000000E+000   4.16585904977855     
  1.000000000000001E-003   7.44956674590909     
  1.999999999999998E-003   10.6269400365605     
  2.999999999999999E-003   8.20165649622169     
  4.000000000000000E-003   15.4844412755757     
  4.999999999999998E-003   25.0739299371469     
  5.999999999999998E-003   15.6309712510914     
  6.999999999999999E-003   3.48625580813188     
  8.000000000000000E-003   1.24469956395534     
  9.000000000000001E-003  0.888523964558878     
  1.000000000000000E-002  0.183984636624093     
  1.100000000000000E-002  0.000000000000000E+000
  1.200000000000000E-002  0.000000000000000E+000
  1.300000000000000E-002  0.000000000000000E+000
  1.400000000000000E-002  0.000000000000000E+000
  1.500000000000000E-002  0.000000000000000E+000
  1.600000000000000E-002  0.000000000000000E+000
  1.700000000000000E-002  0.000000000000000E+000
  1.800000000000000E-002  0.000000000000000E+000
  1.900000000000000E-002  0.000000000000000E+000
  2.000000000000000E-002  0.000000000000000E+000
  2.100000000000000E-002  0.000000000000000E+000
  2.200000000000000E-002  0.000000000000000E+000
  2.300000000000000E-002  0.000000000000000E+000
  2.400000000000000E-002  0.000000000000000E+000
  2.500000000000000E-002  0.000000000000000E+000
