 -2.500000000000000E-002  0.000000000000000E+000
 -2.400000000000000E-002  0.000000000000000E+000
 -2.300000000000000E-002  0.000000000000000E+000
 -2.200000000000000E-002  0.000000000000000E+000
 -2.100000000000000E-002  0.000000000000000E+000
 -2.000000000000000E-002  0.000000000000000E+000
 -1.900000000000000E-002  0.000000000000000E+000
 -1.800000000000000E-002  0.000000000000000E+000
 -1.700000000000000E-002  0.000000000000000E+000
 -1.600000000000000E-002  0.000000000000000E+000
 -1.500000000000000E-002  0.000000000000000E+000
 -1.400000000000000E-002  0.000000000000000E+000
 -1.300000000000000E-002  0.000000000000000E+000
 -1.200000000000000E-002  0.000000000000000E+000
 -1.100000000000000E-002  0.000000000000000E+000
 -1.000000000000000E-002  0.000000000000000E+000
 -9.000000000000001E-003  0.000000000000000E+000
 -8.000000000000000E-003  0.000000000000000E+000
 -6.999999999999999E-003   1.35710977889197     
 -6.000000000000002E-003   8.48050135411091     
 -5.000000000000001E-003   14.6104254887424     
 -4.000000000000000E-003   17.4265766550491     
 -3.000000000000003E-003   13.2371646498396     
 -2.000000000000002E-003   17.1010234927123     
 -1.000000000000001E-003   15.0756734746935     
  0.000000000000000E+000   10.8864255016934     
  1.000000000000001E-003   4.00118082321278     
  1.999999999999998E-003   4.72871497479709     
  2.999999999999999E-003   2.59664083477165     
  4.000000000000000E-003   2.20791327297460     
  4.999999999999998E-003   1.60137832041502     
  5.999999999999998E-003  0.197993963819639     
  6.999999999999999E-003  0.775039981822830     
  8.000000000000000E-003  0.587951262217683     
  9.000000000000001E-003  0.277945954641258     
  1.000000000000000E-002   1.75740587265256     
  1.100000000000000E-002   2.31190705254509     
  1.200000000000000E-002   1.98533205173365     
  1.300000000000000E-002   1.63034973934037     
  1.400000000000000E-002   5.72768798074797     
  1.500000000000000E-002   3.05706033981460     
  1.600000000000000E-002   1.48452717876008     
  1.700000000000000E-002  0.000000000000000E+000
  1.800000000000000E-002  0.000000000000000E+000
  1.900000000000000E-002  0.000000000000000E+000
  2.000000000000000E-002  0.000000000000000E+000
  2.100000000000000E-002  0.000000000000000E+000
  2.200000000000000E-002  0.000000000000000E+000
  2.300000000000000E-002  0.000000000000000E+000
  2.400000000000000E-002  0.000000000000000E+000
  2.500000000000000E-002  0.000000000000000E+000
