 -2.500000000000000E-002  0.000000000000000E+000
 -2.400000000000000E-002  0.000000000000000E+000
 -2.300000000000000E-002  0.000000000000000E+000
 -2.200000000000000E-002  0.000000000000000E+000
 -2.100000000000000E-002  0.000000000000000E+000
 -2.000000000000000E-002  0.000000000000000E+000
 -1.900000000000000E-002  0.000000000000000E+000
 -1.800000000000000E-002  0.000000000000000E+000
 -1.700000000000000E-002  0.000000000000000E+000
 -1.600000000000000E-002  0.000000000000000E+000
 -1.500000000000000E-002  0.000000000000000E+000
 -1.400000000000000E-002  0.000000000000000E+000
 -1.300000000000000E-002  0.000000000000000E+000
 -1.200000000000000E-002  0.000000000000000E+000
 -1.100000000000000E-002  0.000000000000000E+000
 -1.000000000000000E-002  0.000000000000000E+000
 -9.000000000000001E-003  0.000000000000000E+000
 -8.000000000000000E-003  0.000000000000000E+000
 -6.999999999999999E-003  0.000000000000000E+000
 -6.000000000000002E-003  0.443605030664587     
 -5.000000000000001E-003   5.50899692512273     
 -4.000000000000000E-003   21.1011876433317     
 -3.000000000000003E-003   30.7316458225156     
 -2.000000000000002E-003   29.6044077459447     
 -1.000000000000001E-003   25.0273538015867     
  0.000000000000000E+000   24.6245831470002     
  1.000000000000001E-003   24.0837746684554     
  1.999999999999998E-003   17.7453532493528     
  2.999999999999999E-003   3.78642133493667     
  4.000000000000000E-003   2.00372172681495     
  4.999999999999998E-003   2.14397349366195     
  5.999999999999998E-003   1.73568730144447     
  6.999999999999999E-003   3.26038737352481     
  8.000000000000000E-003   1.12046431108169     
  9.000000000000001E-003   2.11436437096168     
  1.000000000000000E-002   2.10495333456993     
  1.100000000000000E-002   3.31690993048238     
  1.200000000000000E-002   5.12423469280955     
  1.300000000000000E-002   1.30743409573745     
  1.400000000000000E-002  0.000000000000000E+000
  1.500000000000000E-002  0.000000000000000E+000
  1.600000000000000E-002  0.000000000000000E+000
  1.700000000000000E-002  0.000000000000000E+000
  1.800000000000000E-002  0.000000000000000E+000
  1.900000000000000E-002  0.000000000000000E+000
  2.000000000000000E-002  0.000000000000000E+000
  2.100000000000000E-002  0.000000000000000E+000
  2.200000000000000E-002  0.000000000000000E+000
  2.300000000000000E-002  0.000000000000000E+000
  2.400000000000000E-002  0.000000000000000E+000
  2.500000000000000E-002  0.000000000000000E+000
