 -2.500000000000000E-002  0.000000000000000E+000
 -2.400000000000000E-002  0.000000000000000E+000
 -2.300000000000000E-002  0.000000000000000E+000
 -2.200000000000000E-002  0.000000000000000E+000
 -2.100000000000000E-002  0.000000000000000E+000
 -2.000000000000000E-002  0.000000000000000E+000
 -1.900000000000000E-002  0.000000000000000E+000
 -1.800000000000000E-002  0.000000000000000E+000
 -1.700000000000000E-002  0.000000000000000E+000
 -1.600000000000000E-002  0.000000000000000E+000
 -1.500000000000000E-002  0.000000000000000E+000
 -1.400000000000000E-002  0.000000000000000E+000
 -1.300000000000000E-002  0.000000000000000E+000
 -1.200000000000000E-002  0.000000000000000E+000
 -1.100000000000000E-002  0.000000000000000E+000
 -1.000000000000000E-002  0.000000000000000E+000
 -9.000000000000001E-003  0.000000000000000E+000
 -8.000000000000000E-003  0.000000000000000E+000
 -6.999999999999999E-003  6.441150404756413E-002
 -6.000000000000002E-003   3.78852648330470     
 -5.000000000000001E-003   8.23349441064673     
 -4.000000000000000E-003   16.1181273642311     
 -3.000000000000003E-003   19.7212343784933     
 -2.000000000000002E-003   21.3212764092966     
 -1.000000000000001E-003   17.5328666876353     
  0.000000000000000E+000   13.8631822165469     
  1.000000000000001E-003   14.9674808068257     
  1.999999999999998E-003   8.16608455960343     
  2.999999999999999E-003   7.50267923977020     
  4.000000000000000E-003   5.98147485320124     
  4.999999999999998E-003   5.67065666578073     
  5.999999999999998E-003   9.60082242202910     
  6.999999999999999E-003   6.09303641593371     
  8.000000000000000E-003   4.54654987224735     
  9.000000000000001E-003  0.314335710406350     
  1.000000000000000E-002  0.000000000000000E+000
  1.100000000000000E-002  0.000000000000000E+000
  1.200000000000000E-002  0.000000000000000E+000
  1.300000000000000E-002  0.000000000000000E+000
  1.400000000000000E-002  0.000000000000000E+000
  1.500000000000000E-002  0.000000000000000E+000
  1.600000000000000E-002  0.000000000000000E+000
  1.700000000000000E-002  0.000000000000000E+000
  1.800000000000000E-002  0.000000000000000E+000
  1.900000000000000E-002  0.000000000000000E+000
  2.000000000000000E-002  0.000000000000000E+000
  2.100000000000000E-002  0.000000000000000E+000
  2.200000000000000E-002  0.000000000000000E+000
  2.300000000000000E-002  0.000000000000000E+000
  2.400000000000000E-002  0.000000000000000E+000
  2.500000000000000E-002  0.000000000000000E+000
