 -2.500000000000000E-002  0.000000000000000E+000
 -2.400000000000000E-002  0.000000000000000E+000
 -2.300000000000000E-002  0.000000000000000E+000
 -2.200000000000000E-002  0.000000000000000E+000
 -2.100000000000000E-002  0.000000000000000E+000
 -2.000000000000000E-002  0.000000000000000E+000
 -1.900000000000000E-002  0.000000000000000E+000
 -1.800000000000000E-002  0.000000000000000E+000
 -1.700000000000000E-002  0.000000000000000E+000
 -1.600000000000000E-002  0.000000000000000E+000
 -1.500000000000000E-002  0.000000000000000E+000
 -1.400000000000000E-002  0.000000000000000E+000
 -1.300000000000000E-002  0.000000000000000E+000
 -1.200000000000000E-002  0.838314181742218     
 -1.100000000000000E-002   5.70707054252602     
 -1.000000000000000E-002   4.03437416866232     
 -9.000000000000001E-003   2.42635446469061     
 -8.000000000000000E-003   2.96237404135099     
 -6.999999999999999E-003   7.18965074702177     
 -6.000000000000002E-003   6.51330268477378     
 -5.000000000000001E-003   7.18972806690386     
 -4.000000000000000E-003   8.59201859079259     
 -3.000000000000003E-003   5.09290829389534     
 -2.000000000000002E-003   6.05041513302372     
 -1.000000000000001E-003   2.81767417405412     
  0.000000000000000E+000   2.70483352632319     
  1.000000000000001E-003   1.54872755985144     
  1.999999999999998E-003   3.12856013238416     
  2.999999999999999E-003   3.56648874611477     
  4.000000000000000E-003   5.14130375327344     
  4.999999999999998E-003   4.85857451729267     
  5.999999999999998E-003   7.50471495552779     
  6.999999999999999E-003   8.38840830142981     
  8.000000000000000E-003   11.0860376521598     
  9.000000000000001E-003   7.55270557915078     
  1.000000000000000E-002   2.38706855306625     
  1.100000000000000E-002  3.823163398854522E-002
  1.200000000000000E-002  0.000000000000000E+000
  1.300000000000000E-002  0.000000000000000E+000
  1.400000000000000E-002  0.000000000000000E+000
  1.500000000000000E-002  0.000000000000000E+000
  1.600000000000000E-002  0.000000000000000E+000
  1.700000000000000E-002  0.000000000000000E+000
  1.800000000000000E-002  0.000000000000000E+000
  1.900000000000000E-002  0.000000000000000E+000
  2.000000000000000E-002  0.000000000000000E+000
  2.100000000000000E-002  0.000000000000000E+000
  2.200000000000000E-002  0.000000000000000E+000
  2.300000000000000E-002  0.000000000000000E+000
  2.400000000000000E-002  0.000000000000000E+000
  2.500000000000000E-002  0.000000000000000E+000
