 -2.500000000000000E-002  0.000000000000000E+000
 -2.400000000000000E-002  0.000000000000000E+000
 -2.300000000000000E-002  0.000000000000000E+000
 -2.200000000000000E-002  0.000000000000000E+000
 -2.100000000000000E-002  0.000000000000000E+000
 -2.000000000000000E-002  0.000000000000000E+000
 -1.900000000000000E-002  0.000000000000000E+000
 -1.800000000000000E-002  0.000000000000000E+000
 -1.700000000000000E-002  0.000000000000000E+000
 -1.600000000000000E-002  0.000000000000000E+000
 -1.500000000000000E-002  0.000000000000000E+000
 -1.400000000000000E-002  0.000000000000000E+000
 -1.300000000000000E-002  0.000000000000000E+000
 -1.200000000000000E-002  0.000000000000000E+000
 -1.100000000000000E-002  5.790348155201647E-002
 -1.000000000000000E-002   2.56762148042013     
 -9.000000000000001E-003   6.55876977016495     
 -8.000000000000000E-003   5.95029339543906     
 -6.999999999999999E-003   6.34094321083940     
 -6.000000000000002E-003   7.58995109355730     
 -5.000000000000001E-003   10.2353167829630     
 -4.000000000000000E-003   12.5819604543742     
 -3.000000000000003E-003   20.9218319707608     
 -2.000000000000002E-003   14.1346291514336     
 -1.000000000000001E-003   8.85470163419448     
  0.000000000000000E+000   8.89660791983603     
  1.000000000000001E-003   11.9561531749051     
  1.999999999999998E-003   9.52712390131483     
  2.999999999999999E-003   5.57764224872062     
  4.000000000000000E-003   8.45307029149913     
  4.999999999999998E-003   17.9703347777550     
  5.999999999999998E-003   14.4250145254956     
  6.999999999999999E-003   6.35823271848393     
  8.000000000000000E-003   5.86660874195693     
  9.000000000000001E-003   5.69916124565274     
  1.000000000000000E-002   2.47641171626665     
  1.100000000000000E-002  0.113876312414479     
  1.200000000000000E-002  0.000000000000000E+000
  1.300000000000000E-002  0.000000000000000E+000
  1.400000000000000E-002  0.000000000000000E+000
  1.500000000000000E-002  0.000000000000000E+000
  1.600000000000000E-002  0.000000000000000E+000
  1.700000000000000E-002  0.000000000000000E+000
  1.800000000000000E-002  0.000000000000000E+000
  1.900000000000000E-002  0.000000000000000E+000
  2.000000000000000E-002  0.000000000000000E+000
  2.100000000000000E-002  0.000000000000000E+000
  2.200000000000000E-002  0.000000000000000E+000
  2.300000000000000E-002  0.000000000000000E+000
  2.400000000000000E-002  0.000000000000000E+000
  2.500000000000000E-002  0.000000000000000E+000
