 -2.500000000000000E-002  0.000000000000000E+000
 -2.400000000000000E-002  0.000000000000000E+000
 -2.300000000000000E-002  0.000000000000000E+000
 -2.200000000000000E-002  0.000000000000000E+000
 -2.100000000000000E-002  0.000000000000000E+000
 -2.000000000000000E-002  0.000000000000000E+000
 -1.900000000000000E-002  0.000000000000000E+000
 -1.800000000000000E-002  0.000000000000000E+000
 -1.700000000000000E-002  0.000000000000000E+000
 -1.600000000000000E-002  0.000000000000000E+000
 -1.500000000000000E-002  0.000000000000000E+000
 -1.400000000000000E-002  0.000000000000000E+000
 -1.300000000000000E-002  0.000000000000000E+000
 -1.200000000000000E-002  0.000000000000000E+000
 -1.100000000000000E-002  0.000000000000000E+000
 -1.000000000000000E-002  0.227947306199389     
 -9.000000000000001E-003   1.03168889532053     
 -8.000000000000000E-003  0.925241855278990     
 -6.999999999999999E-003   1.56988223907583     
 -6.000000000000002E-003  0.905229466662554     
 -5.000000000000001E-003   1.06412952792653     
 -4.000000000000000E-003   3.59309772322749     
 -3.000000000000003E-003   21.8501081126047     
 -2.000000000000002E-003   42.4498185202318     
 -1.000000000000001E-003   53.0355689135541     
  0.000000000000000E+000   39.6632545605073     
  1.000000000000001E-003   32.1673578158917     
  1.999999999999998E-003   30.7935997679134     
  2.999999999999999E-003   11.2528357787001     
  4.000000000000000E-003   2.32318113282308     
  4.999999999999998E-003   1.99160992321150     
  5.999999999999998E-003  0.302661131881920     
  6.999999999999999E-003  0.459195318174803     
  8.000000000000000E-003  0.643333259792823     
  9.000000000000001E-003  0.588439672036112     
  1.000000000000000E-002  0.406496236576630     
  1.100000000000000E-002  0.396087626144726     
  1.200000000000000E-002  0.572308844577355     
  1.300000000000000E-002  0.201176371686623     
  1.400000000000000E-002   1.10070405538889     
  1.500000000000000E-002   1.25548754136311     
  1.600000000000000E-002  0.431198531610238     
  1.700000000000000E-002  0.610637756040105     
  1.800000000000000E-002  0.145501517060855     
  1.900000000000000E-002  0.406995117468759     
  2.000000000000000E-002  0.501915481068039     
  2.100000000000000E-002  0.000000000000000E+000
  2.200000000000000E-002  0.000000000000000E+000
  2.300000000000000E-002  0.000000000000000E+000
  2.400000000000000E-002  0.000000000000000E+000
  2.500000000000000E-002  0.000000000000000E+000
