 -2.500000000000000E-002  0.000000000000000E+000
 -2.400000000000000E-002  0.000000000000000E+000
 -2.300000000000000E-002  0.000000000000000E+000
 -2.200000000000000E-002  0.000000000000000E+000
 -2.100000000000000E-002  0.000000000000000E+000
 -2.000000000000000E-002  0.000000000000000E+000
 -1.900000000000000E-002  0.000000000000000E+000
 -1.800000000000000E-002  0.000000000000000E+000
 -1.700000000000000E-002  0.211188985775122     
 -1.600000000000000E-002  0.784500215365020     
 -1.500000000000000E-002   1.20012995416549     
 -1.400000000000000E-002   1.39573762142619     
 -1.300000000000000E-002  0.876023815918754     
 -1.200000000000000E-002  0.382842807697126     
 -1.100000000000000E-002   1.38391556908538     
 -1.000000000000000E-002   1.61333479498898     
 -9.000000000000001E-003   1.40518138075562     
 -8.000000000000000E-003   2.42709914394231     
 -6.999999999999999E-003   4.40003632991438     
 -6.000000000000002E-003   13.2872281714127     
 -5.000000000000001E-003   12.3200496506286     
 -4.000000000000000E-003   13.1740767558206     
 -3.000000000000003E-003   11.8738355179630     
 -2.000000000000002E-003   12.0335637335142     
 -1.000000000000001E-003   11.5316266730588     
  0.000000000000000E+000   9.22755763127910     
  1.000000000000001E-003   6.83488346293310     
  1.999999999999998E-003   10.0971563378014     
  2.999999999999999E-003   10.2093262663529     
  4.000000000000000E-003   8.63026087891198     
  4.999999999999998E-003   12.1579422015984     
  5.999999999999998E-003   9.10609009474606     
  6.999999999999999E-003   4.09528323127272     
  8.000000000000000E-003   2.26791776277598     
  9.000000000000001E-003   2.56529173022216     
  1.000000000000000E-002  0.952019193388257     
  1.100000000000000E-002   2.46044182355543     
  1.200000000000000E-002   3.11774963007842     
  1.300000000000000E-002   2.82211463480646     
  1.400000000000000E-002   1.89233541852347     
  1.500000000000000E-002  0.792380398351615     
  1.600000000000000E-002  3.299818197021781E-002
  1.700000000000000E-002  0.000000000000000E+000
  1.800000000000000E-002  0.000000000000000E+000
  1.900000000000000E-002  0.000000000000000E+000
  2.000000000000000E-002  0.000000000000000E+000
  2.100000000000000E-002  0.000000000000000E+000
  2.200000000000000E-002  0.000000000000000E+000
  2.300000000000000E-002  0.000000000000000E+000
  2.400000000000000E-002  0.000000000000000E+000
  2.500000000000000E-002  0.000000000000000E+000
