 -2.500000000000000E-002  0.000000000000000E+000
 -2.400000000000000E-002  0.000000000000000E+000
 -2.300000000000000E-002  0.000000000000000E+000
 -2.200000000000000E-002  0.000000000000000E+000
 -2.100000000000000E-002  0.000000000000000E+000
 -2.000000000000000E-002  0.000000000000000E+000
 -1.900000000000000E-002  0.000000000000000E+000
 -1.800000000000000E-002  0.000000000000000E+000
 -1.700000000000000E-002  0.000000000000000E+000
 -1.600000000000000E-002  0.000000000000000E+000
 -1.500000000000000E-002  0.000000000000000E+000
 -1.400000000000000E-002  0.000000000000000E+000
 -1.300000000000000E-002  0.000000000000000E+000
 -1.200000000000000E-002  0.000000000000000E+000
 -1.100000000000000E-002  0.000000000000000E+000
 -1.000000000000000E-002  0.202321364748519     
 -9.000000000000001E-003  0.963238080929296     
 -8.000000000000000E-003   1.08186727294584     
 -6.999999999999999E-003   1.61758110958226     
 -6.000000000000002E-003  0.851762688160315     
 -5.000000000000001E-003   1.53324690884928     
 -4.000000000000000E-003   7.73905161734532     
 -3.000000000000003E-003   14.2266996211827     
 -2.000000000000002E-003   19.3243121570265     
 -1.000000000000001E-003   22.0012704228896     
  0.000000000000000E+000   17.5423851201539     
  1.000000000000001E-003   17.3760120149514     
  1.999999999999998E-003   14.2122968015210     
  2.999999999999999E-003   3.11068171608620     
  4.000000000000000E-003   2.22824660222358     
  4.999999999999998E-003   1.30878507568016     
  5.999999999999998E-003  0.103614932315360     
  6.999999999999999E-003  0.492736200492632     
  8.000000000000000E-003  0.683770822168533     
  9.000000000000001E-003  0.491253276400978     
  1.000000000000000E-002  0.352741305071913     
  1.100000000000000E-002  0.570150497213295     
  1.200000000000000E-002  0.547832711308193     
  1.300000000000000E-002  0.271929335755723     
  1.400000000000000E-002   1.57809246592533     
  1.500000000000000E-002  0.657569879072071     
  1.600000000000000E-002  0.275735887428879     
  1.700000000000000E-002  0.579934112571122     
  1.800000000000000E-002  0.281010176136123     
  1.900000000000000E-002  0.678022225362643     
  2.000000000000000E-002  0.285567598501230     
  2.100000000000000E-002  0.000000000000000E+000
  2.200000000000000E-002  0.000000000000000E+000
  2.300000000000000E-002  0.000000000000000E+000
  2.400000000000000E-002  0.000000000000000E+000
  2.500000000000000E-002  0.000000000000000E+000
