 -2.500000000000000E-002  0.000000000000000E+000
 -2.400000000000000E-002  0.000000000000000E+000
 -2.300000000000000E-002  0.000000000000000E+000
 -2.200000000000000E-002  0.000000000000000E+000
 -2.100000000000000E-002  0.000000000000000E+000
 -2.000000000000000E-002  0.000000000000000E+000
 -1.900000000000000E-002  0.000000000000000E+000
 -1.800000000000000E-002  0.000000000000000E+000
 -1.700000000000000E-002  0.000000000000000E+000
 -1.600000000000000E-002  0.000000000000000E+000
 -1.500000000000000E-002  0.000000000000000E+000
 -1.400000000000000E-002  0.000000000000000E+000
 -1.300000000000000E-002  0.000000000000000E+000
 -1.200000000000000E-002  0.000000000000000E+000
 -1.100000000000000E-002  0.124181388574954     
 -1.000000000000000E-002   1.27561681691736     
 -9.000000000000001E-003   2.69605202474871     
 -8.000000000000000E-003   1.63808472427462     
 -6.999999999999999E-003   2.14553175042160     
 -6.000000000000002E-003   3.00451177052973     
 -5.000000000000001E-003   2.80401989105383     
 -4.000000000000000E-003   4.19475480883323     
 -3.000000000000003E-003   13.1441449655303     
 -2.000000000000002E-003   17.6553735013971     
 -1.000000000000001E-003   20.9341173860318     
  0.000000000000000E+000   14.0675330348036     
  1.000000000000001E-003   11.6753350056020     
  1.999999999999998E-003   15.0214000910488     
  2.999999999999999E-003   5.57196204060594     
  4.000000000000000E-003   1.26687550844222     
  4.999999999999998E-003  0.882271467532875     
  5.999999999999998E-003  0.415372359067828     
  6.999999999999999E-003   1.00319799157944     
  8.000000000000000E-003   1.00593901078994     
  9.000000000000001E-003  0.611551943604846     
  1.000000000000000E-002  0.879449166658632     
  1.100000000000000E-002  0.597798775552774     
  1.200000000000000E-002  2.416457639781192E-002
  1.300000000000000E-002  0.263048936775157     
  1.400000000000000E-002  0.706800681210085     
  1.500000000000000E-002   1.44086356288077     
  1.600000000000000E-002  0.410713345675465     
  1.700000000000000E-002  0.447463473458531     
  1.800000000000000E-002  0.760446814695591     
  1.900000000000000E-002  0.367483185304402     
  2.000000000000000E-002  0.898819455964654     
  2.100000000000000E-002  0.462927748110263     
  2.200000000000000E-002  0.155132795925084     
  2.300000000000000E-002  0.000000000000000E+000
  2.400000000000000E-002  0.000000000000000E+000
  2.500000000000000E-002  0.000000000000000E+000
