 -2.500000000000000E-002  0.000000000000000E+000
 -2.400000000000000E-002  0.000000000000000E+000
 -2.300000000000000E-002  0.000000000000000E+000
 -2.200000000000000E-002  0.000000000000000E+000
 -2.100000000000000E-002  0.000000000000000E+000
 -2.000000000000000E-002  0.000000000000000E+000
 -1.900000000000000E-002  0.000000000000000E+000
 -1.800000000000000E-002  0.000000000000000E+000
 -1.700000000000000E-002  0.300810527323961     
 -1.600000000000000E-002   2.04040753235360     
 -1.500000000000000E-002   2.18791502135571     
 -1.400000000000000E-002   1.43241888720855     
 -1.300000000000000E-002   1.59525165306108     
 -1.200000000000000E-002   2.27735525047506     
 -1.100000000000000E-002   4.76858619330244     
 -1.000000000000000E-002   4.47374201710688     
 -9.000000000000001E-003   4.81531287464548     
 -8.000000000000000E-003   3.67686757013199     
 -6.999999999999999E-003   7.76833134610080     
 -6.000000000000002E-003   16.3701792768107     
 -5.000000000000001E-003   14.8521280327728     
 -4.000000000000000E-003   14.1190172099386     
 -3.000000000000003E-003   11.7141240868641     
 -2.000000000000002E-003   8.69233973432579     
 -1.000000000000001E-003   8.88771236198197     
  0.000000000000000E+000   6.88632000807597     
  1.000000000000001E-003   5.05823219023944     
  1.999999999999998E-003   7.54632213543701     
  2.999999999999999E-003   7.20692657911480     
  4.000000000000000E-003   4.69379366395725     
  4.999999999999998E-003   5.49371461271689     
  5.999999999999998E-003   5.09209229993375     
  6.999999999999999E-003   5.06033604963000     
  8.000000000000000E-003   6.78862465062943     
  9.000000000000001E-003   5.94578517800524     
  1.000000000000000E-002   3.71958520463993     
  1.100000000000000E-002   5.32558867125061     
  1.200000000000000E-002   5.87090652234448     
  1.300000000000000E-002   7.24002519725719     
  1.400000000000000E-002   5.48685827221654     
  1.500000000000000E-002   2.49794293129659     
  1.600000000000000E-002  0.958796257495388     
  1.700000000000000E-002  0.000000000000000E+000
  1.800000000000000E-002  0.000000000000000E+000
  1.900000000000000E-002  0.000000000000000E+000
  2.000000000000000E-002  0.000000000000000E+000
  2.100000000000000E-002  0.000000000000000E+000
  2.200000000000000E-002  0.000000000000000E+000
  2.300000000000000E-002  0.000000000000000E+000
  2.400000000000000E-002  0.000000000000000E+000
  2.500000000000000E-002  0.000000000000000E+000
