 -2.500000000000000E-002  0.000000000000000E+000
 -2.400000000000000E-002  0.000000000000000E+000
 -2.300000000000000E-002  0.000000000000000E+000
 -2.200000000000000E-002  0.000000000000000E+000
 -2.100000000000000E-002  0.000000000000000E+000
 -2.000000000000000E-002  0.000000000000000E+000
 -1.900000000000000E-002  0.000000000000000E+000
 -1.800000000000000E-002  0.000000000000000E+000
 -1.700000000000000E-002  0.000000000000000E+000
 -1.600000000000000E-002  0.000000000000000E+000
 -1.500000000000000E-002  0.000000000000000E+000
 -1.400000000000000E-002  0.000000000000000E+000
 -1.300000000000000E-002  0.000000000000000E+000
 -1.200000000000000E-002  0.000000000000000E+000
 -1.100000000000000E-002  0.000000000000000E+000
 -1.000000000000000E-002  0.000000000000000E+000
 -9.000000000000001E-003  0.130936160362006     
 -8.000000000000000E-003   5.19543188220120     
 -6.999999999999999E-003   17.2155702731324     
 -6.000000000000002E-003   18.1740283335271     
 -5.000000000000001E-003   13.6793466000203     
 -4.000000000000000E-003   12.4479133418157     
 -3.000000000000003E-003   15.3048995407435     
 -2.000000000000002E-003   16.3476047429091     
 -1.000000000000001E-003   16.7036654191386     
  0.000000000000000E+000   15.6975042537223     
  1.000000000000001E-003   8.82303663877710     
  1.999999999999998E-003   11.5901109430544     
  2.999999999999999E-003   13.4182708050980     
  4.000000000000000E-003   12.9813354363180     
  4.999999999999998E-003   4.05166057746016     
  5.999999999999998E-003   5.89493737958455     
  6.999999999999999E-003   2.35613375342644     
  8.000000000000000E-003   6.28098505226474     
  9.000000000000001E-003   3.77194658138788     
  1.000000000000000E-002   4.37683505953551     
  1.100000000000000E-002   12.0094065217454     
  1.200000000000000E-002   2.55385070377540     
  1.300000000000000E-002  0.000000000000000E+000
  1.400000000000000E-002  0.000000000000000E+000
  1.500000000000000E-002  0.000000000000000E+000
  1.600000000000000E-002  0.000000000000000E+000
  1.700000000000000E-002  0.000000000000000E+000
  1.800000000000000E-002  0.000000000000000E+000
  1.900000000000000E-002  0.000000000000000E+000
  2.000000000000000E-002  0.000000000000000E+000
  2.100000000000000E-002  0.000000000000000E+000
  2.200000000000000E-002  0.000000000000000E+000
  2.300000000000000E-002  0.000000000000000E+000
  2.400000000000000E-002  0.000000000000000E+000
  2.500000000000000E-002  0.000000000000000E+000
