 -2.500000000000000E-002  0.000000000000000E+000
 -2.400000000000000E-002  0.000000000000000E+000
 -2.300000000000000E-002  0.000000000000000E+000
 -2.200000000000000E-002  0.000000000000000E+000
 -2.100000000000000E-002  0.000000000000000E+000
 -2.000000000000000E-002  0.000000000000000E+000
 -1.900000000000000E-002  0.000000000000000E+000
 -1.800000000000000E-002  0.346377315650251     
 -1.700000000000000E-002   1.32930774895682     
 -1.600000000000000E-002  9.080493539292635E-002
 -1.500000000000000E-002   1.06072224770863     
 -1.400000000000000E-002   1.48452762982483     
 -1.300000000000000E-002   1.06722480855676     
 -1.200000000000000E-002  0.234545313909787     
 -1.100000000000000E-002  0.225772164886292     
 -1.000000000000000E-002  0.383406063637013     
 -9.000000000000001E-003   1.12030759210384     
 -8.000000000000000E-003  0.800703132169315     
 -6.999999999999999E-003  0.453176070506851     
 -6.000000000000002E-003   1.05086895144179     
 -5.000000000000001E-003   4.23162732642516     
 -4.000000000000000E-003   11.8598518461358     
 -3.000000000000003E-003   16.5366657143951     
 -2.000000000000002E-003   18.2447704057880     
 -1.000000000000001E-003   17.2654400670676     
  0.000000000000000E+000   16.0771307639083     
  1.000000000000001E-003   11.8264518963464     
  1.999999999999998E-003   7.38912083306445     
  2.999999999999999E-003   3.45514191835061     
  4.000000000000000E-003   3.46787156783619     
  4.999999999999998E-003   3.13798088656923     
  5.999999999999998E-003   2.45751601031151     
  6.999999999999999E-003   2.08302539934534     
  8.000000000000000E-003   3.62154786908457     
  9.000000000000001E-003   3.00513359522203     
  1.000000000000000E-002   2.66262701724588     
  1.100000000000000E-002   6.23186241995233     
  1.200000000000000E-002   2.87513098715660     
  1.300000000000000E-002  0.275659501049747     
  1.400000000000000E-002  0.000000000000000E+000
  1.500000000000000E-002  0.000000000000000E+000
  1.600000000000000E-002  0.000000000000000E+000
  1.700000000000000E-002  0.000000000000000E+000
  1.800000000000000E-002  0.000000000000000E+000
  1.900000000000000E-002  0.000000000000000E+000
  2.000000000000000E-002  0.000000000000000E+000
  2.100000000000000E-002  0.000000000000000E+000
  2.200000000000000E-002  0.000000000000000E+000
  2.300000000000000E-002  0.000000000000000E+000
  2.400000000000000E-002  0.000000000000000E+000
  2.500000000000000E-002  0.000000000000000E+000
