 -2.500000000000000E-002  0.000000000000000E+000
 -2.400000000000000E-002  0.000000000000000E+000
 -2.300000000000000E-002  0.000000000000000E+000
 -2.200000000000000E-002  0.000000000000000E+000
 -2.100000000000000E-002  0.000000000000000E+000
 -2.000000000000000E-002  0.000000000000000E+000
 -1.900000000000000E-002  0.000000000000000E+000
 -1.800000000000000E-002  0.000000000000000E+000
 -1.700000000000000E-002  0.000000000000000E+000
 -1.600000000000000E-002  0.000000000000000E+000
 -1.500000000000000E-002  0.000000000000000E+000
 -1.400000000000000E-002  0.000000000000000E+000
 -1.300000000000000E-002  0.000000000000000E+000
 -1.200000000000000E-002  0.000000000000000E+000
 -1.100000000000000E-002  0.000000000000000E+000
 -1.000000000000000E-002   2.11373553137132     
 -9.000000000000001E-003   6.72432189337972     
 -8.000000000000000E-003   10.5542130690196     
 -6.999999999999999E-003   7.52926109600041     
 -6.000000000000002E-003   4.74630066825827     
 -5.000000000000001E-003   4.08886319366766     
 -4.000000000000000E-003   6.86736295546484     
 -3.000000000000003E-003   9.84441719608959     
 -2.000000000000002E-003   10.3498278682452     
 -1.000000000000001E-003   10.9611210949866     
  0.000000000000000E+000   11.2921582106748     
  1.000000000000001E-003   11.0496577742367     
  1.999999999999998E-003   4.00327492762684     
  2.999999999999999E-003   3.34192618658454     
  4.000000000000000E-003   2.49320605506388     
  4.999999999999998E-003   2.33894643962078     
  5.999999999999998E-003   4.29142347026464     
  6.999999999999999E-003   4.75832455604075     
  8.000000000000000E-003   4.22504802315414     
  9.000000000000001E-003   7.10992168384387     
  1.000000000000000E-002   5.01841049389060     
  1.100000000000000E-002   4.11420764533402     
  1.200000000000000E-002   1.47536716577770     
  1.300000000000000E-002   1.11184138406541     
  1.400000000000000E-002  0.895823521808168     
  1.500000000000000E-002  0.488292704558810     
  1.600000000000000E-002  4.428519097106292E-002
  1.700000000000000E-002  0.000000000000000E+000
  1.800000000000000E-002  0.000000000000000E+000
  1.900000000000000E-002  0.000000000000000E+000
  2.000000000000000E-002  0.000000000000000E+000
  2.100000000000000E-002  0.000000000000000E+000
  2.200000000000000E-002  0.000000000000000E+000
  2.300000000000000E-002  0.000000000000000E+000
  2.400000000000000E-002  0.000000000000000E+000
  2.500000000000000E-002  0.000000000000000E+000
