 -2.500000000000000E-002  0.000000000000000E+000
 -2.400000000000000E-002  0.000000000000000E+000
 -2.300000000000000E-002  0.000000000000000E+000
 -2.200000000000000E-002  0.000000000000000E+000
 -2.100000000000000E-002  0.000000000000000E+000
 -2.000000000000000E-002  0.000000000000000E+000
 -1.900000000000000E-002  0.000000000000000E+000
 -1.800000000000000E-002  0.000000000000000E+000
 -1.700000000000000E-002  0.000000000000000E+000
 -1.600000000000000E-002  0.000000000000000E+000
 -1.500000000000000E-002  0.000000000000000E+000
 -1.400000000000000E-002  0.000000000000000E+000
 -1.300000000000000E-002  0.000000000000000E+000
 -1.200000000000000E-002  0.000000000000000E+000
 -1.100000000000000E-002  0.000000000000000E+000
 -1.000000000000000E-002  0.393529938560010     
 -9.000000000000001E-003   2.78362781816252     
 -8.000000000000000E-003   4.36051285674396     
 -6.999999999999999E-003   5.53807176759739     
 -6.000000000000002E-003   7.77862514674807     
 -5.000000000000001E-003   9.07037245541652     
 -4.000000000000000E-003   7.85767133953421     
 -3.000000000000003E-003   7.35246762843781     
 -2.000000000000002E-003   10.1028444538878     
 -1.000000000000001E-003   9.57383032790035     
  0.000000000000000E+000   7.82234909799641     
  1.000000000000001E-003   6.67323531299651     
  1.999999999999998E-003   5.30603162034326     
  2.999999999999999E-003   4.39201792158861     
  4.000000000000000E-003  0.836393242218605     
  4.999999999999998E-003   3.23592505279087     
  5.999999999999998E-003   1.39992681745014     
  6.999999999999999E-003   1.79932735482720     
  8.000000000000000E-003   3.84763789956431     
  9.000000000000001E-003   3.51029954906254     
  1.000000000000000E-002   5.36103758737715     
  1.100000000000000E-002   4.17570896074096     
  1.200000000000000E-002   3.10584861270717     
  1.300000000000000E-002  0.497597237347629     
  1.400000000000000E-002  0.000000000000000E+000
  1.500000000000000E-002  0.000000000000000E+000
  1.600000000000000E-002  0.000000000000000E+000
  1.700000000000000E-002  0.000000000000000E+000
  1.800000000000000E-002  0.000000000000000E+000
  1.900000000000000E-002  0.000000000000000E+000
  2.000000000000000E-002  0.000000000000000E+000
  2.100000000000000E-002  0.000000000000000E+000
  2.200000000000000E-002  0.000000000000000E+000
  2.300000000000000E-002  0.000000000000000E+000
  2.400000000000000E-002  0.000000000000000E+000
  2.500000000000000E-002  0.000000000000000E+000
