 -2.500000000000000E-002  0.000000000000000E+000
 -2.400000000000000E-002  0.000000000000000E+000
 -2.300000000000000E-002  0.000000000000000E+000
 -2.200000000000000E-002  0.000000000000000E+000
 -2.100000000000000E-002  0.000000000000000E+000
 -2.000000000000000E-002  0.000000000000000E+000
 -1.900000000000000E-002  0.000000000000000E+000
 -1.800000000000000E-002  0.000000000000000E+000
 -1.700000000000000E-002  0.000000000000000E+000
 -1.600000000000000E-002  0.286294685244203     
 -1.500000000000000E-002   1.04725964028078     
 -1.400000000000000E-002   1.66169092685712     
 -1.300000000000000E-002  0.310038006560751     
 -1.200000000000000E-002  0.767607175433175     
 -1.100000000000000E-002  0.945612657153381     
 -1.000000000000000E-002  0.919040758330030     
 -9.000000000000001E-003   1.16359219544522     
 -8.000000000000000E-003  0.956433309080600     
 -6.999999999999999E-003  0.533936073283430     
 -6.000000000000002E-003  0.891804900277915     
 -5.000000000000001E-003   3.62728217586222     
 -4.000000000000000E-003   13.7350202355021     
 -3.000000000000003E-003   23.1268273781018     
 -2.000000000000002E-003   22.7515527196020     
 -1.000000000000001E-003   12.3853841271280     
  0.000000000000000E+000   10.3726039183249     
  1.000000000000001E-003   10.5165639248029     
  1.999999999999998E-003   3.51574242038514     
  2.999999999999999E-003   2.92996941723368     
  4.000000000000000E-003   2.08114959636670     
  4.999999999999998E-003   2.02602950500051     
  5.999999999999998E-003   2.85459095361349     
  6.999999999999999E-003  0.860542552726458     
  8.000000000000000E-003   2.37554577794590     
  9.000000000000001E-003   2.68080941543635     
  1.000000000000000E-002   3.56977116885855     
  1.100000000000000E-002   2.86640017984537     
  1.200000000000000E-002   3.47797420266965     
  1.300000000000000E-002   4.71674662834461     
  1.400000000000000E-002   1.32510579027518     
  1.500000000000000E-002  9.725758402786146E-002
  1.600000000000000E-002  0.000000000000000E+000
  1.700000000000000E-002  0.000000000000000E+000
  1.800000000000000E-002  0.000000000000000E+000
  1.900000000000000E-002  0.000000000000000E+000
  2.000000000000000E-002  0.000000000000000E+000
  2.100000000000000E-002  0.000000000000000E+000
  2.200000000000000E-002  0.000000000000000E+000
  2.300000000000000E-002  0.000000000000000E+000
  2.400000000000000E-002  0.000000000000000E+000
  2.500000000000000E-002  0.000000000000000E+000
