 -2.500000000000000E-002  0.000000000000000E+000
 -2.400000000000000E-002  0.000000000000000E+000
 -2.300000000000000E-002  0.000000000000000E+000
 -2.200000000000000E-002  0.000000000000000E+000
 -2.100000000000000E-002  0.000000000000000E+000
 -2.000000000000000E-002  0.000000000000000E+000
 -1.900000000000000E-002  0.000000000000000E+000
 -1.800000000000000E-002  0.000000000000000E+000
 -1.700000000000000E-002  0.000000000000000E+000
 -1.600000000000000E-002  0.000000000000000E+000
 -1.500000000000000E-002  0.000000000000000E+000
 -1.400000000000000E-002  0.000000000000000E+000
 -1.300000000000000E-002  0.000000000000000E+000
 -1.200000000000000E-002  0.000000000000000E+000
 -1.100000000000000E-002  0.000000000000000E+000
 -1.000000000000000E-002  0.000000000000000E+000
 -9.000000000000001E-003  0.148545586400038     
 -8.000000000000000E-003   3.10385706807584     
 -6.999999999999999E-003   3.91531692725450     
 -6.000000000000002E-003   10.4924434128762     
 -5.000000000000001E-003   10.3854046949308     
 -4.000000000000000E-003   9.61597350910727     
 -3.000000000000003E-003   8.24196174167579     
 -2.000000000000002E-003   15.6674171467482     
 -1.000000000000001E-003   8.39293237163907     
  0.000000000000000E+000   7.01768850688365     
  1.000000000000001E-003   4.74437137500944     
  1.999999999999998E-003   6.79468331998979     
  2.999999999999999E-003   4.10685156830441     
  4.000000000000000E-003   6.28197196554683     
  4.999999999999998E-003   7.15157657126896     
  5.999999999999998E-003   3.14995941433220     
  6.999999999999999E-003   1.50626147251923     
  8.000000000000000E-003   6.18773667954894     
  9.000000000000001E-003   7.31196011878367     
  1.000000000000000E-002   2.93213063892926     
  1.100000000000000E-002  0.669085910176038     
  1.200000000000000E-002  0.000000000000000E+000
  1.300000000000000E-002  0.000000000000000E+000
  1.400000000000000E-002  0.000000000000000E+000
  1.500000000000000E-002  0.000000000000000E+000
  1.600000000000000E-002  0.000000000000000E+000
  1.700000000000000E-002  0.000000000000000E+000
  1.800000000000000E-002  0.000000000000000E+000
  1.900000000000000E-002  0.000000000000000E+000
  2.000000000000000E-002  0.000000000000000E+000
  2.100000000000000E-002  0.000000000000000E+000
  2.200000000000000E-002  0.000000000000000E+000
  2.300000000000000E-002  0.000000000000000E+000
  2.400000000000000E-002  0.000000000000000E+000
  2.500000000000000E-002  0.000000000000000E+000
