 -2.500000000000000E-002  0.000000000000000E+000
 -2.400000000000000E-002  0.000000000000000E+000
 -2.300000000000000E-002  0.000000000000000E+000
 -2.200000000000000E-002  0.000000000000000E+000
 -2.100000000000000E-002  0.000000000000000E+000
 -2.000000000000000E-002  0.000000000000000E+000
 -1.900000000000000E-002  0.000000000000000E+000
 -1.800000000000000E-002  0.000000000000000E+000
 -1.700000000000000E-002  0.000000000000000E+000
 -1.600000000000000E-002  0.000000000000000E+000
 -1.500000000000000E-002  0.000000000000000E+000
 -1.400000000000000E-002  0.000000000000000E+000
 -1.300000000000000E-002  0.000000000000000E+000
 -1.200000000000000E-002  0.000000000000000E+000
 -1.100000000000000E-002  0.000000000000000E+000
 -1.000000000000000E-002  0.000000000000000E+000
 -9.000000000000001E-003  0.000000000000000E+000
 -8.000000000000000E-003  0.000000000000000E+000
 -6.999999999999999E-003  0.000000000000000E+000
 -6.000000000000002E-003  0.000000000000000E+000
 -5.000000000000001E-003   3.59638045328682     
 -4.000000000000000E-003   13.9711472837681     
 -3.000000000000003E-003   29.5852198854976     
 -2.000000000000002E-003   27.4675306371645     
 -1.000000000000001E-003   24.8247562248732     
  0.000000000000000E+000   23.3896903229688     
  1.000000000000001E-003   18.1126611009744     
  1.999999999999998E-003   12.3141903265448     
  2.999999999999999E-003   3.73406767202872     
  4.000000000000000E-003   2.90589848963310     
  4.999999999999998E-003   3.69045365816067     
  5.999999999999998E-003   3.32394192471062     
  6.999999999999999E-003   4.93980359012931     
  8.000000000000000E-003   1.15096692512016     
  9.000000000000001E-003   1.68165568456309     
  1.000000000000000E-002   2.69685461872439     
  1.100000000000000E-002   2.55318119673912     
  1.200000000000000E-002   1.35819361996563     
  1.300000000000000E-002  0.401426385146856     
  1.400000000000000E-002  0.000000000000000E+000
  1.500000000000000E-002  0.000000000000000E+000
  1.600000000000000E-002  0.000000000000000E+000
  1.700000000000000E-002  0.000000000000000E+000
  1.800000000000000E-002  0.000000000000000E+000
  1.900000000000000E-002  0.000000000000000E+000
  2.000000000000000E-002  0.000000000000000E+000
  2.100000000000000E-002  0.000000000000000E+000
  2.200000000000000E-002  0.000000000000000E+000
  2.300000000000000E-002  0.000000000000000E+000
  2.400000000000000E-002  0.000000000000000E+000
  2.500000000000000E-002  0.000000000000000E+000
