 -2.500000000000000E-002  0.000000000000000E+000
 -2.400000000000000E-002  0.000000000000000E+000
 -2.300000000000000E-002  0.000000000000000E+000
 -2.200000000000000E-002  0.000000000000000E+000
 -2.100000000000000E-002  0.000000000000000E+000
 -2.000000000000000E-002  0.000000000000000E+000
 -1.900000000000000E-002  0.000000000000000E+000
 -1.800000000000000E-002  0.000000000000000E+000
 -1.700000000000000E-002  0.000000000000000E+000
 -1.600000000000000E-002  0.000000000000000E+000
 -1.500000000000000E-002  0.000000000000000E+000
 -1.400000000000000E-002  0.000000000000000E+000
 -1.300000000000000E-002  0.000000000000000E+000
 -1.200000000000000E-002  0.000000000000000E+000
 -1.100000000000000E-002  0.124930958091644     
 -1.000000000000000E-002   3.87716563566156     
 -9.000000000000001E-003   4.58855736450517     
 -8.000000000000000E-003   3.88818854201726     
 -6.999999999999999E-003   8.62767044658319     
 -6.000000000000002E-003   13.9330020757835     
 -5.000000000000001E-003   12.5826347437643     
 -4.000000000000000E-003   8.16621081413805     
 -3.000000000000003E-003   8.20048437214743     
 -2.000000000000002E-003   10.6625219330562     
 -1.000000000000001E-003   5.40323963378739     
  0.000000000000000E+000   7.39107279884439     
  1.000000000000001E-003   7.69321441296468     
  1.999999999999998E-003   10.2109238162069     
  2.999999999999999E-003   6.15133577236184     
  4.000000000000000E-003   10.0460616629214     
  4.999999999999998E-003   10.8829769104759     
  5.999999999999998E-003   9.22943852223399     
  6.999999999999999E-003   2.87876293994324     
  8.000000000000000E-003   4.10086499841423     
  9.000000000000001E-003   3.98467980760454     
  1.000000000000000E-002   4.47985930036267     
  1.100000000000000E-002   4.13880486881597     
  1.200000000000000E-002   2.17455020429553     
  1.300000000000000E-002  0.106797465019107     
  1.400000000000000E-002  0.000000000000000E+000
  1.500000000000000E-002  0.000000000000000E+000
  1.600000000000000E-002  0.000000000000000E+000
  1.700000000000000E-002  0.000000000000000E+000
  1.800000000000000E-002  0.000000000000000E+000
  1.900000000000000E-002  0.000000000000000E+000
  2.000000000000000E-002  0.000000000000000E+000
  2.100000000000000E-002  0.000000000000000E+000
  2.200000000000000E-002  0.000000000000000E+000
  2.300000000000000E-002  0.000000000000000E+000
  2.400000000000000E-002  0.000000000000000E+000
  2.500000000000000E-002  0.000000000000000E+000
