 -2.500000000000000E-002  0.000000000000000E+000
 -2.400000000000000E-002  0.000000000000000E+000
 -2.300000000000000E-002  0.000000000000000E+000
 -2.200000000000000E-002  0.000000000000000E+000
 -2.100000000000000E-002  0.000000000000000E+000
 -2.000000000000000E-002  0.000000000000000E+000
 -1.900000000000000E-002  0.000000000000000E+000
 -1.800000000000000E-002  0.000000000000000E+000
 -1.700000000000000E-002  0.000000000000000E+000
 -1.600000000000000E-002  0.000000000000000E+000
 -1.500000000000000E-002  0.000000000000000E+000
 -1.400000000000000E-002  0.000000000000000E+000
 -1.300000000000000E-002  0.000000000000000E+000
 -1.200000000000000E-002  0.000000000000000E+000
 -1.100000000000000E-002  0.526413314760609     
 -1.000000000000000E-002   2.08221052179444     
 -9.000000000000001E-003  0.677367343037906     
 -8.000000000000000E-003   1.70341566154864     
 -6.999999999999999E-003  0.790587935562846     
 -6.000000000000002E-003   2.39922640294973     
 -5.000000000000001E-003   9.29944057306595     
 -4.000000000000000E-003   13.5990783833628     
 -3.000000000000003E-003   15.5536357702821     
 -2.000000000000002E-003   20.5618887839826     
 -1.000000000000001E-003   13.2084595374993     
  0.000000000000000E+000   10.0255410759863     
  1.000000000000001E-003   2.92653564780285     
  1.999999999999998E-003   2.30276347199448     
  2.999999999999999E-003   4.19099789210296     
  4.000000000000000E-003   1.97863519345156     
  4.999999999999998E-003   1.39387359770126     
  5.999999999999998E-003   1.36501374383873     
  6.999999999999999E-003   1.66663701816422     
  8.000000000000000E-003  0.945484864636577     
  9.000000000000001E-003   1.82233034789765     
  1.000000000000000E-002   2.98970417175393     
  1.100000000000000E-002  0.992744756472181     
  1.200000000000000E-002   2.48650167529480     
  1.300000000000000E-002   3.23548623510144     
  1.400000000000000E-002   1.84991096815761     
  1.500000000000000E-002  0.140701049117070     
  1.600000000000000E-002  0.919927311816380     
  1.700000000000000E-002  0.779777412158047     
  1.800000000000000E-002  0.477426831478789     
  1.900000000000000E-002  0.215168184389536     
  2.000000000000000E-002  0.262954322836668     
  2.100000000000000E-002  0.000000000000000E+000
  2.200000000000000E-002  0.000000000000000E+000
  2.300000000000000E-002  0.000000000000000E+000
  2.400000000000000E-002  0.000000000000000E+000
  2.500000000000000E-002  0.000000000000000E+000
