 -2.500000000000000E-002  0.000000000000000E+000
 -2.400000000000000E-002  0.000000000000000E+000
 -2.300000000000000E-002  0.000000000000000E+000
 -2.200000000000000E-002  0.000000000000000E+000
 -2.100000000000000E-002  0.000000000000000E+000
 -2.000000000000000E-002  0.000000000000000E+000
 -1.900000000000000E-002  0.000000000000000E+000
 -1.800000000000000E-002  0.000000000000000E+000
 -1.700000000000000E-002  0.000000000000000E+000
 -1.600000000000000E-002  0.000000000000000E+000
 -1.500000000000000E-002  0.000000000000000E+000
 -1.400000000000000E-002  0.000000000000000E+000
 -1.300000000000000E-002  0.000000000000000E+000
 -1.200000000000000E-002  0.000000000000000E+000
 -1.100000000000000E-002  0.000000000000000E+000
 -1.000000000000000E-002  0.728728536610834     
 -9.000000000000001E-003   3.88117132308033     
 -8.000000000000000E-003   4.61131874564988     
 -6.999999999999999E-003   5.05955100548709     
 -6.000000000000002E-003   5.99765053087695     
 -5.000000000000001E-003   4.66018997614433     
 -4.000000000000000E-003   4.77348246754604     
 -3.000000000000003E-003   6.55740995117210     
 -2.000000000000002E-003   7.12777970879043     
 -1.000000000000001E-003   4.82794207926678     
  0.000000000000000E+000   9.80644458439234     
  1.000000000000001E-003   11.7673139257128     
  1.999999999999998E-003   9.88536554641537     
  2.999999999999999E-003   13.9714456981266     
  4.000000000000000E-003   22.5254084543768     
  4.999999999999998E-003   9.27013041088656     
  5.999999999999998E-003   3.99854705546481     
  6.999999999999999E-003  0.000000000000000E+000
  8.000000000000000E-003  0.000000000000000E+000
  9.000000000000001E-003  0.000000000000000E+000
  1.000000000000000E-002  0.000000000000000E+000
  1.100000000000000E-002  0.000000000000000E+000
  1.200000000000000E-002  0.000000000000000E+000
  1.300000000000000E-002  0.000000000000000E+000
  1.400000000000000E-002  0.000000000000000E+000
  1.500000000000000E-002  0.000000000000000E+000
  1.600000000000000E-002  0.000000000000000E+000
  1.700000000000000E-002  0.000000000000000E+000
  1.800000000000000E-002  0.000000000000000E+000
  1.900000000000000E-002  0.000000000000000E+000
  2.000000000000000E-002  0.000000000000000E+000
  2.100000000000000E-002  0.000000000000000E+000
  2.200000000000000E-002  0.000000000000000E+000
  2.300000000000000E-002  0.000000000000000E+000
  2.400000000000000E-002  0.000000000000000E+000
  2.500000000000000E-002  0.000000000000000E+000
