 -2.500000000000000E-002  0.000000000000000E+000
 -2.400000000000000E-002  0.000000000000000E+000
 -2.300000000000000E-002  0.000000000000000E+000
 -2.200000000000000E-002  0.000000000000000E+000
 -2.100000000000000E-002  0.000000000000000E+000
 -2.000000000000000E-002  0.000000000000000E+000
 -1.900000000000000E-002  0.000000000000000E+000
 -1.800000000000000E-002  0.000000000000000E+000
 -1.700000000000000E-002  0.000000000000000E+000
 -1.600000000000000E-002  0.000000000000000E+000
 -1.500000000000000E-002  0.000000000000000E+000
 -1.400000000000000E-002  0.000000000000000E+000
 -1.300000000000000E-002  0.000000000000000E+000
 -1.200000000000000E-002  0.000000000000000E+000
 -1.100000000000000E-002  0.472804331450674     
 -1.000000000000000E-002   3.95556743614890     
 -9.000000000000001E-003   6.72334639526365     
 -8.000000000000000E-003   5.80629500659199     
 -6.999999999999999E-003   4.26109394995501     
 -6.000000000000002E-003   4.55502120830776     
 -5.000000000000001E-003   3.61489520472315     
 -4.000000000000000E-003   2.26180011821673     
 -3.000000000000003E-003   2.19347306771388     
 -2.000000000000002E-003   1.80306040702898     
 -1.000000000000001E-003   2.27160786298440     
  0.000000000000000E+000   3.42650854675865     
  1.000000000000001E-003   3.38092624837174     
  1.999999999999998E-003   3.24911567208353     
  2.999999999999999E-003   8.24712513401201     
  4.000000000000000E-003   16.3096255364862     
  4.999999999999998E-003   19.2890387531915     
  5.999999999999998E-003   7.86002792205211     
  6.999999999999999E-003  0.866237198659083     
  8.000000000000000E-003  0.000000000000000E+000
  9.000000000000001E-003  0.000000000000000E+000
  1.000000000000000E-002  0.000000000000000E+000
  1.100000000000000E-002  0.000000000000000E+000
  1.200000000000000E-002  0.000000000000000E+000
  1.300000000000000E-002  0.000000000000000E+000
  1.400000000000000E-002  0.000000000000000E+000
  1.500000000000000E-002  0.000000000000000E+000
  1.600000000000000E-002  0.000000000000000E+000
  1.700000000000000E-002  0.000000000000000E+000
  1.800000000000000E-002  0.000000000000000E+000
  1.900000000000000E-002  0.000000000000000E+000
  2.000000000000000E-002  0.000000000000000E+000
  2.100000000000000E-002  0.000000000000000E+000
  2.200000000000000E-002  0.000000000000000E+000
  2.300000000000000E-002  0.000000000000000E+000
  2.400000000000000E-002  0.000000000000000E+000
  2.500000000000000E-002  0.000000000000000E+000
