 -2.500000000000000E-002  0.000000000000000E+000
 -2.400000000000000E-002  0.000000000000000E+000
 -2.300000000000000E-002  0.000000000000000E+000
 -2.200000000000000E-002  0.000000000000000E+000
 -2.100000000000000E-002  0.000000000000000E+000
 -2.000000000000000E-002  0.000000000000000E+000
 -1.900000000000000E-002  0.189813504119933     
 -1.800000000000000E-002   1.23062942728460     
 -1.700000000000000E-002   1.18481884655797     
 -1.600000000000000E-002  0.842082036829697     
 -1.500000000000000E-002   2.24208167158938     
 -1.400000000000000E-002   3.24735278681401     
 -1.300000000000000E-002   3.36424905716052     
 -1.200000000000000E-002   4.23393217275557     
 -1.100000000000000E-002   4.33993978149189     
 -1.000000000000000E-002   2.95029441675365     
 -9.000000000000001E-003   2.27770264101683     
 -8.000000000000000E-003   2.80842474021401     
 -6.999999999999999E-003   3.86140218902240     
 -6.000000000000002E-003   3.10534551970801     
 -5.000000000000001E-003   2.40853588464361     
 -4.000000000000000E-003   4.34660185340379     
 -3.000000000000003E-003   2.10899023228947     
 -2.000000000000002E-003   3.95280640675605     
 -1.000000000000001E-003   6.59916246931319     
  0.000000000000000E+000   5.02946818112639     
  1.000000000000001E-003   3.84889146535872     
  1.999999999999998E-003   5.47846759354295     
  2.999999999999999E-003   3.38418549481904     
  4.000000000000000E-003   2.68492119788806     
  4.999999999999998E-003   3.69375166198399     
  5.999999999999998E-003   5.36580497747373     
  6.999999999999999E-003   5.31059744233802     
  8.000000000000000E-003   4.17075341290709     
  9.000000000000001E-003   4.67813629596392     
  1.000000000000000E-002   6.12400248113028     
  1.100000000000000E-002   7.39333374052079     
  1.200000000000000E-002   2.87015693794711     
  1.300000000000000E-002  0.825894115240011     
  1.400000000000000E-002   1.73302858003918     
  1.500000000000000E-002   1.22467468784141     
  1.600000000000000E-002   1.20788173614658     
  1.700000000000000E-002  3.028436000815246E-002
  1.800000000000000E-002  0.000000000000000E+000
  1.900000000000000E-002  0.000000000000000E+000
  2.000000000000000E-002  0.000000000000000E+000
  2.100000000000000E-002  0.000000000000000E+000
  2.200000000000000E-002  0.000000000000000E+000
  2.300000000000000E-002  0.000000000000000E+000
  2.400000000000000E-002  0.000000000000000E+000
  2.500000000000000E-002  0.000000000000000E+000
