 -2.500000000000000E-002  0.000000000000000E+000
 -2.400000000000000E-002  0.000000000000000E+000
 -2.300000000000000E-002  0.000000000000000E+000
 -2.200000000000000E-002  0.000000000000000E+000
 -2.100000000000000E-002  0.000000000000000E+000
 -2.000000000000000E-002  0.000000000000000E+000
 -1.900000000000000E-002  0.000000000000000E+000
 -1.800000000000000E-002  0.000000000000000E+000
 -1.700000000000000E-002  0.000000000000000E+000
 -1.600000000000000E-002  0.000000000000000E+000
 -1.500000000000000E-002  0.000000000000000E+000
 -1.400000000000000E-002  0.000000000000000E+000
 -1.300000000000000E-002  0.000000000000000E+000
 -1.200000000000000E-002  0.000000000000000E+000
 -1.100000000000000E-002  0.000000000000000E+000
 -1.000000000000000E-002  0.000000000000000E+000
 -9.000000000000001E-003  0.593587720234271     
 -8.000000000000000E-003   1.65308884334738     
 -6.999999999999999E-003   1.51907185436166     
 -6.000000000000002E-003   3.85350252511548     
 -5.000000000000001E-003   4.42302682560898     
 -4.000000000000000E-003   7.04960068889748     
 -3.000000000000003E-003   19.4011784204408     
 -2.000000000000002E-003   27.6640353170968     
 -1.000000000000001E-003   28.8929067597185     
  0.000000000000000E+000   21.2349476825808     
  1.000000000000001E-003   17.1638010082992     
  1.999999999999998E-003   18.6883216378171     
  2.999999999999999E-003   7.88219355041862     
  4.000000000000000E-003   3.84923903353853     
  4.999999999999998E-003   3.77493024043413     
  5.999999999999998E-003   2.54332249548305     
  6.999999999999999E-003   2.89240604388301     
  8.000000000000000E-003   2.05194266157317     
  9.000000000000001E-003   3.41109714233890     
  1.000000000000000E-002   1.50328323474096     
  1.100000000000000E-002   2.15873810839360     
  1.200000000000000E-002  0.684148205677587     
  1.300000000000000E-002  0.000000000000000E+000
  1.400000000000000E-002  0.000000000000000E+000
  1.500000000000000E-002  0.000000000000000E+000
  1.600000000000000E-002  0.000000000000000E+000
  1.700000000000000E-002  0.000000000000000E+000
  1.800000000000000E-002  0.000000000000000E+000
  1.900000000000000E-002  0.000000000000000E+000
  2.000000000000000E-002  0.000000000000000E+000
  2.100000000000000E-002  0.000000000000000E+000
  2.200000000000000E-002  0.000000000000000E+000
  2.300000000000000E-002  0.000000000000000E+000
  2.400000000000000E-002  0.000000000000000E+000
  2.500000000000000E-002  0.000000000000000E+000
