 -2.500000000000000E-002  0.000000000000000E+000
 -2.400000000000000E-002  0.000000000000000E+000
 -2.300000000000000E-002  0.000000000000000E+000
 -2.200000000000000E-002  0.000000000000000E+000
 -2.100000000000000E-002  0.000000000000000E+000
 -2.000000000000000E-002  0.000000000000000E+000
 -1.900000000000000E-002  0.000000000000000E+000
 -1.800000000000000E-002  0.000000000000000E+000
 -1.700000000000000E-002  0.000000000000000E+000
 -1.600000000000000E-002  0.000000000000000E+000
 -1.500000000000000E-002  0.000000000000000E+000
 -1.400000000000000E-002  0.000000000000000E+000
 -1.300000000000000E-002  0.000000000000000E+000
 -1.200000000000000E-002  0.000000000000000E+000
 -1.100000000000000E-002  0.000000000000000E+000
 -1.000000000000000E-002  0.000000000000000E+000
 -9.000000000000001E-003  0.000000000000000E+000
 -8.000000000000000E-003  0.000000000000000E+000
 -6.999999999999999E-003  0.619826633393338     
 -6.000000000000002E-003   3.93996698855092     
 -5.000000000000001E-003   7.78846287789062     
 -4.000000000000000E-003   19.5062946063047     
 -3.000000000000003E-003   22.9597311924559     
 -2.000000000000002E-003   26.2805412439045     
 -1.000000000000001E-003   19.9442951142320     
  0.000000000000000E+000   15.7073132375387     
  1.000000000000001E-003   16.6909009047468     
  1.999999999999998E-003   8.12472785707033     
  2.999999999999999E-003   2.86971862813078     
  4.000000000000000E-003   2.44854365551945     
  4.999999999999998E-003   2.27400544662218     
  5.999999999999998E-003   2.34389345669924     
  6.999999999999999E-003   3.49368239560980     
  8.000000000000000E-003   2.20092980695720     
  9.000000000000001E-003   3.02843903448319     
  1.000000000000000E-002   2.42172744631622     
  1.100000000000000E-002   3.71651158029072     
  1.200000000000000E-002   4.80020775918853     
  1.300000000000000E-002   1.20784870236375     
  1.400000000000000E-002  9.411431731060637E-003
  1.500000000000000E-002  0.000000000000000E+000
  1.600000000000000E-002  0.000000000000000E+000
  1.700000000000000E-002  0.000000000000000E+000
  1.800000000000000E-002  0.000000000000000E+000
  1.900000000000000E-002  0.000000000000000E+000
  2.000000000000000E-002  0.000000000000000E+000
  2.100000000000000E-002  0.000000000000000E+000
  2.200000000000000E-002  0.000000000000000E+000
  2.300000000000000E-002  0.000000000000000E+000
  2.400000000000000E-002  0.000000000000000E+000
  2.500000000000000E-002  0.000000000000000E+000
