 -2.500000000000000E-002  0.000000000000000E+000
 -2.400000000000000E-002  0.000000000000000E+000
 -2.300000000000000E-002  0.000000000000000E+000
 -2.200000000000000E-002  0.000000000000000E+000
 -2.100000000000000E-002  0.000000000000000E+000
 -2.000000000000000E-002  0.000000000000000E+000
 -1.900000000000000E-002  0.000000000000000E+000
 -1.800000000000000E-002  0.000000000000000E+000
 -1.700000000000000E-002  0.000000000000000E+000
 -1.600000000000000E-002  0.000000000000000E+000
 -1.500000000000000E-002  0.000000000000000E+000
 -1.400000000000000E-002  0.000000000000000E+000
 -1.300000000000000E-002  0.000000000000000E+000
 -1.200000000000000E-002  0.000000000000000E+000
 -1.100000000000000E-002  0.000000000000000E+000
 -1.000000000000000E-002  8.996150178386904E-002
 -9.000000000000001E-003   2.71915644653242     
 -8.000000000000000E-003   7.52280232865749     
 -6.999999999999999E-003   8.79702800818757     
 -6.000000000000002E-003   6.65187505280939     
 -5.000000000000001E-003   6.76804080633905     
 -4.000000000000000E-003   7.57413936922871     
 -3.000000000000003E-003   8.46121019853596     
 -2.000000000000002E-003   17.1141670626616     
 -1.000000000000001E-003   17.5372470063111     
  0.000000000000000E+000   13.2979203574701     
  1.000000000000001E-003   15.6809077740581     
  1.999999999999998E-003   22.8680843081188     
  2.999999999999999E-003   21.3049324284540     
  4.000000000000000E-003   2.92081670632160     
  4.999999999999998E-003   6.72130589338017     
  5.999999999999998E-003   8.23826035179840     
  6.999999999999999E-003   4.61102597771816     
  8.000000000000000E-003   2.50941228581718     
  9.000000000000001E-003   2.68311321265696     
  1.000000000000000E-002   2.90157181413039     
  1.100000000000000E-002  0.409791109029003     
  1.200000000000000E-002  0.000000000000000E+000
  1.300000000000000E-002  0.000000000000000E+000
  1.400000000000000E-002  0.000000000000000E+000
  1.500000000000000E-002  0.000000000000000E+000
  1.600000000000000E-002  0.000000000000000E+000
  1.700000000000000E-002  0.000000000000000E+000
  1.800000000000000E-002  0.000000000000000E+000
  1.900000000000000E-002  0.000000000000000E+000
  2.000000000000000E-002  0.000000000000000E+000
  2.100000000000000E-002  0.000000000000000E+000
  2.200000000000000E-002  0.000000000000000E+000
  2.300000000000000E-002  0.000000000000000E+000
  2.400000000000000E-002  0.000000000000000E+000
  2.500000000000000E-002  0.000000000000000E+000
