 -2.500000000000000E-002  0.000000000000000E+000
 -2.400000000000000E-002  0.000000000000000E+000
 -2.300000000000000E-002  0.000000000000000E+000
 -2.200000000000000E-002  0.000000000000000E+000
 -2.100000000000000E-002  0.000000000000000E+000
 -2.000000000000000E-002  0.000000000000000E+000
 -1.900000000000000E-002  0.000000000000000E+000
 -1.800000000000000E-002  0.000000000000000E+000
 -1.700000000000000E-002  0.000000000000000E+000
 -1.600000000000000E-002  0.000000000000000E+000
 -1.500000000000000E-002  0.000000000000000E+000
 -1.400000000000000E-002  0.000000000000000E+000
 -1.300000000000000E-002  0.000000000000000E+000
 -1.200000000000000E-002  0.000000000000000E+000
 -1.100000000000000E-002  9.426794692304968E-002
 -1.000000000000000E-002   5.88340920432461     
 -9.000000000000001E-003   12.4040264008217     
 -8.000000000000000E-003   13.2650637631889     
 -6.999999999999999E-003   11.2357057094919     
 -6.000000000000002E-003   10.6149012845993     
 -5.000000000000001E-003   7.00846804916177     
 -4.000000000000000E-003   4.77883347008767     
 -3.000000000000003E-003   6.00628710536155     
 -2.000000000000002E-003   8.08196858769872     
 -1.000000000000001E-003   5.99048762876219     
  0.000000000000000E+000   5.83362304790545     
  1.000000000000001E-003   8.07998653901887     
  1.999999999999998E-003   7.07488370980550     
  2.999999999999999E-003   2.39375510748082     
  4.000000000000000E-003   2.74268628559892     
  4.999999999999998E-003   3.02598406007193     
  5.999999999999998E-003   3.74137089937733     
  6.999999999999999E-003   4.13949551537802     
  8.000000000000000E-003   8.55303762167100     
  9.000000000000001E-003   7.95629177513006     
  1.000000000000000E-002   10.9566431492212     
  1.100000000000000E-002   8.53745656010102     
  1.200000000000000E-002   5.03378674441760     
  1.300000000000000E-002  0.286269834400806     
  1.400000000000000E-002  0.000000000000000E+000
  1.500000000000000E-002  0.000000000000000E+000
  1.600000000000000E-002  0.000000000000000E+000
  1.700000000000000E-002  0.000000000000000E+000
  1.800000000000000E-002  0.000000000000000E+000
  1.900000000000000E-002  0.000000000000000E+000
  2.000000000000000E-002  0.000000000000000E+000
  2.100000000000000E-002  0.000000000000000E+000
  2.200000000000000E-002  0.000000000000000E+000
  2.300000000000000E-002  0.000000000000000E+000
  2.400000000000000E-002  0.000000000000000E+000
  2.500000000000000E-002  0.000000000000000E+000
