 -2.500000000000000E-002  0.000000000000000E+000
 -2.400000000000000E-002  0.000000000000000E+000
 -2.300000000000000E-002  0.000000000000000E+000
 -2.200000000000000E-002  0.000000000000000E+000
 -2.100000000000000E-002  0.000000000000000E+000
 -2.000000000000000E-002  0.000000000000000E+000
 -1.900000000000000E-002  0.000000000000000E+000
 -1.800000000000000E-002  0.000000000000000E+000
 -1.700000000000000E-002  0.000000000000000E+000
 -1.600000000000000E-002  0.000000000000000E+000
 -1.500000000000000E-002  0.000000000000000E+000
 -1.400000000000000E-002  0.000000000000000E+000
 -1.300000000000000E-002  0.463871723297640     
 -1.200000000000000E-002  0.953849171857902     
 -1.100000000000000E-002   1.11838130847522     
 -1.000000000000000E-002  0.761331317228767     
 -9.000000000000001E-003   1.25894496934486     
 -8.000000000000000E-003   1.17985795084037     
 -6.999999999999999E-003   1.90969426801386     
 -6.000000000000002E-003   5.69135604460744     
 -5.000000000000001E-003   13.4364917782393     
 -4.000000000000000E-003   16.9659868029755     
 -3.000000000000003E-003   18.4910975882499     
 -2.000000000000002E-003   16.7333493293928     
 -1.000000000000001E-003   13.4770583807630     
  0.000000000000000E+000   11.2933421246253     
  1.000000000000001E-003   12.0697670729979     
  1.999999999999998E-003   5.86415707806457     
  2.999999999999999E-003   5.66700586545039     
  4.000000000000000E-003   8.92400570363854     
  4.999999999999998E-003   4.66123962551829     
  5.999999999999998E-003   10.2079802219268     
  6.999999999999999E-003   9.18571210129925     
  8.000000000000000E-003   8.72786723591283     
  9.000000000000001E-003   2.53336519714621     
  1.000000000000000E-002  0.523159401010480     
  1.100000000000000E-002  0.602684284595043     
  1.200000000000000E-002  0.733219449107838     
  1.300000000000000E-002  9.348400541997819E-002
  1.400000000000000E-002  0.000000000000000E+000
  1.500000000000000E-002  0.000000000000000E+000
  1.600000000000000E-002  0.000000000000000E+000
  1.700000000000000E-002  0.000000000000000E+000
  1.800000000000000E-002  0.000000000000000E+000
  1.900000000000000E-002  0.000000000000000E+000
  2.000000000000000E-002  0.000000000000000E+000
  2.100000000000000E-002  0.000000000000000E+000
  2.200000000000000E-002  0.000000000000000E+000
  2.300000000000000E-002  0.000000000000000E+000
  2.400000000000000E-002  0.000000000000000E+000
  2.500000000000000E-002  0.000000000000000E+000
