 -2.500000000000000E-002  0.000000000000000E+000
 -2.400000000000000E-002  0.000000000000000E+000
 -2.300000000000000E-002  0.000000000000000E+000
 -2.200000000000000E-002  0.000000000000000E+000
 -2.100000000000000E-002  0.000000000000000E+000
 -2.000000000000000E-002  0.000000000000000E+000
 -1.900000000000000E-002  0.000000000000000E+000
 -1.800000000000000E-002  0.000000000000000E+000
 -1.700000000000000E-002  0.000000000000000E+000
 -1.600000000000000E-002  0.000000000000000E+000
 -1.500000000000000E-002  0.000000000000000E+000
 -1.400000000000000E-002  0.000000000000000E+000
 -1.300000000000000E-002  0.000000000000000E+000
 -1.200000000000000E-002  0.000000000000000E+000
 -1.100000000000000E-002  0.000000000000000E+000
 -1.000000000000000E-002  7.901948373902357E-002
 -9.000000000000001E-003   7.70221693092954     
 -8.000000000000000E-003   10.5818545856038     
 -6.999999999999999E-003   10.7534075563587     
 -6.000000000000002E-003   22.2842098024288     
 -5.000000000000001E-003   20.1614336363877     
 -4.000000000000000E-003   7.94824070396152     
 -3.000000000000003E-003   4.59453809661906     
 -2.000000000000002E-003   8.70725497049506     
 -1.000000000000001E-003   3.70943751244399     
  0.000000000000000E+000   2.11883142738599     
  1.000000000000001E-003   3.04950486002126     
  1.999999999999998E-003   7.14525736045766     
  2.999999999999999E-003   3.20400617855867     
  4.000000000000000E-003   1.04061401673380     
  4.999999999999998E-003   4.80070119566504     
  5.999999999999998E-003   1.93361956259690     
  6.999999999999999E-003   4.46492471129968     
  8.000000000000000E-003   6.87728951192042     
  9.000000000000001E-003   8.61014627766565     
  1.000000000000000E-002   11.6687000507232     
  1.100000000000000E-002   8.55940448118610     
  1.200000000000000E-002   6.28399385279403     
  1.300000000000000E-002   1.09152323402433     
  1.400000000000000E-002  0.000000000000000E+000
  1.500000000000000E-002  0.000000000000000E+000
  1.600000000000000E-002  0.000000000000000E+000
  1.700000000000000E-002  0.000000000000000E+000
  1.800000000000000E-002  0.000000000000000E+000
  1.900000000000000E-002  0.000000000000000E+000
  2.000000000000000E-002  0.000000000000000E+000
  2.100000000000000E-002  0.000000000000000E+000
  2.200000000000000E-002  0.000000000000000E+000
  2.300000000000000E-002  0.000000000000000E+000
  2.400000000000000E-002  0.000000000000000E+000
  2.500000000000000E-002  0.000000000000000E+000
