 -2.500000000000000E-002  0.000000000000000E+000
 -2.400000000000000E-002  0.000000000000000E+000
 -2.300000000000000E-002  0.000000000000000E+000
 -2.200000000000000E-002  0.000000000000000E+000
 -2.100000000000000E-002  0.000000000000000E+000
 -2.000000000000000E-002  0.000000000000000E+000
 -1.900000000000000E-002  0.000000000000000E+000
 -1.800000000000000E-002  0.000000000000000E+000
 -1.700000000000000E-002  0.000000000000000E+000
 -1.600000000000000E-002  0.000000000000000E+000
 -1.500000000000000E-002  0.000000000000000E+000
 -1.400000000000000E-002  0.000000000000000E+000
 -1.300000000000000E-002  0.000000000000000E+000
 -1.200000000000000E-002  0.000000000000000E+000
 -1.100000000000000E-002  0.000000000000000E+000
 -1.000000000000000E-002  0.114038117086631     
 -9.000000000000001E-003   3.61597152339023     
 -8.000000000000000E-003   5.09231491928754     
 -6.999999999999999E-003   4.67446800473752     
 -6.000000000000002E-003   3.97110389621439     
 -5.000000000000001E-003   5.90535941723049     
 -4.000000000000000E-003   12.7682532670955     
 -3.000000000000003E-003   17.0219562633854     
 -2.000000000000002E-003   14.8423854017540     
 -1.000000000000001E-003   10.9777838359057     
  0.000000000000000E+000   10.2185001031584     
  1.000000000000001E-003   9.86085516778498     
  1.999999999999998E-003   8.72068380864285     
  2.999999999999999E-003   2.07356121503038     
  4.000000000000000E-003   2.34309085358626     
  4.999999999999998E-003   3.71822313948533     
  5.999999999999998E-003   8.21252451211238     
  6.999999999999999E-003   9.16273537486323     
  8.000000000000000E-003   5.01308367451495     
  9.000000000000001E-003   3.40315077253418     
  1.000000000000000E-002   2.59363939376378     
  1.100000000000000E-002   2.40343763319811     
  1.200000000000000E-002  0.361359705237670     
  1.300000000000000E-002  0.000000000000000E+000
  1.400000000000000E-002  0.000000000000000E+000
  1.500000000000000E-002  0.000000000000000E+000
  1.600000000000000E-002  0.000000000000000E+000
  1.700000000000000E-002  0.000000000000000E+000
  1.800000000000000E-002  0.000000000000000E+000
  1.900000000000000E-002  0.000000000000000E+000
  2.000000000000000E-002  0.000000000000000E+000
  2.100000000000000E-002  0.000000000000000E+000
  2.200000000000000E-002  0.000000000000000E+000
  2.300000000000000E-002  0.000000000000000E+000
  2.400000000000000E-002  0.000000000000000E+000
  2.500000000000000E-002  0.000000000000000E+000
