 -2.500000000000000E-002  0.000000000000000E+000
 -2.400000000000000E-002  0.000000000000000E+000
 -2.300000000000000E-002  0.000000000000000E+000
 -2.200000000000000E-002  0.000000000000000E+000
 -2.100000000000000E-002  0.000000000000000E+000
 -2.000000000000000E-002  0.000000000000000E+000
 -1.900000000000000E-002  0.000000000000000E+000
 -1.800000000000000E-002  0.000000000000000E+000
 -1.700000000000000E-002  0.000000000000000E+000
 -1.600000000000000E-002  0.000000000000000E+000
 -1.500000000000000E-002  0.000000000000000E+000
 -1.400000000000000E-002  0.000000000000000E+000
 -1.300000000000000E-002  0.000000000000000E+000
 -1.200000000000000E-002  0.000000000000000E+000
 -1.100000000000000E-002  0.000000000000000E+000
 -1.000000000000000E-002  0.000000000000000E+000
 -9.000000000000001E-003  0.000000000000000E+000
 -8.000000000000000E-003  0.000000000000000E+000
 -6.999999999999999E-003   1.38669276794939     
 -6.000000000000002E-003   7.72832557080800     
 -5.000000000000001E-003   10.7678471873413     
 -4.000000000000000E-003   10.4360960803563     
 -3.000000000000003E-003   17.6187720110051     
 -2.000000000000002E-003   31.3700697789013     
 -1.000000000000001E-003   33.1514779670947     
  0.000000000000000E+000   24.1665117625120     
  1.000000000000001E-003   17.6963151385860     
  1.999999999999998E-003   16.4778939043600     
  2.999999999999999E-003   7.09090619156517     
  4.000000000000000E-003   1.82341532876102     
  4.999999999999998E-003   1.23856448195854     
  5.999999999999998E-003  0.642478447792997     
  6.999999999999999E-003  0.862176588545407     
  8.000000000000000E-003   2.16767481438351     
  9.000000000000001E-003   1.84760804277625     
  1.000000000000000E-002  0.640833754710496     
  1.100000000000000E-002   4.72812959793769     
  1.200000000000000E-002   4.01903209422818     
  1.300000000000000E-002   2.43628703817766     
  1.400000000000000E-002   1.83002699146692     
  1.500000000000000E-002  0.237534458782180     
  1.600000000000000E-002  0.000000000000000E+000
  1.700000000000000E-002  0.000000000000000E+000
  1.800000000000000E-002  0.000000000000000E+000
  1.900000000000000E-002  0.000000000000000E+000
  2.000000000000000E-002  0.000000000000000E+000
  2.100000000000000E-002  0.000000000000000E+000
  2.200000000000000E-002  0.000000000000000E+000
  2.300000000000000E-002  0.000000000000000E+000
  2.400000000000000E-002  0.000000000000000E+000
  2.500000000000000E-002  0.000000000000000E+000
