 -2.500000000000000E-002  0.000000000000000E+000
 -2.400000000000000E-002  0.000000000000000E+000
 -2.300000000000000E-002  0.000000000000000E+000
 -2.200000000000000E-002  0.000000000000000E+000
 -2.100000000000000E-002  0.000000000000000E+000
 -2.000000000000000E-002  0.000000000000000E+000
 -1.900000000000000E-002  0.000000000000000E+000
 -1.800000000000000E-002  0.000000000000000E+000
 -1.700000000000000E-002  2.260533143048772E-002
 -1.600000000000000E-002  0.740485630010867     
 -1.500000000000000E-002   1.52957938090115     
 -1.400000000000000E-002   1.28839822715852     
 -1.300000000000000E-002   1.05530782935526     
 -1.200000000000000E-002   1.86607949790619     
 -1.100000000000000E-002   1.65698294357078     
 -1.000000000000000E-002   2.07625742787152     
 -9.000000000000001E-003   2.55572153915808     
 -8.000000000000000E-003   3.49310372333983     
 -6.999999999999999E-003   7.44595602333458     
 -6.000000000000002E-003   9.81946919972502     
 -5.000000000000001E-003   6.24938799798916     
 -4.000000000000000E-003   7.11730123735418     
 -3.000000000000003E-003   5.90077239028025     
 -2.000000000000002E-003   7.63022757548906     
 -1.000000000000001E-003   9.19504982100531     
  0.000000000000000E+000   8.51615434728349     
  1.000000000000001E-003   11.8380729087106     
  1.999999999999998E-003   10.6183094893940     
  2.999999999999999E-003   11.4741940965638     
  4.000000000000000E-003   12.9623201676115     
  4.999999999999998E-003   7.54453955344493     
  5.999999999999998E-003   2.77775791887183     
  6.999999999999999E-003   6.11924059810803     
  8.000000000000000E-003   4.85557219433877     
  9.000000000000001E-003   3.93351819514961     
  1.000000000000000E-002   2.51217262586365     
  1.100000000000000E-002   2.09327416579913     
  1.200000000000000E-002   2.67431529013751     
  1.300000000000000E-002   1.43406267284282     
  1.400000000000000E-002  0.000000000000000E+000
  1.500000000000000E-002  0.000000000000000E+000
  1.600000000000000E-002  0.000000000000000E+000
  1.700000000000000E-002  0.000000000000000E+000
  1.800000000000000E-002  0.000000000000000E+000
  1.900000000000000E-002  0.000000000000000E+000
  2.000000000000000E-002  0.000000000000000E+000
  2.100000000000000E-002  0.000000000000000E+000
  2.200000000000000E-002  0.000000000000000E+000
  2.300000000000000E-002  0.000000000000000E+000
  2.400000000000000E-002  0.000000000000000E+000
  2.500000000000000E-002  0.000000000000000E+000
