 -2.500000000000000E-002  0.000000000000000E+000
 -2.400000000000000E-002  0.000000000000000E+000
 -2.300000000000000E-002  0.000000000000000E+000
 -2.200000000000000E-002  0.000000000000000E+000
 -2.100000000000000E-002  0.000000000000000E+000
 -2.000000000000000E-002  0.000000000000000E+000
 -1.900000000000000E-002  0.000000000000000E+000
 -1.800000000000000E-002  0.000000000000000E+000
 -1.700000000000000E-002  0.000000000000000E+000
 -1.600000000000000E-002  0.000000000000000E+000
 -1.500000000000000E-002  0.000000000000000E+000
 -1.400000000000000E-002  0.000000000000000E+000
 -1.300000000000000E-002  0.000000000000000E+000
 -1.200000000000000E-002  0.000000000000000E+000
 -1.100000000000000E-002  0.000000000000000E+000
 -1.000000000000000E-002  0.000000000000000E+000
 -9.000000000000001E-003  0.000000000000000E+000
 -8.000000000000000E-003  0.572533756079666     
 -6.999999999999999E-003   4.17923600008143     
 -6.000000000000002E-003   11.1540745982548     
 -5.000000000000001E-003   19.4267564313858     
 -4.000000000000000E-003   17.3526010156186     
 -3.000000000000003E-003   12.4269405206082     
 -2.000000000000002E-003   10.9776466667491     
 -1.000000000000001E-003   10.7989176206066     
  0.000000000000000E+000   7.33098579088153     
  1.000000000000001E-003   3.61668879687504     
  1.999999999999998E-003   2.21696467683628     
  2.999999999999999E-003   1.86600542317815     
  4.000000000000000E-003   2.20697536350780     
  4.999999999999998E-003   1.85528080107562     
  5.999999999999998E-003   1.49815499626214     
  6.999999999999999E-003   2.44163479747708     
  8.000000000000000E-003   2.70381226436157     
  9.000000000000001E-003   3.30637549724207     
  1.000000000000000E-002   4.76564314258581     
  1.100000000000000E-002   7.63564197446381     
  1.200000000000000E-002   4.18211368430609     
  1.300000000000000E-002   2.88973127405796     
  1.400000000000000E-002  0.494904907504720     
  1.500000000000000E-002  0.000000000000000E+000
  1.600000000000000E-002  0.000000000000000E+000
  1.700000000000000E-002  0.000000000000000E+000
  1.800000000000000E-002  0.000000000000000E+000
  1.900000000000000E-002  0.000000000000000E+000
  2.000000000000000E-002  0.000000000000000E+000
  2.100000000000000E-002  0.000000000000000E+000
  2.200000000000000E-002  0.000000000000000E+000
  2.300000000000000E-002  0.000000000000000E+000
  2.400000000000000E-002  0.000000000000000E+000
  2.500000000000000E-002  0.000000000000000E+000
