 -2.500000000000000E-002  0.000000000000000E+000
 -2.400000000000000E-002  0.000000000000000E+000
 -2.300000000000000E-002  0.000000000000000E+000
 -2.200000000000000E-002  0.000000000000000E+000
 -2.100000000000000E-002  0.000000000000000E+000
 -2.000000000000000E-002  0.000000000000000E+000
 -1.900000000000000E-002  0.000000000000000E+000
 -1.800000000000000E-002  0.000000000000000E+000
 -1.700000000000000E-002  0.000000000000000E+000
 -1.600000000000000E-002  0.000000000000000E+000
 -1.500000000000000E-002  0.000000000000000E+000
 -1.400000000000000E-002  0.000000000000000E+000
 -1.300000000000000E-002  0.000000000000000E+000
 -1.200000000000000E-002  0.000000000000000E+000
 -1.100000000000000E-002  0.000000000000000E+000
 -1.000000000000000E-002  0.000000000000000E+000
 -9.000000000000001E-003  0.154461328481073     
 -8.000000000000000E-003   3.81946382711795     
 -6.999999999999999E-003   10.4739284141353     
 -6.000000000000002E-003   11.7656977104985     
 -5.000000000000001E-003   12.2669403133879     
 -4.000000000000000E-003   15.5427329037425     
 -3.000000000000003E-003   9.26795166596201     
 -2.000000000000002E-003   4.90362469320340     
 -1.000000000000001E-003   3.85810954456319     
  0.000000000000000E+000   4.60375574397004     
  1.000000000000001E-003   3.66290345828587     
  1.999999999999998E-003   3.37401017222564     
  2.999999999999999E-003   4.87381900130398     
  4.000000000000000E-003   6.82525136348364     
  4.999999999999998E-003   5.64906478697056     
  5.999999999999998E-003   9.42497200551827     
  6.999999999999999E-003   16.7464727820184     
  8.000000000000000E-003   10.6067849917517     
  9.000000000000001E-003  0.222145293380027     
  1.000000000000000E-002  0.000000000000000E+000
  1.100000000000000E-002  0.000000000000000E+000
  1.200000000000000E-002  0.000000000000000E+000
  1.300000000000000E-002  0.000000000000000E+000
  1.400000000000000E-002  0.000000000000000E+000
  1.500000000000000E-002  0.000000000000000E+000
  1.600000000000000E-002  0.000000000000000E+000
  1.700000000000000E-002  0.000000000000000E+000
  1.800000000000000E-002  0.000000000000000E+000
  1.900000000000000E-002  0.000000000000000E+000
  2.000000000000000E-002  0.000000000000000E+000
  2.100000000000000E-002  0.000000000000000E+000
  2.200000000000000E-002  0.000000000000000E+000
  2.300000000000000E-002  0.000000000000000E+000
  2.400000000000000E-002  0.000000000000000E+000
  2.500000000000000E-002  0.000000000000000E+000
