 -2.500000000000000E-002  0.000000000000000E+000
 -2.400000000000000E-002  0.000000000000000E+000
 -2.300000000000000E-002  0.000000000000000E+000
 -2.200000000000000E-002  0.000000000000000E+000
 -2.100000000000000E-002  0.000000000000000E+000
 -2.000000000000000E-002  0.000000000000000E+000
 -1.900000000000000E-002  0.000000000000000E+000
 -1.800000000000000E-002  0.000000000000000E+000
 -1.700000000000000E-002  0.000000000000000E+000
 -1.600000000000000E-002  0.000000000000000E+000
 -1.500000000000000E-002  0.000000000000000E+000
 -1.400000000000000E-002  0.000000000000000E+000
 -1.300000000000000E-002  0.000000000000000E+000
 -1.200000000000000E-002  0.000000000000000E+000
 -1.100000000000000E-002  0.000000000000000E+000
 -1.000000000000000E-002  0.000000000000000E+000
 -9.000000000000001E-003  0.000000000000000E+000
 -8.000000000000000E-003  0.000000000000000E+000
 -6.999999999999999E-003  0.667908473128829     
 -6.000000000000002E-003   4.96435461197156     
 -5.000000000000001E-003   6.04360039029330     
 -4.000000000000000E-003   8.67319327363927     
 -3.000000000000003E-003   26.7470815293634     
 -2.000000000000002E-003   33.4156530605572     
 -1.000000000000001E-003   29.7586764874532     
  0.000000000000000E+000   23.6108527268574     
  1.000000000000001E-003   15.6394414763693     
  1.999999999999998E-003   7.97121348089591     
  2.999999999999999E-003   1.54028509667545     
  4.000000000000000E-003   1.82072059369876     
  4.999999999999998E-003   2.19441076584180     
  5.999999999999998E-003   2.76090741386557     
  6.999999999999999E-003   2.39566001869076     
  8.000000000000000E-003   2.79163845339192     
  9.000000000000001E-003   4.27638001303122     
  1.000000000000000E-002   1.51261791531290     
  1.100000000000000E-002   5.03109287331504     
  1.200000000000000E-002   3.28034512793852     
  1.300000000000000E-002   1.13245621770867     
  1.400000000000000E-002  0.000000000000000E+000
  1.500000000000000E-002  0.000000000000000E+000
  1.600000000000000E-002  0.000000000000000E+000
  1.700000000000000E-002  0.000000000000000E+000
  1.800000000000000E-002  0.000000000000000E+000
  1.900000000000000E-002  0.000000000000000E+000
  2.000000000000000E-002  0.000000000000000E+000
  2.100000000000000E-002  0.000000000000000E+000
  2.200000000000000E-002  0.000000000000000E+000
  2.300000000000000E-002  0.000000000000000E+000
  2.400000000000000E-002  0.000000000000000E+000
  2.500000000000000E-002  0.000000000000000E+000
