 -2.500000000000000E-002  0.000000000000000E+000
 -2.400000000000000E-002  0.000000000000000E+000
 -2.300000000000000E-002  0.000000000000000E+000
 -2.200000000000000E-002  0.000000000000000E+000
 -2.100000000000000E-002  0.000000000000000E+000
 -2.000000000000000E-002  0.000000000000000E+000
 -1.900000000000000E-002  0.000000000000000E+000
 -1.800000000000000E-002  0.000000000000000E+000
 -1.700000000000000E-002  0.000000000000000E+000
 -1.600000000000000E-002  0.000000000000000E+000
 -1.500000000000000E-002  0.000000000000000E+000
 -1.400000000000000E-002   5.46966303447612     
 -1.300000000000000E-002   7.02635322312427     
 -1.200000000000000E-002   3.06142346901880     
 -1.100000000000000E-002   3.65654700453730     
 -1.000000000000000E-002   2.45704938806979     
 -9.000000000000001E-003   4.18382899059650     
 -8.000000000000000E-003   1.73277466372030     
 -6.999999999999999E-003  0.751659912970281     
 -6.000000000000002E-003   2.01956289738517     
 -5.000000000000001E-003   5.78557759332266     
 -4.000000000000000E-003   1.30064470328549     
 -3.000000000000003E-003   1.08379267023106     
 -2.000000000000002E-003   3.39381392329959     
 -1.000000000000001E-003   6.60547495219204     
  0.000000000000000E+000   4.44021938143506     
  1.000000000000001E-003  0.844556865636711     
  1.999999999999998E-003   3.33762377427858     
  2.999999999999999E-003   2.30675264868472     
  4.000000000000000E-003   3.70830544642358     
  4.999999999999998E-003   3.59686412755436     
  5.999999999999998E-003   7.23176613579584     
  6.999999999999999E-003   7.06578331683886     
  8.000000000000000E-003   10.8053372060810     
  9.000000000000001E-003   7.44176498021362     
  1.000000000000000E-002   6.55403093984416     
  1.100000000000000E-002   2.71104875098413     
  1.200000000000000E-002  0.000000000000000E+000
  1.300000000000000E-002  0.000000000000000E+000
  1.400000000000000E-002  0.000000000000000E+000
  1.500000000000000E-002  0.000000000000000E+000
  1.600000000000000E-002  0.000000000000000E+000
  1.700000000000000E-002  0.000000000000000E+000
  1.800000000000000E-002  0.000000000000000E+000
  1.900000000000000E-002  0.000000000000000E+000
  2.000000000000000E-002  0.000000000000000E+000
  2.100000000000000E-002  0.000000000000000E+000
  2.200000000000000E-002  0.000000000000000E+000
  2.300000000000000E-002  0.000000000000000E+000
  2.400000000000000E-002  0.000000000000000E+000
  2.500000000000000E-002  0.000000000000000E+000
