 -2.500000000000000E-002  0.000000000000000E+000
 -2.400000000000000E-002  0.000000000000000E+000
 -2.300000000000000E-002  0.000000000000000E+000
 -2.200000000000000E-002  0.000000000000000E+000
 -2.100000000000000E-002  0.000000000000000E+000
 -2.000000000000000E-002  0.000000000000000E+000
 -1.900000000000000E-002  0.000000000000000E+000
 -1.800000000000000E-002  0.000000000000000E+000
 -1.700000000000000E-002  0.000000000000000E+000
 -1.600000000000000E-002  0.149077446715603     
 -1.500000000000000E-002  0.382976917998797     
 -1.400000000000000E-002   1.83343485804563     
 -1.300000000000000E-002  0.225350777239966     
 -1.200000000000000E-002  0.545894880345134     
 -1.100000000000000E-002  0.907440605358354     
 -1.000000000000000E-002   1.22056823893459     
 -9.000000000000001E-003  0.897106275361918     
 -8.000000000000000E-003  0.615702983214409     
 -6.999999999999999E-003  0.773796838182043     
 -6.000000000000002E-003   1.28983964408223     
 -5.000000000000001E-003   1.92901511223668     
 -4.000000000000000E-003   5.50286264106902     
 -3.000000000000003E-003   18.8942012918916     
 -2.000000000000002E-003   40.7512076497200     
 -1.000000000000001E-003   48.6458268872236     
  0.000000000000000E+000   38.4236373496453     
  1.000000000000001E-003   29.8682790134848     
  1.999999999999998E-003   22.2389330420528     
  2.999999999999999E-003   14.3480773342134     
  4.000000000000000E-003   1.76147486879842     
  4.999999999999998E-003   1.01951737383401     
  5.999999999999998E-003   1.38775358161720     
  6.999999999999999E-003  0.975978765957157     
  8.000000000000000E-003  0.917579982274962     
  9.000000000000001E-003   1.05756841582317     
  1.000000000000000E-002   1.10988171049828     
  1.100000000000000E-002   1.36085897036042     
  1.200000000000000E-002   1.77712079879231     
  1.300000000000000E-002   1.88000526096273     
  1.400000000000000E-002   2.46142369817373     
  1.500000000000000E-002   1.97512046102484     
  1.600000000000000E-002  0.337926324866804     
  1.700000000000000E-002  0.000000000000000E+000
  1.800000000000000E-002  0.000000000000000E+000
  1.900000000000000E-002  0.000000000000000E+000
  2.000000000000000E-002  0.000000000000000E+000
  2.100000000000000E-002  0.000000000000000E+000
  2.200000000000000E-002  0.000000000000000E+000
  2.300000000000000E-002  0.000000000000000E+000
  2.400000000000000E-002  0.000000000000000E+000
  2.500000000000000E-002  0.000000000000000E+000
