 -2.500000000000000E-002  0.000000000000000E+000
 -2.400000000000000E-002  0.000000000000000E+000
 -2.300000000000000E-002  0.000000000000000E+000
 -2.200000000000000E-002  0.000000000000000E+000
 -2.100000000000000E-002  0.000000000000000E+000
 -2.000000000000000E-002  0.000000000000000E+000
 -1.900000000000000E-002  0.000000000000000E+000
 -1.800000000000000E-002  0.000000000000000E+000
 -1.700000000000000E-002  0.000000000000000E+000
 -1.600000000000000E-002  0.000000000000000E+000
 -1.500000000000000E-002  0.000000000000000E+000
 -1.400000000000000E-002  0.000000000000000E+000
 -1.300000000000000E-002  0.000000000000000E+000
 -1.200000000000000E-002  0.000000000000000E+000
 -1.100000000000000E-002  0.000000000000000E+000
 -1.000000000000000E-002  0.658885207791559     
 -9.000000000000001E-003   2.46498921821333     
 -8.000000000000000E-003   1.80256386569754     
 -6.999999999999999E-003   2.48258019800247     
 -6.000000000000002E-003   2.10098832906902     
 -5.000000000000001E-003   3.82464102226083     
 -4.000000000000000E-003   5.76864788324906     
 -3.000000000000003E-003   11.6070851233201     
 -2.000000000000002E-003   17.5630742681068     
 -1.000000000000001E-003   21.0236838961141     
  0.000000000000000E+000   14.4207964181998     
  1.000000000000001E-003   12.5328551624849     
  1.999999999999998E-003   15.9548768121918     
  2.999999999999999E-003   3.74058638611222     
  4.000000000000000E-003   1.41373672771859     
  4.999999999999998E-003   1.47750395271657     
  5.999999999999998E-003  0.511384226406810     
  6.999999999999999E-003  0.932886724801938     
  8.000000000000000E-003  0.730232479512455     
  9.000000000000001E-003  0.540383100785808     
  1.000000000000000E-002  0.995186367311222     
  1.100000000000000E-002  0.361856383725554     
  1.200000000000000E-002  0.117636246207504     
  1.300000000000000E-002  0.218176467889394     
  1.400000000000000E-002   1.22465968561670     
  1.500000000000000E-002   1.18052531755994     
  1.600000000000000E-002  0.532491248565307     
  1.700000000000000E-002  0.313637280368668     
  1.800000000000000E-002  0.285619907225754     
  1.900000000000000E-002  0.593240180315815     
  2.000000000000000E-002  0.630417315386990     
  2.100000000000000E-002  0.826020639880889     
  2.200000000000000E-002  3.725195719054897E-002
  2.300000000000000E-002  0.000000000000000E+000
  2.400000000000000E-002  0.000000000000000E+000
  2.500000000000000E-002  0.000000000000000E+000
