 -2.500000000000000E-002  0.000000000000000E+000
 -2.400000000000000E-002  0.000000000000000E+000
 -2.300000000000000E-002  0.000000000000000E+000
 -2.200000000000000E-002  0.000000000000000E+000
 -2.100000000000000E-002  0.000000000000000E+000
 -2.000000000000000E-002  0.000000000000000E+000
 -1.900000000000000E-002  0.000000000000000E+000
 -1.800000000000000E-002  0.000000000000000E+000
 -1.700000000000000E-002  0.000000000000000E+000
 -1.600000000000000E-002  0.000000000000000E+000
 -1.500000000000000E-002  0.000000000000000E+000
 -1.400000000000000E-002  0.000000000000000E+000
 -1.300000000000000E-002  0.000000000000000E+000
 -1.200000000000000E-002  0.000000000000000E+000
 -1.100000000000000E-002  0.000000000000000E+000
 -1.000000000000000E-002  0.000000000000000E+000
 -9.000000000000001E-003  0.000000000000000E+000
 -8.000000000000000E-003  0.000000000000000E+000
 -6.999999999999999E-003  0.320267391498917     
 -6.000000000000002E-003   3.14861816008463     
 -5.000000000000001E-003   7.31799965178805     
 -4.000000000000000E-003   18.4649605045553     
 -3.000000000000003E-003   28.4282635612381     
 -2.000000000000002E-003   29.7641078647924     
 -1.000000000000001E-003   22.6946407847842     
  0.000000000000000E+000   19.7342823386342     
  1.000000000000001E-003   18.5112057487335     
  1.999999999999998E-003   12.3565726802103     
  2.999999999999999E-003   3.47645612513489     
  4.000000000000000E-003   2.67480201833597     
  4.999999999999998E-003   2.06296883560852     
  5.999999999999998E-003   2.52214045520414     
  6.999999999999999E-003   3.39549219661263     
  8.000000000000000E-003   1.98847276152987     
  9.000000000000001E-003   3.31362978110495     
  1.000000000000000E-002   2.28378402952742     
  1.100000000000000E-002   3.85830812929944     
  1.200000000000000E-002   4.69084348714865     
  1.300000000000000E-002   1.20705573024000     
  1.400000000000000E-002  1.343776393392428E-002
  1.500000000000000E-002  0.000000000000000E+000
  1.600000000000000E-002  0.000000000000000E+000
  1.700000000000000E-002  0.000000000000000E+000
  1.800000000000000E-002  0.000000000000000E+000
  1.900000000000000E-002  0.000000000000000E+000
  2.000000000000000E-002  0.000000000000000E+000
  2.100000000000000E-002  0.000000000000000E+000
  2.200000000000000E-002  0.000000000000000E+000
  2.300000000000000E-002  0.000000000000000E+000
  2.400000000000000E-002  0.000000000000000E+000
  2.500000000000000E-002  0.000000000000000E+000
