 -2.500000000000000E-002  0.000000000000000E+000
 -2.400000000000000E-002  0.000000000000000E+000
 -2.300000000000000E-002  0.000000000000000E+000
 -2.200000000000000E-002  0.000000000000000E+000
 -2.100000000000000E-002  0.000000000000000E+000
 -2.000000000000000E-002  0.000000000000000E+000
 -1.900000000000000E-002  0.000000000000000E+000
 -1.800000000000000E-002  0.000000000000000E+000
 -1.700000000000000E-002  0.000000000000000E+000
 -1.600000000000000E-002  0.000000000000000E+000
 -1.500000000000000E-002  0.000000000000000E+000
 -1.400000000000000E-002  0.000000000000000E+000
 -1.300000000000000E-002  0.000000000000000E+000
 -1.200000000000000E-002  0.000000000000000E+000
 -1.100000000000000E-002  0.395986405372859     
 -1.000000000000000E-002   3.21304852151480     
 -9.000000000000001E-003   3.36761510784294     
 -8.000000000000000E-003   3.49136458100361     
 -6.999999999999999E-003   3.08658721900711     
 -6.000000000000002E-003   6.01107834528683     
 -5.000000000000001E-003   4.46932190007231     
 -4.000000000000000E-003   1.73752963879649     
 -3.000000000000003E-003   1.22321422024621     
 -2.000000000000002E-003   1.22851580038362     
 -1.000000000000001E-003   2.21092981626236     
  0.000000000000000E+000  0.764987186729966     
  1.000000000000001E-003   1.49649420014249     
  1.999999999999998E-003   1.47458637187939     
  2.999999999999999E-003  0.389518590342731     
  4.000000000000000E-003  0.421831037421818     
  4.999999999999998E-003   1.19379189776866     
  5.999999999999998E-003  0.614010998748326     
  6.999999999999999E-003  0.670189717971943     
  8.000000000000000E-003   1.66279666112566     
  9.000000000000001E-003   1.17235680360421     
  1.000000000000000E-002  2.659497847567551E-002
  1.100000000000000E-002  0.000000000000000E+000
  1.200000000000000E-002  0.341635130225554     
  1.300000000000000E-002   2.42913438154358     
  1.400000000000000E-002  0.411574633989962     
  1.500000000000000E-002  0.457395228555586     
  1.600000000000000E-002  0.285926749404966     
  1.700000000000000E-002   1.32933105954944     
  1.800000000000000E-002  0.998440945576913     
  1.900000000000000E-002  0.941991871153986     
  2.000000000000000E-002  0.203735911324103     
  2.100000000000000E-002   1.27423408867590     
  2.200000000000000E-002  0.000000000000000E+000
  2.300000000000000E-002  0.000000000000000E+000
  2.400000000000000E-002  0.000000000000000E+000
  2.500000000000000E-002  0.000000000000000E+000
