 -2.500000000000000E-002  0.000000000000000E+000
 -2.400000000000000E-002  0.000000000000000E+000
 -2.300000000000000E-002  0.000000000000000E+000
 -2.200000000000000E-002  0.000000000000000E+000
 -2.100000000000000E-002  0.000000000000000E+000
 -2.000000000000000E-002  0.000000000000000E+000
 -1.900000000000000E-002  0.000000000000000E+000
 -1.800000000000000E-002  0.000000000000000E+000
 -1.700000000000000E-002  0.000000000000000E+000
 -1.600000000000000E-002  0.000000000000000E+000
 -1.500000000000000E-002  0.000000000000000E+000
 -1.400000000000000E-002  0.000000000000000E+000
 -1.300000000000000E-002  0.000000000000000E+000
 -1.200000000000000E-002  0.000000000000000E+000
 -1.100000000000000E-002  0.000000000000000E+000
 -1.000000000000000E-002  8.908278677111784E-003
 -9.000000000000001E-003   2.30982673898365     
 -8.000000000000000E-003   2.79870260353589     
 -6.999999999999999E-003   1.64243346233357     
 -6.000000000000002E-003   3.71979157034664     
 -5.000000000000001E-003   5.76968568851752     
 -4.000000000000000E-003   10.9177408687557     
 -3.000000000000003E-003   24.3961742881042     
 -2.000000000000002E-003   44.0692879601749     
 -1.000000000000001E-003   46.9954687289739     
  0.000000000000000E+000   38.0584730060100     
  1.000000000000001E-003   29.1292504449511     
  1.999999999999998E-003   20.8169327343333     
  2.999999999999999E-003   13.7403364142178     
  4.000000000000000E-003   2.38506067230451     
  4.999999999999998E-003   2.16392884886790     
  5.999999999999998E-003   3.42569235412828     
  6.999999999999999E-003   2.27187378999601     
  8.000000000000000E-003   3.52837005271957     
  9.000000000000001E-003   2.23728846938798     
  1.000000000000000E-002   4.62809642606814     
  1.100000000000000E-002   5.09074624165958     
  1.200000000000000E-002   2.15831494190186     
  1.300000000000000E-002  0.507315415050910     
  1.400000000000000E-002  0.000000000000000E+000
  1.500000000000000E-002  0.000000000000000E+000
  1.600000000000000E-002  0.000000000000000E+000
  1.700000000000000E-002  0.000000000000000E+000
  1.800000000000000E-002  0.000000000000000E+000
  1.900000000000000E-002  0.000000000000000E+000
  2.000000000000000E-002  0.000000000000000E+000
  2.100000000000000E-002  0.000000000000000E+000
  2.200000000000000E-002  0.000000000000000E+000
  2.300000000000000E-002  0.000000000000000E+000
  2.400000000000000E-002  0.000000000000000E+000
  2.500000000000000E-002  0.000000000000000E+000
