 -2.500000000000000E-002  0.000000000000000E+000
 -2.400000000000000E-002  0.000000000000000E+000
 -2.300000000000000E-002  0.000000000000000E+000
 -2.200000000000000E-002  0.000000000000000E+000
 -2.100000000000000E-002  0.000000000000000E+000
 -2.000000000000000E-002  0.000000000000000E+000
 -1.900000000000000E-002  0.000000000000000E+000
 -1.800000000000000E-002  0.000000000000000E+000
 -1.700000000000000E-002  0.000000000000000E+000
 -1.600000000000000E-002  0.000000000000000E+000
 -1.500000000000000E-002  0.000000000000000E+000
 -1.400000000000000E-002  0.000000000000000E+000
 -1.300000000000000E-002  0.000000000000000E+000
 -1.200000000000000E-002  0.000000000000000E+000
 -1.100000000000000E-002  0.486546779323496     
 -1.000000000000000E-002   4.57171923341284     
 -9.000000000000001E-003   7.08644646711264     
 -8.000000000000000E-003   4.96693352233403     
 -6.999999999999999E-003   7.05078787955179     
 -6.000000000000002E-003   6.70771904446687     
 -5.000000000000001E-003   8.05099450793655     
 -4.000000000000000E-003   14.7669911609782     
 -3.000000000000003E-003   14.8963952343823     
 -2.000000000000002E-003   18.0696597487212     
 -1.000000000000001E-003   13.7245727096645     
  0.000000000000000E+000   10.3395272203585     
  1.000000000000001E-003   9.61097887640293     
  1.999999999999998E-003   4.36489098099798     
  2.999999999999999E-003   3.31308170580397     
  4.000000000000000E-003   4.93331469349422     
  4.999999999999998E-003   1.85607869989333     
  5.999999999999998E-003   1.78032118654234     
  6.999999999999999E-003   2.40433880307631     
  8.000000000000000E-003   1.87435750688652     
  9.000000000000001E-003   2.35375586553260     
  1.000000000000000E-002   2.13769720205335     
  1.100000000000000E-002   1.59670100822637     
  1.200000000000000E-002  0.280748753381227     
  1.300000000000000E-002   1.07806218548382     
  1.400000000000000E-002   4.31620212329815     
  1.500000000000000E-002   2.29224108009870     
  1.600000000000000E-002   1.37382619354085     
  1.700000000000000E-002   1.04420673087653     
  1.800000000000000E-002   2.57328902613640     
  1.900000000000000E-002   1.15049331012248     
  2.000000000000000E-002   1.76946575938215     
  2.100000000000000E-002  0.871652111073658     
  2.200000000000000E-002  5.467268945318336E-002
  2.300000000000000E-002  0.000000000000000E+000
  2.400000000000000E-002  0.000000000000000E+000
  2.500000000000000E-002  0.000000000000000E+000
