 -2.500000000000000E-002  0.000000000000000E+000
 -2.400000000000000E-002  0.000000000000000E+000
 -2.300000000000000E-002  0.000000000000000E+000
 -2.200000000000000E-002  0.000000000000000E+000
 -2.100000000000000E-002  0.000000000000000E+000
 -2.000000000000000E-002  0.000000000000000E+000
 -1.900000000000000E-002  0.000000000000000E+000
 -1.800000000000000E-002  0.000000000000000E+000
 -1.700000000000000E-002  0.000000000000000E+000
 -1.600000000000000E-002  0.000000000000000E+000
 -1.500000000000000E-002  0.000000000000000E+000
 -1.400000000000000E-002  0.000000000000000E+000
 -1.300000000000000E-002  0.000000000000000E+000
 -1.200000000000000E-002  0.000000000000000E+000
 -1.100000000000000E-002  0.000000000000000E+000
 -1.000000000000000E-002  0.000000000000000E+000
 -9.000000000000001E-003  0.000000000000000E+000
 -8.000000000000000E-003  1.433114785692446E-002
 -6.999999999999999E-003   1.12913318040020     
 -6.000000000000002E-003   4.62515808866735     
 -5.000000000000001E-003   8.29704893941538     
 -4.000000000000000E-003   15.3071252534516     
 -3.000000000000003E-003   20.1107128307743     
 -2.000000000000002E-003   21.7243784905339     
 -1.000000000000001E-003   18.6836285114275     
  0.000000000000000E+000   17.6107026042013     
  1.000000000000001E-003   12.2747814070165     
  1.999999999999998E-003   10.2007792896629     
  2.999999999999999E-003   2.67449548206539     
  4.000000000000000E-003   1.82823855299060     
  4.999999999999998E-003   1.05667096080137     
  5.999999999999998E-003  0.690234751597319     
  6.999999999999999E-003   1.04315218946825     
  8.000000000000000E-003   1.60486483867509     
  9.000000000000001E-003   1.80683005892550     
  1.000000000000000E-002   2.01422609973961     
  1.100000000000000E-002   3.85721020900534     
  1.200000000000000E-002   3.95793829965684     
  1.300000000000000E-002   2.55926644924436     
  1.400000000000000E-002   1.39614120463394     
  1.500000000000000E-002  0.118411159788520     
  1.600000000000000E-002  0.000000000000000E+000
  1.700000000000000E-002  0.000000000000000E+000
  1.800000000000000E-002  0.000000000000000E+000
  1.900000000000000E-002  0.000000000000000E+000
  2.000000000000000E-002  0.000000000000000E+000
  2.100000000000000E-002  0.000000000000000E+000
  2.200000000000000E-002  0.000000000000000E+000
  2.300000000000000E-002  0.000000000000000E+000
  2.400000000000000E-002  0.000000000000000E+000
  2.500000000000000E-002  0.000000000000000E+000
