 -2.500000000000000E-002  0.000000000000000E+000
 -2.400000000000000E-002  0.000000000000000E+000
 -2.300000000000000E-002  0.000000000000000E+000
 -2.200000000000000E-002  0.000000000000000E+000
 -2.100000000000000E-002  0.000000000000000E+000
 -2.000000000000000E-002  0.000000000000000E+000
 -1.900000000000000E-002  0.000000000000000E+000
 -1.800000000000000E-002  0.000000000000000E+000
 -1.700000000000000E-002  1.766602365596272E-002
 -1.600000000000000E-002   1.09193531934310     
 -1.500000000000000E-002   3.33295516651291     
 -1.400000000000000E-002   3.60218445407123     
 -1.300000000000000E-002  0.824026260615163     
 -1.200000000000000E-002   2.23967314468478     
 -1.100000000000000E-002   3.00046743270653     
 -1.000000000000000E-002   3.74898903797048     
 -9.000000000000001E-003   2.78583163003184     
 -8.000000000000000E-003   2.33620465068115     
 -6.999999999999999E-003   2.62648048911469     
 -6.000000000000002E-003   5.18072451214553     
 -5.000000000000001E-003   15.1709599113584     
 -4.000000000000000E-003   19.3721409784579     
 -3.000000000000003E-003   17.3683869823240     
 -2.000000000000002E-003   15.3004777537967     
 -1.000000000000001E-003   13.3928533414311     
  0.000000000000000E+000   13.7268552625719     
  1.000000000000001E-003   7.89537292418043     
  1.999999999999998E-003   4.57144058551843     
  2.999999999999999E-003   5.48159463090980     
  4.000000000000000E-003   3.98009516184623     
  4.999999999999998E-003   4.22276486428007     
  5.999999999999998E-003   3.70244001971459     
  6.999999999999999E-003   1.90154126367845     
  8.000000000000000E-003   3.17792956786040     
  9.000000000000001E-003   2.71111606347896     
  1.000000000000000E-002   7.93456731462344     
  1.100000000000000E-002   4.47113181054137     
  1.200000000000000E-002   3.53100774732877     
  1.300000000000000E-002   7.32370152551704     
  1.400000000000000E-002   7.11052070994757     
  1.500000000000000E-002   2.87293712269216     
  1.600000000000000E-002  1.336336408951223E-003
  1.700000000000000E-002  0.000000000000000E+000
  1.800000000000000E-002  0.000000000000000E+000
  1.900000000000000E-002  0.000000000000000E+000
  2.000000000000000E-002  0.000000000000000E+000
  2.100000000000000E-002  0.000000000000000E+000
  2.200000000000000E-002  0.000000000000000E+000
  2.300000000000000E-002  0.000000000000000E+000
  2.400000000000000E-002  0.000000000000000E+000
  2.500000000000000E-002  0.000000000000000E+000
