 -2.500000000000000E-002  0.000000000000000E+000
 -2.400000000000000E-002  0.000000000000000E+000
 -2.300000000000000E-002  0.000000000000000E+000
 -2.200000000000000E-002  0.000000000000000E+000
 -2.100000000000000E-002  0.000000000000000E+000
 -2.000000000000000E-002  0.000000000000000E+000
 -1.900000000000000E-002  0.000000000000000E+000
 -1.800000000000000E-002  0.581508282534592     
 -1.700000000000000E-002   1.02184647434177     
 -1.600000000000000E-002  0.308856109508802     
 -1.500000000000000E-002   1.31051557220772     
 -1.400000000000000E-002   1.13041519630037     
 -1.300000000000000E-002  0.847474582997446     
 -1.200000000000000E-002  0.335888753989301     
 -1.100000000000000E-002  0.308019706157402     
 -1.000000000000000E-002  0.438789460758913     
 -9.000000000000001E-003   1.14870428334864     
 -8.000000000000000E-003   2.10275712776201     
 -6.999999999999999E-003   9.70370862053063     
 -6.000000000000002E-003   14.2907405042302     
 -5.000000000000001E-003   13.1501818130472     
 -4.000000000000000E-003   9.77471146535409     
 -3.000000000000003E-003   12.0154686224744     
 -2.000000000000002E-003   15.9288809097284     
 -1.000000000000001E-003   12.9180273897459     
  0.000000000000000E+000   12.7179306189887     
  1.000000000000001E-003   13.9392216214296     
  1.999999999999998E-003   13.4764713402350     
  2.999999999999999E-003   12.6264546717116     
  4.000000000000000E-003   6.54921469437543     
  4.999999999999998E-003   5.68650113169304     
  5.999999999999998E-003   5.36823593404178     
  6.999999999999999E-003   7.30343766813950     
  8.000000000000000E-003   6.52393756132588     
  9.000000000000001E-003   4.95383958988396     
  1.000000000000000E-002   8.32754159926967     
  1.100000000000000E-002   4.12943129661991     
  1.200000000000000E-002   1.19352739726815     
  1.300000000000000E-002  0.000000000000000E+000
  1.400000000000000E-002  0.000000000000000E+000
  1.500000000000000E-002  0.000000000000000E+000
  1.600000000000000E-002  0.000000000000000E+000
  1.700000000000000E-002  0.000000000000000E+000
  1.800000000000000E-002  0.000000000000000E+000
  1.900000000000000E-002  0.000000000000000E+000
  2.000000000000000E-002  0.000000000000000E+000
  2.100000000000000E-002  0.000000000000000E+000
  2.200000000000000E-002  0.000000000000000E+000
  2.300000000000000E-002  0.000000000000000E+000
  2.400000000000000E-002  0.000000000000000E+000
  2.500000000000000E-002  0.000000000000000E+000
