 -2.500000000000000E-002  0.000000000000000E+000
 -2.400000000000000E-002  0.000000000000000E+000
 -2.300000000000000E-002  0.000000000000000E+000
 -2.200000000000000E-002  0.000000000000000E+000
 -2.100000000000000E-002  0.000000000000000E+000
 -2.000000000000000E-002  0.000000000000000E+000
 -1.900000000000000E-002  0.000000000000000E+000
 -1.800000000000000E-002  0.000000000000000E+000
 -1.700000000000000E-002  0.000000000000000E+000
 -1.600000000000000E-002  0.000000000000000E+000
 -1.500000000000000E-002  0.000000000000000E+000
 -1.400000000000000E-002  0.000000000000000E+000
 -1.300000000000000E-002  0.000000000000000E+000
 -1.200000000000000E-002  0.000000000000000E+000
 -1.100000000000000E-002  0.000000000000000E+000
 -1.000000000000000E-002  0.000000000000000E+000
 -9.000000000000001E-003  0.000000000000000E+000
 -8.000000000000000E-003  0.000000000000000E+000
 -6.999999999999999E-003  6.021578602887429E-002
 -6.000000000000002E-003   7.51736806320452     
 -5.000000000000001E-003   11.3721135377358     
 -4.000000000000000E-003   20.3907523516739     
 -3.000000000000003E-003   18.8432454263884     
 -2.000000000000002E-003   11.1632940521166     
 -1.000000000000001E-003   9.13773416277103     
  0.000000000000000E+000   5.80130245875806     
  1.000000000000001E-003   3.36385642085727     
  1.999999999999998E-003   2.61194746352080     
  2.999999999999999E-003   1.99770193542899     
  4.000000000000000E-003   2.58153604987396     
  4.999999999999998E-003   2.19996250163809     
  5.999999999999998E-003   2.62616847328216     
  6.999999999999999E-003  0.956118822374910     
  8.000000000000000E-003   3.30855902956630     
  9.000000000000001E-003   3.29958369427450     
  1.000000000000000E-002   1.63459546672132     
  1.100000000000000E-002   3.87952831740591     
  1.200000000000000E-002   3.75433088267746     
  1.300000000000000E-002   3.64334687274185     
  1.400000000000000E-002  0.325848230959175     
  1.500000000000000E-002  0.000000000000000E+000
  1.600000000000000E-002  0.000000000000000E+000
  1.700000000000000E-002  0.000000000000000E+000
  1.800000000000000E-002  0.000000000000000E+000
  1.900000000000000E-002  0.000000000000000E+000
  2.000000000000000E-002  0.000000000000000E+000
  2.100000000000000E-002  0.000000000000000E+000
  2.200000000000000E-002  0.000000000000000E+000
  2.300000000000000E-002  0.000000000000000E+000
  2.400000000000000E-002  0.000000000000000E+000
  2.500000000000000E-002  0.000000000000000E+000
