 -2.500000000000000E-002  0.000000000000000E+000
 -2.400000000000000E-002  0.000000000000000E+000
 -2.300000000000000E-002  0.000000000000000E+000
 -2.200000000000000E-002  0.000000000000000E+000
 -2.100000000000000E-002  0.000000000000000E+000
 -2.000000000000000E-002  0.000000000000000E+000
 -1.900000000000000E-002  0.000000000000000E+000
 -1.800000000000000E-002  0.249777551953937     
 -1.700000000000000E-002  0.815231966502174     
 -1.600000000000000E-002   1.77788132374460     
 -1.500000000000000E-002  0.407470995611579     
 -1.400000000000000E-002  0.317178946081114     
 -1.300000000000000E-002   1.14757926720324     
 -1.200000000000000E-002  0.985193025334820     
 -1.100000000000000E-002   1.25037855941793     
 -1.000000000000000E-002  0.404621081310112     
 -9.000000000000001E-003  0.220137357454916     
 -8.000000000000000E-003   1.20403891379736     
 -6.999999999999999E-003   7.23363355493646     
 -6.000000000000002E-003   12.3042520365749     
 -5.000000000000001E-003   11.5348484690990     
 -4.000000000000000E-003   9.92582572557810     
 -3.000000000000003E-003   7.93555356193091     
 -2.000000000000002E-003   8.69153312586350     
 -1.000000000000001E-003   8.67061135132278     
  0.000000000000000E+000   7.82690245348410     
  1.000000000000001E-003   7.40613430549596     
  1.999999999999998E-003   12.2848188176414     
  2.999999999999999E-003   8.50654968006924     
  4.000000000000000E-003   15.3727183704273     
  4.999999999999998E-003   15.5320144363185     
  5.999999999999998E-003   8.45414514434574     
  6.999999999999999E-003   3.53379647390774     
  8.000000000000000E-003   3.46685041097400     
  9.000000000000001E-003   1.59769560895332     
  1.000000000000000E-002   1.42281370350062     
  1.100000000000000E-002   2.05675143807138     
  1.200000000000000E-002   2.38442175800214     
  1.300000000000000E-002  0.258120585091110     
  1.400000000000000E-002  0.000000000000000E+000
  1.500000000000000E-002  0.000000000000000E+000
  1.600000000000000E-002  0.000000000000000E+000
  1.700000000000000E-002  0.000000000000000E+000
  1.800000000000000E-002  0.000000000000000E+000
  1.900000000000000E-002  0.000000000000000E+000
  2.000000000000000E-002  0.000000000000000E+000
  2.100000000000000E-002  0.000000000000000E+000
  2.200000000000000E-002  0.000000000000000E+000
  2.300000000000000E-002  0.000000000000000E+000
  2.400000000000000E-002  0.000000000000000E+000
  2.500000000000000E-002  0.000000000000000E+000
