 -2.500000000000000E-002  0.000000000000000E+000
 -2.400000000000000E-002  0.000000000000000E+000
 -2.300000000000000E-002  0.000000000000000E+000
 -2.200000000000000E-002  0.000000000000000E+000
 -2.100000000000000E-002  0.000000000000000E+000
 -2.000000000000000E-002  0.000000000000000E+000
 -1.900000000000000E-002  0.000000000000000E+000
 -1.800000000000000E-002  0.000000000000000E+000
 -1.700000000000000E-002  0.000000000000000E+000
 -1.600000000000000E-002  0.000000000000000E+000
 -1.500000000000000E-002  0.000000000000000E+000
 -1.400000000000000E-002  0.000000000000000E+000
 -1.300000000000000E-002  0.000000000000000E+000
 -1.200000000000000E-002  0.000000000000000E+000
 -1.100000000000000E-002  0.000000000000000E+000
 -1.000000000000000E-002  0.000000000000000E+000
 -9.000000000000001E-003  0.000000000000000E+000
 -8.000000000000000E-003  0.000000000000000E+000
 -6.999999999999999E-003   1.73253294502934     
 -6.000000000000002E-003   8.39091955941228     
 -5.000000000000001E-003   11.2244537519760     
 -4.000000000000000E-003   12.3638512012153     
 -3.000000000000003E-003   12.1101631802242     
 -2.000000000000002E-003   14.6490098126789     
 -1.000000000000001E-003   14.7615688585687     
  0.000000000000000E+000   8.38523530539027     
  1.000000000000001E-003   7.14899268531962     
  1.999999999999998E-003   6.79697202685799     
  2.999999999999999E-003   1.01274919719907     
  4.000000000000000E-003   1.70285788967535     
  4.999999999999998E-003   1.10931687507377     
  5.999999999999998E-003  0.573481631451698     
  6.999999999999999E-003  0.928708944038393     
  8.000000000000000E-003   2.11802105109567     
  9.000000000000001E-003   1.93285024795678     
  1.000000000000000E-002  0.747898196880586     
  1.100000000000000E-002   4.65056485959462     
  1.200000000000000E-002   4.02939248850566     
  1.300000000000000E-002   2.49219692626132     
  1.400000000000000E-002   1.71120146176140     
  1.500000000000000E-002  0.238540903833038     
  1.600000000000000E-002  0.000000000000000E+000
  1.700000000000000E-002  0.000000000000000E+000
  1.800000000000000E-002  0.000000000000000E+000
  1.900000000000000E-002  0.000000000000000E+000
  2.000000000000000E-002  0.000000000000000E+000
  2.100000000000000E-002  0.000000000000000E+000
  2.200000000000000E-002  0.000000000000000E+000
  2.300000000000000E-002  0.000000000000000E+000
  2.400000000000000E-002  0.000000000000000E+000
  2.500000000000000E-002  0.000000000000000E+000
