 -2.500000000000000E-002  0.000000000000000E+000
 -2.400000000000000E-002  0.000000000000000E+000
 -2.300000000000000E-002  0.000000000000000E+000
 -2.200000000000000E-002  0.000000000000000E+000
 -2.100000000000000E-002  0.000000000000000E+000
 -2.000000000000000E-002  0.000000000000000E+000
 -1.900000000000000E-002  0.000000000000000E+000
 -1.800000000000000E-002  0.000000000000000E+000
 -1.700000000000000E-002  0.000000000000000E+000
 -1.600000000000000E-002  0.000000000000000E+000
 -1.500000000000000E-002  0.000000000000000E+000
 -1.400000000000000E-002  0.000000000000000E+000
 -1.300000000000000E-002  0.000000000000000E+000
 -1.200000000000000E-002  0.000000000000000E+000
 -1.100000000000000E-002  0.000000000000000E+000
 -1.000000000000000E-002  0.000000000000000E+000
 -9.000000000000001E-003  0.000000000000000E+000
 -8.000000000000000E-003  0.000000000000000E+000
 -6.999999999999999E-003  0.973183675542329     
 -6.000000000000002E-003   2.17743460467797     
 -5.000000000000001E-003   7.26868657569948     
 -4.000000000000000E-003   12.8789903521794     
 -3.000000000000003E-003   18.9588137789721     
 -2.000000000000002E-003   17.8148673079609     
 -1.000000000000001E-003   18.7090854135316     
  0.000000000000000E+000   16.8348770960690     
  1.000000000000001E-003   11.7541649581646     
  1.999999999999998E-003   6.81485442335986     
  2.999999999999999E-003   4.12518102310383     
  4.000000000000000E-003   3.09351298615371     
  4.999999999999998E-003   3.19789322068900     
  5.999999999999998E-003   3.44599052313703     
  6.999999999999999E-003   4.41022407692022     
  8.000000000000000E-003   1.67888023210163     
  9.000000000000001E-003   1.85513136459374     
  1.000000000000000E-002   2.26171833021405     
  1.100000000000000E-002   3.02586359386097     
  1.200000000000000E-002  0.964809416783533     
  1.300000000000000E-002  0.159307046285103     
  1.400000000000000E-002  0.000000000000000E+000
  1.500000000000000E-002  0.000000000000000E+000
  1.600000000000000E-002  0.000000000000000E+000
  1.700000000000000E-002  0.000000000000000E+000
  1.800000000000000E-002  0.000000000000000E+000
  1.900000000000000E-002  0.000000000000000E+000
  2.000000000000000E-002  0.000000000000000E+000
  2.100000000000000E-002  0.000000000000000E+000
  2.200000000000000E-002  0.000000000000000E+000
  2.300000000000000E-002  0.000000000000000E+000
  2.400000000000000E-002  0.000000000000000E+000
  2.500000000000000E-002  0.000000000000000E+000
