 -2.500000000000000E-002  0.000000000000000E+000
 -2.400000000000000E-002  0.000000000000000E+000
 -2.300000000000000E-002  0.000000000000000E+000
 -2.200000000000000E-002  0.000000000000000E+000
 -2.100000000000000E-002  0.000000000000000E+000
 -2.000000000000000E-002  0.000000000000000E+000
 -1.900000000000000E-002  0.000000000000000E+000
 -1.800000000000000E-002  0.000000000000000E+000
 -1.700000000000000E-002  0.000000000000000E+000
 -1.600000000000000E-002  0.143760165747355     
 -1.500000000000000E-002  0.388695082936100     
 -1.400000000000000E-002   1.82333477155439     
 -1.300000000000000E-002  0.235049979762151     
 -1.200000000000000E-002  0.559829420464772     
 -1.100000000000000E-002  0.893534674887580     
 -1.000000000000000E-002   1.20741965768134     
 -9.000000000000001E-003  0.929794295666370     
 -8.000000000000000E-003  0.647536206166518     
 -6.999999999999999E-003  0.732964962688643     
 -6.000000000000002E-003   1.25609904163756     
 -5.000000000000001E-003   1.97417173749912     
 -4.000000000000000E-003   5.54918931964397     
 -3.000000000000003E-003   20.9960567047884     
 -2.000000000000002E-003   56.6240077414809     
 -1.000000000000001E-003   74.6055129829150     
  0.000000000000000E+000   59.3799610321939     
  1.000000000000001E-003   47.0343874669516     
  1.999999999999998E-003   30.1075717924639     
  2.999999999999999E-003   23.5755287211826     
  4.000000000000000E-003   1.95160741604488     
  4.999999999999998E-003   1.01048865499843     
  5.999999999999998E-003   1.41414240491767     
  6.999999999999999E-003  0.969728216015865     
  8.000000000000000E-003  0.922426189515758     
  9.000000000000001E-003   1.04798943653817     
  1.000000000000000E-002   1.09324000642749     
  1.100000000000000E-002   1.36460920864970     
  1.200000000000000E-002   1.78156987952267     
  1.300000000000000E-002   1.87903417005423     
  1.400000000000000E-002   2.44444940477045     
  1.500000000000000E-002   1.98133217262658     
  1.600000000000000E-002  0.351927081606109     
  1.700000000000000E-002  0.000000000000000E+000
  1.800000000000000E-002  0.000000000000000E+000
  1.900000000000000E-002  0.000000000000000E+000
  2.000000000000000E-002  0.000000000000000E+000
  2.100000000000000E-002  0.000000000000000E+000
  2.200000000000000E-002  0.000000000000000E+000
  2.300000000000000E-002  0.000000000000000E+000
  2.400000000000000E-002  0.000000000000000E+000
  2.500000000000000E-002  0.000000000000000E+000
