 -2.500000000000000E-002  0.000000000000000E+000
 -2.400000000000000E-002  0.000000000000000E+000
 -2.300000000000000E-002  0.000000000000000E+000
 -2.200000000000000E-002  0.000000000000000E+000
 -2.100000000000000E-002  0.000000000000000E+000
 -2.000000000000000E-002  0.000000000000000E+000
 -1.900000000000000E-002  0.000000000000000E+000
 -1.800000000000000E-002  0.000000000000000E+000
 -1.700000000000000E-002  0.000000000000000E+000
 -1.600000000000000E-002  0.000000000000000E+000
 -1.500000000000000E-002  0.000000000000000E+000
 -1.400000000000000E-002  0.000000000000000E+000
 -1.300000000000000E-002  0.000000000000000E+000
 -1.200000000000000E-002  0.000000000000000E+000
 -1.100000000000000E-002  0.000000000000000E+000
 -1.000000000000000E-002  0.000000000000000E+000
 -9.000000000000001E-003  0.000000000000000E+000
 -8.000000000000000E-003  0.000000000000000E+000
 -6.999999999999999E-003  0.000000000000000E+000
 -6.000000000000002E-003  0.000000000000000E+000
 -5.000000000000001E-003  0.000000000000000E+000
 -4.000000000000000E-003   2.80776107596780     
 -3.000000000000003E-003   34.6778395834736     
 -2.000000000000002E-003   79.0591665199406     
 -1.000000000000001E-003   88.9961339841235     
  0.000000000000000E+000   70.4104283349747     
  1.000000000000001E-003   51.3869928735469     
  1.999999999999998E-003   41.4905428942832     
  2.999999999999999E-003   25.4318252111635     
  4.000000000000000E-003   1.75507427906715     
  4.999999999999998E-003  0.434304417110738     
  5.999999999999998E-003   1.37720258805086     
  6.999999999999999E-003   1.16829674257452     
  8.000000000000000E-003  0.304205464688716     
  9.000000000000001E-003  0.702262842038456     
  1.000000000000000E-002   1.29183634807436     
  1.100000000000000E-002   2.77313090035358     
  1.200000000000000E-002   1.94049701358341     
  1.300000000000000E-002  0.749893977076654     
  1.400000000000000E-002   1.77081126752572     
  1.500000000000000E-002  0.342933682382360     
  1.600000000000000E-002  0.000000000000000E+000
  1.700000000000000E-002  0.000000000000000E+000
  1.800000000000000E-002  0.000000000000000E+000
  1.900000000000000E-002  0.000000000000000E+000
  2.000000000000000E-002  0.000000000000000E+000
  2.100000000000000E-002  0.000000000000000E+000
  2.200000000000000E-002  0.000000000000000E+000
  2.300000000000000E-002  0.000000000000000E+000
  2.400000000000000E-002  0.000000000000000E+000
  2.500000000000000E-002  0.000000000000000E+000
