 -2.500000000000000E-002  0.000000000000000E+000
 -2.400000000000000E-002  0.000000000000000E+000
 -2.300000000000000E-002  0.000000000000000E+000
 -2.200000000000000E-002  0.000000000000000E+000
 -2.100000000000000E-002  0.000000000000000E+000
 -2.000000000000000E-002  0.000000000000000E+000
 -1.900000000000000E-002  0.000000000000000E+000
 -1.800000000000000E-002  0.000000000000000E+000
 -1.700000000000000E-002  0.000000000000000E+000
 -1.600000000000000E-002  0.000000000000000E+000
 -1.500000000000000E-002  0.000000000000000E+000
 -1.400000000000000E-002  0.000000000000000E+000
 -1.300000000000000E-002  0.000000000000000E+000
 -1.200000000000000E-002  0.427518270740446     
 -1.100000000000000E-002   4.31876357081805     
 -1.000000000000000E-002   3.58700711674603     
 -9.000000000000001E-003   3.13877843143336     
 -8.000000000000000E-003   3.37140874511135     
 -6.999999999999999E-003   2.48701439387696     
 -6.000000000000002E-003   1.21210955945235     
 -5.000000000000001E-003   1.33463156121568     
 -4.000000000000000E-003   2.03033955667665     
 -3.000000000000003E-003   4.67544904659999     
 -2.000000000000002E-003   4.00990394757506     
 -1.000000000000001E-003   3.06703325074992     
  0.000000000000000E+000   5.28936040729531     
  1.000000000000001E-003   10.2075511475721     
  1.999999999999998E-003   25.8561428227835     
  2.999999999999999E-003   27.8053976519048     
  4.000000000000000E-003   9.92266399307185     
  4.999999999999998E-003   5.01270652637657     
  5.999999999999998E-003  0.000000000000000E+000
  6.999999999999999E-003  0.000000000000000E+000
  8.000000000000000E-003  0.000000000000000E+000
  9.000000000000001E-003  0.000000000000000E+000
  1.000000000000000E-002  0.000000000000000E+000
  1.100000000000000E-002  0.000000000000000E+000
  1.200000000000000E-002  0.000000000000000E+000
  1.300000000000000E-002  0.000000000000000E+000
  1.400000000000000E-002  0.000000000000000E+000
  1.500000000000000E-002  0.000000000000000E+000
  1.600000000000000E-002  0.000000000000000E+000
  1.700000000000000E-002  0.000000000000000E+000
  1.800000000000000E-002  0.000000000000000E+000
  1.900000000000000E-002  0.000000000000000E+000
  2.000000000000000E-002  0.000000000000000E+000
  2.100000000000000E-002  0.000000000000000E+000
  2.200000000000000E-002  0.000000000000000E+000
  2.300000000000000E-002  0.000000000000000E+000
  2.400000000000000E-002  0.000000000000000E+000
  2.500000000000000E-002  0.000000000000000E+000
