 -2.500000000000000E-002  0.000000000000000E+000
 -2.400000000000000E-002  0.000000000000000E+000
 -2.300000000000000E-002  0.000000000000000E+000
 -2.200000000000000E-002  0.000000000000000E+000
 -2.100000000000000E-002  0.000000000000000E+000
 -2.000000000000000E-002  0.000000000000000E+000
 -1.900000000000000E-002  0.000000000000000E+000
 -1.800000000000000E-002  0.000000000000000E+000
 -1.700000000000000E-002  0.000000000000000E+000
 -1.600000000000000E-002  0.000000000000000E+000
 -1.500000000000000E-002  0.000000000000000E+000
 -1.400000000000000E-002  0.000000000000000E+000
 -1.300000000000000E-002  0.000000000000000E+000
 -1.200000000000000E-002  0.000000000000000E+000
 -1.100000000000000E-002  0.000000000000000E+000
 -1.000000000000000E-002   1.31188709784549     
 -9.000000000000001E-003   2.96769647604808     
 -8.000000000000000E-003   3.92088410096026     
 -6.999999999999999E-003   3.52449449082715     
 -6.000000000000002E-003   2.96364860546085     
 -5.000000000000001E-003   2.62171291971994     
 -4.000000000000000E-003   4.21184819819345     
 -3.000000000000003E-003   4.44494702737584     
 -2.000000000000002E-003   2.64904309029517     
 -1.000000000000001E-003   4.29832046922695     
  0.000000000000000E+000   4.85368502570920     
  1.000000000000001E-003   5.91826691721179     
  1.999999999999998E-003   4.11576144253543     
  2.999999999999999E-003   4.99647290501288     
  4.000000000000000E-003   4.09237329002106     
  4.999999999999998E-003   9.03211678067040     
  5.999999999999998E-003   7.46493617188956     
  6.999999999999999E-003   3.18749126018902     
  8.000000000000000E-003   1.04333373080749     
  9.000000000000001E-003  0.000000000000000E+000
  1.000000000000000E-002  0.000000000000000E+000
  1.100000000000000E-002  0.000000000000000E+000
  1.200000000000000E-002  0.000000000000000E+000
  1.300000000000000E-002  0.000000000000000E+000
  1.400000000000000E-002  0.000000000000000E+000
  1.500000000000000E-002  0.000000000000000E+000
  1.600000000000000E-002  0.000000000000000E+000
  1.700000000000000E-002  0.000000000000000E+000
  1.800000000000000E-002  0.000000000000000E+000
  1.900000000000000E-002  0.000000000000000E+000
  2.000000000000000E-002  0.000000000000000E+000
  2.100000000000000E-002  0.000000000000000E+000
  2.200000000000000E-002  0.000000000000000E+000
  2.300000000000000E-002  0.000000000000000E+000
  2.400000000000000E-002  0.000000000000000E+000
  2.500000000000000E-002  0.000000000000000E+000
