 -2.500000000000000E-002  0.000000000000000E+000
 -2.400000000000000E-002  0.000000000000000E+000
 -2.300000000000000E-002  0.000000000000000E+000
 -2.200000000000000E-002  0.000000000000000E+000
 -2.100000000000000E-002  0.000000000000000E+000
 -2.000000000000000E-002  0.000000000000000E+000
 -1.900000000000000E-002  0.507542872324088     
 -1.800000000000000E-002   2.80686338279750     
 -1.700000000000000E-002  0.336353744878412     
 -1.600000000000000E-002   1.85716021685482     
 -1.500000000000000E-002   3.05581469801475     
 -1.400000000000000E-002   2.03520508513043     
 -1.300000000000000E-002  0.533498793548735     
 -1.200000000000000E-002  0.623575841970637     
 -1.100000000000000E-002  0.735075876695196     
 -1.000000000000000E-002   2.30226807234212     
 -9.000000000000001E-003   1.54986446764164     
 -8.000000000000000E-003   5.61908525167566     
 -6.999999999999999E-003   10.3048597548809     
 -6.000000000000002E-003   8.20973638524220     
 -5.000000000000001E-003   5.73132312576316     
 -4.000000000000000E-003   5.90975298458333     
 -3.000000000000003E-003   9.06820892806422     
 -2.000000000000002E-003   8.38764161858000     
 -1.000000000000001E-003   7.56291395747282     
  0.000000000000000E+000   8.09810829641084     
  1.000000000000001E-003   11.4749647683052     
  1.999999999999998E-003   17.6532693445167     
  2.999999999999999E-003   16.3376918850350     
  4.000000000000000E-003   8.79046700027997     
  4.999999999999998E-003   4.24100110509363     
  5.999999999999998E-003   4.21884769115462     
  6.999999999999999E-003   6.76315049820225     
  8.000000000000000E-003   3.91459768697889     
  9.000000000000001E-003   4.83683543870721     
  1.000000000000000E-002   10.4392230872217     
  1.100000000000000E-002   7.16175996102993     
  1.200000000000000E-002   1.27037817860347     
  1.300000000000000E-002  0.000000000000000E+000
  1.400000000000000E-002  0.000000000000000E+000
  1.500000000000000E-002  0.000000000000000E+000
  1.600000000000000E-002  0.000000000000000E+000
  1.700000000000000E-002  0.000000000000000E+000
  1.800000000000000E-002  0.000000000000000E+000
  1.900000000000000E-002  0.000000000000000E+000
  2.000000000000000E-002  0.000000000000000E+000
  2.100000000000000E-002  0.000000000000000E+000
  2.200000000000000E-002  0.000000000000000E+000
  2.300000000000000E-002  0.000000000000000E+000
  2.400000000000000E-002  0.000000000000000E+000
  2.500000000000000E-002  0.000000000000000E+000
