 -2.500000000000000E-002  0.000000000000000E+000
 -2.400000000000000E-002  0.000000000000000E+000
 -2.300000000000000E-002  0.000000000000000E+000
 -2.200000000000000E-002  0.000000000000000E+000
 -2.100000000000000E-002  0.000000000000000E+000
 -2.000000000000000E-002  0.000000000000000E+000
 -1.900000000000000E-002  0.000000000000000E+000
 -1.800000000000000E-002  0.000000000000000E+000
 -1.700000000000000E-002  0.000000000000000E+000
 -1.600000000000000E-002  0.111155056193247     
 -1.500000000000000E-002  0.446726877682511     
 -1.400000000000000E-002   1.94541463709760     
 -1.300000000000000E-002  0.696013429026641     
 -1.200000000000000E-002  0.378323515967732     
 -1.100000000000000E-002  0.625192071669667     
 -1.000000000000000E-002   1.31544447796158     
 -9.000000000000001E-003   1.00568122919488     
 -8.000000000000000E-003  0.567803104443634     
 -6.999999999999999E-003   1.14081996146275     
 -6.000000000000002E-003  0.583421445947683     
 -5.000000000000001E-003  0.540453065059421     
 -4.000000000000000E-003   4.42374816325750     
 -3.000000000000003E-003   17.6173158550652     
 -2.000000000000002E-003   23.7237207751177     
 -1.000000000000001E-003   23.8538368549892     
  0.000000000000000E+000   14.2717056404402     
  1.000000000000001E-003   11.7967239211710     
  1.999999999999998E-003   16.9522485734068     
  2.999999999999999E-003   5.61719731721162     
  4.000000000000000E-003   1.35864725628170     
  4.999999999999998E-003  0.619933082847065     
  5.999999999999998E-003   1.49768616266357     
  6.999999999999999E-003  0.868700393824207     
  8.000000000000000E-003  0.640524295708121     
  9.000000000000001E-003  0.662340596373640     
  1.000000000000000E-002   1.09479388385429     
  1.100000000000000E-002   2.84568375982574     
  1.200000000000000E-002   1.16936157404479     
  1.300000000000000E-002   1.94123268534921     
  1.400000000000000E-002   2.54113501521593     
  1.500000000000000E-002   1.43610532164510     
  1.600000000000000E-002  0.000000000000000E+000
  1.700000000000000E-002  0.000000000000000E+000
  1.800000000000000E-002  0.000000000000000E+000
  1.900000000000000E-002  0.000000000000000E+000
  2.000000000000000E-002  0.000000000000000E+000
  2.100000000000000E-002  0.000000000000000E+000
  2.200000000000000E-002  0.000000000000000E+000
  2.300000000000000E-002  0.000000000000000E+000
  2.400000000000000E-002  0.000000000000000E+000
  2.500000000000000E-002  0.000000000000000E+000
