 -2.500000000000000E-002  0.000000000000000E+000
 -2.400000000000000E-002  0.000000000000000E+000
 -2.300000000000000E-002  0.000000000000000E+000
 -2.200000000000000E-002  0.000000000000000E+000
 -2.100000000000000E-002  0.000000000000000E+000
 -2.000000000000000E-002  0.000000000000000E+000
 -1.900000000000000E-002  0.000000000000000E+000
 -1.800000000000000E-002  0.000000000000000E+000
 -1.700000000000000E-002  0.000000000000000E+000
 -1.600000000000000E-002  0.000000000000000E+000
 -1.500000000000000E-002  0.000000000000000E+000
 -1.400000000000000E-002  0.000000000000000E+000
 -1.300000000000000E-002  0.000000000000000E+000
 -1.200000000000000E-002  0.000000000000000E+000
 -1.100000000000000E-002  0.000000000000000E+000
 -1.000000000000000E-002  0.000000000000000E+000
 -9.000000000000001E-003   2.25612146828470     
 -8.000000000000000E-003   2.89196565116907     
 -6.999999999999999E-003   1.69113384997808     
 -6.000000000000002E-003   3.67416765433872     
 -5.000000000000001E-003   5.76720382661394     
 -4.000000000000000E-003   10.9131784031471     
 -3.000000000000003E-003   23.5642484063593     
 -2.000000000000002E-003   37.7424708334990     
 -1.000000000000001E-003   36.3094850994226     
  0.000000000000000E+000   29.6390597211754     
  1.000000000000001E-003   22.3002835501710     
  1.999999999999998E-003   17.8083270952459     
  2.999999999999999E-003   9.91779955956159     
  4.000000000000000E-003   2.37583374982885     
  4.999999999999998E-003   2.19998667216019     
  5.999999999999998E-003   3.40081972786490     
  6.999999999999999E-003   2.30694137605818     
  8.000000000000000E-003   3.55946213791174     
  9.000000000000001E-003   2.23848987157143     
  1.000000000000000E-002   4.62907585593585     
  1.100000000000000E-002   5.04228521577978     
  1.200000000000000E-002   2.16558130154107     
  1.300000000000000E-002  0.498948972381480     
  1.400000000000000E-002  0.000000000000000E+000
  1.500000000000000E-002  0.000000000000000E+000
  1.600000000000000E-002  0.000000000000000E+000
  1.700000000000000E-002  0.000000000000000E+000
  1.800000000000000E-002  0.000000000000000E+000
  1.900000000000000E-002  0.000000000000000E+000
  2.000000000000000E-002  0.000000000000000E+000
  2.100000000000000E-002  0.000000000000000E+000
  2.200000000000000E-002  0.000000000000000E+000
  2.300000000000000E-002  0.000000000000000E+000
  2.400000000000000E-002  0.000000000000000E+000
  2.500000000000000E-002  0.000000000000000E+000
