 -2.500000000000000E-002  0.000000000000000E+000
 -2.400000000000000E-002  0.000000000000000E+000
 -2.300000000000000E-002  0.000000000000000E+000
 -2.200000000000000E-002  0.000000000000000E+000
 -2.100000000000000E-002  0.000000000000000E+000
 -2.000000000000000E-002  0.000000000000000E+000
 -1.900000000000000E-002  0.000000000000000E+000
 -1.800000000000000E-002  0.000000000000000E+000
 -1.700000000000000E-002  0.000000000000000E+000
 -1.600000000000000E-002  0.000000000000000E+000
 -1.500000000000000E-002  0.000000000000000E+000
 -1.400000000000000E-002  0.000000000000000E+000
 -1.300000000000000E-002  0.000000000000000E+000
 -1.200000000000000E-002  0.000000000000000E+000
 -1.100000000000000E-002  0.000000000000000E+000
 -1.000000000000000E-002  0.456819718864999     
 -9.000000000000001E-003   4.33178189350251     
 -8.000000000000000E-003   4.65828836421312     
 -6.999999999999999E-003   4.44915851922903     
 -6.000000000000002E-003   9.81558255149144     
 -5.000000000000001E-003   15.4305096121689     
 -4.000000000000000E-003   12.4658280181915     
 -3.000000000000003E-003   11.5647083530791     
 -2.000000000000002E-003   11.5650801120078     
 -1.000000000000001E-003   7.04439044587724     
  0.000000000000000E+000   2.86902619633772     
  1.000000000000001E-003   4.91099619054062     
  1.999999999999998E-003   4.12507123798399     
  2.999999999999999E-003   2.21338279873382     
  4.000000000000000E-003   2.03992683444959     
  4.999999999999998E-003   2.23770277388031     
  5.999999999999998E-003   3.10988859445864     
  6.999999999999999E-003   3.87995047506358     
  8.000000000000000E-003   5.79266754610810     
  9.000000000000001E-003   5.30508941786124     
  1.000000000000000E-002   6.25638362191929     
  1.100000000000000E-002   6.76371866825222     
  1.200000000000000E-002   3.67600807936437     
  1.300000000000000E-002  0.145619976420704     
  1.400000000000000E-002  0.000000000000000E+000
  1.500000000000000E-002  0.000000000000000E+000
  1.600000000000000E-002  0.000000000000000E+000
  1.700000000000000E-002  0.000000000000000E+000
  1.800000000000000E-002  0.000000000000000E+000
  1.900000000000000E-002  0.000000000000000E+000
  2.000000000000000E-002  0.000000000000000E+000
  2.100000000000000E-002  0.000000000000000E+000
  2.200000000000000E-002  0.000000000000000E+000
  2.300000000000000E-002  0.000000000000000E+000
  2.400000000000000E-002  0.000000000000000E+000
  2.500000000000000E-002  0.000000000000000E+000
