 -2.500000000000000E-002  0.000000000000000E+000
 -2.400000000000000E-002  0.000000000000000E+000
 -2.300000000000000E-002  0.000000000000000E+000
 -2.200000000000000E-002  0.000000000000000E+000
 -2.100000000000000E-002  0.000000000000000E+000
 -2.000000000000000E-002  0.000000000000000E+000
 -1.900000000000000E-002  0.000000000000000E+000
 -1.800000000000000E-002  0.000000000000000E+000
 -1.700000000000000E-002  0.000000000000000E+000
 -1.600000000000000E-002  0.000000000000000E+000
 -1.500000000000000E-002  0.000000000000000E+000
 -1.400000000000000E-002  0.000000000000000E+000
 -1.300000000000000E-002  0.000000000000000E+000
 -1.200000000000000E-002  0.000000000000000E+000
 -1.100000000000000E-002  0.000000000000000E+000
 -1.000000000000000E-002  0.000000000000000E+000
 -9.000000000000001E-003  0.832241257788880     
 -8.000000000000000E-003   3.70496273405979     
 -6.999999999999999E-003   3.52748156608291     
 -6.000000000000002E-003   6.52285522491188     
 -5.000000000000001E-003   11.6063672680164     
 -4.000000000000000E-003   20.3945221402913     
 -3.000000000000003E-003   27.0761628304772     
 -2.000000000000002E-003   33.3508771957742     
 -1.000000000000001E-003   27.0846849763024     
  0.000000000000000E+000   27.0685104539431     
  1.000000000000001E-003   19.1882355504249     
  1.999999999999998E-003   12.4491528461832     
  2.999999999999999E-003   5.34289815302576     
  4.000000000000000E-003   2.19662908572335     
  4.999999999999998E-003   3.78151592327379     
  5.999999999999998E-003   2.88229544112691     
  6.999999999999999E-003   3.47005454856228     
  8.000000000000000E-003   4.85225293133788     
  9.000000000000001E-003   3.18119134432698     
  1.000000000000000E-002   4.58188234046773     
  1.100000000000000E-002   10.2404801514339     
  1.200000000000000E-002   4.32025485669454     
  1.300000000000000E-002  0.453651179770775     
  1.400000000000000E-002  0.000000000000000E+000
  1.500000000000000E-002  0.000000000000000E+000
  1.600000000000000E-002  0.000000000000000E+000
  1.700000000000000E-002  0.000000000000000E+000
  1.800000000000000E-002  0.000000000000000E+000
  1.900000000000000E-002  0.000000000000000E+000
  2.000000000000000E-002  0.000000000000000E+000
  2.100000000000000E-002  0.000000000000000E+000
  2.200000000000000E-002  0.000000000000000E+000
  2.300000000000000E-002  0.000000000000000E+000
  2.400000000000000E-002  0.000000000000000E+000
  2.500000000000000E-002  0.000000000000000E+000
