 -2.500000000000000E-002  0.000000000000000E+000
 -2.400000000000000E-002  0.000000000000000E+000
 -2.300000000000000E-002  0.000000000000000E+000
 -2.200000000000000E-002  0.000000000000000E+000
 -2.100000000000000E-002  0.000000000000000E+000
 -2.000000000000000E-002  0.000000000000000E+000
 -1.900000000000000E-002  0.000000000000000E+000
 -1.800000000000000E-002  0.000000000000000E+000
 -1.700000000000000E-002  0.000000000000000E+000
 -1.600000000000000E-002  0.000000000000000E+000
 -1.500000000000000E-002  0.000000000000000E+000
 -1.400000000000000E-002  0.000000000000000E+000
 -1.300000000000000E-002  0.000000000000000E+000
 -1.200000000000000E-002  0.692140021456693     
 -1.100000000000000E-002   4.32336078147832     
 -1.000000000000000E-002   5.44708624515809     
 -9.000000000000001E-003   4.42219257200201     
 -8.000000000000000E-003   4.74660713791136     
 -6.999999999999999E-003   3.92235456932807     
 -6.000000000000002E-003   6.14462118222358     
 -5.000000000000001E-003   4.40604235437795     
 -4.000000000000000E-003   2.71431921508415     
 -3.000000000000003E-003   2.70013915797212     
 -2.000000000000002E-003   2.82948175482707     
 -1.000000000000001E-003   7.14459943317505     
  0.000000000000000E+000   3.88718064460898     
  1.000000000000001E-003   4.79949517619480     
  1.999999999999998E-003   10.3625159463523     
  2.999999999999999E-003   9.38618050247282     
  4.000000000000000E-003   7.01057169080173     
  4.999999999999998E-003   3.95471429079945     
  5.999999999999998E-003   12.1466913758337     
  6.999999999999999E-003   13.8189813770166     
  8.000000000000000E-003   4.35377209402022     
  9.000000000000001E-003  0.124022476904960     
  1.000000000000000E-002  0.000000000000000E+000
  1.100000000000000E-002  0.000000000000000E+000
  1.200000000000000E-002  0.000000000000000E+000
  1.300000000000000E-002  0.000000000000000E+000
  1.400000000000000E-002  0.000000000000000E+000
  1.500000000000000E-002  0.000000000000000E+000
  1.600000000000000E-002  0.000000000000000E+000
  1.700000000000000E-002  0.000000000000000E+000
  1.800000000000000E-002  0.000000000000000E+000
  1.900000000000000E-002  0.000000000000000E+000
  2.000000000000000E-002  0.000000000000000E+000
  2.100000000000000E-002  0.000000000000000E+000
  2.200000000000000E-002  0.000000000000000E+000
  2.300000000000000E-002  0.000000000000000E+000
  2.400000000000000E-002  0.000000000000000E+000
  2.500000000000000E-002  0.000000000000000E+000
