 -2.500000000000000E-002  0.000000000000000E+000
 -2.400000000000000E-002  0.000000000000000E+000
 -2.300000000000000E-002  0.000000000000000E+000
 -2.200000000000000E-002  0.000000000000000E+000
 -2.100000000000000E-002  0.000000000000000E+000
 -2.000000000000000E-002  0.000000000000000E+000
 -1.900000000000000E-002  0.000000000000000E+000
 -1.800000000000000E-002  0.000000000000000E+000
 -1.700000000000000E-002  0.000000000000000E+000
 -1.600000000000000E-002  0.000000000000000E+000
 -1.500000000000000E-002  0.000000000000000E+000
 -1.400000000000000E-002  0.000000000000000E+000
 -1.300000000000000E-002  0.000000000000000E+000
 -1.200000000000000E-002  0.000000000000000E+000
 -1.100000000000000E-002  0.000000000000000E+000
 -1.000000000000000E-002  0.000000000000000E+000
 -9.000000000000001E-003  0.000000000000000E+000
 -8.000000000000000E-003  0.000000000000000E+000
 -6.999999999999999E-003  0.852253183353967     
 -6.000000000000002E-003   7.41777191363050     
 -5.000000000000001E-003   14.1387418584173     
 -4.000000000000000E-003   24.8592087082795     
 -3.000000000000003E-003   21.5130080466002     
 -2.000000000000002E-003   18.9968081271140     
 -1.000000000000001E-003   14.7924308449576     
  0.000000000000000E+000   11.7182845426129     
  1.000000000000001E-003   14.5588616050342     
  1.999999999999998E-003   8.84517921587781     
  2.999999999999999E-003   9.53615130570831     
  4.000000000000000E-003   6.71242678219718     
  4.999999999999998E-003   13.0525449661090     
  5.999999999999998E-003   9.44335829406606     
  6.999999999999999E-003   8.06044088019854     
  8.000000000000000E-003   2.15628955007002     
  9.000000000000001E-003   1.31643685109242     
  1.000000000000000E-002   2.32196975900765     
  1.100000000000000E-002  0.998554330470944     
  1.200000000000000E-002  0.371879235201954     
  1.300000000000000E-002  0.000000000000000E+000
  1.400000000000000E-002  0.000000000000000E+000
  1.500000000000000E-002  0.000000000000000E+000
  1.600000000000000E-002  0.000000000000000E+000
  1.700000000000000E-002  0.000000000000000E+000
  1.800000000000000E-002  0.000000000000000E+000
  1.900000000000000E-002  0.000000000000000E+000
  2.000000000000000E-002  0.000000000000000E+000
  2.100000000000000E-002  0.000000000000000E+000
  2.200000000000000E-002  0.000000000000000E+000
  2.300000000000000E-002  0.000000000000000E+000
  2.400000000000000E-002  0.000000000000000E+000
  2.500000000000000E-002  0.000000000000000E+000
