 -2.500000000000000E-002  0.000000000000000E+000
 -2.400000000000000E-002  0.000000000000000E+000
 -2.300000000000000E-002  0.000000000000000E+000
 -2.200000000000000E-002  0.000000000000000E+000
 -2.100000000000000E-002  0.000000000000000E+000
 -2.000000000000000E-002  0.000000000000000E+000
 -1.900000000000000E-002  0.000000000000000E+000
 -1.800000000000000E-002  0.000000000000000E+000
 -1.700000000000000E-002  0.000000000000000E+000
 -1.600000000000000E-002  0.000000000000000E+000
 -1.500000000000000E-002  0.000000000000000E+000
 -1.400000000000000E-002  0.000000000000000E+000
 -1.300000000000000E-002  0.000000000000000E+000
 -1.200000000000000E-002  0.000000000000000E+000
 -1.100000000000000E-002  0.000000000000000E+000
 -1.000000000000000E-002  0.000000000000000E+000
 -9.000000000000001E-003  0.000000000000000E+000
 -8.000000000000000E-003  0.386556121202980     
 -6.999999999999999E-003   4.87820628694713     
 -6.000000000000002E-003   8.64542177104185     
 -5.000000000000001E-003   11.2462855201050     
 -4.000000000000000E-003   10.3625704083182     
 -3.000000000000003E-003   12.6069601305245     
 -2.000000000000002E-003   10.6037929296505     
 -1.000000000000001E-003   13.9845786734079     
  0.000000000000000E+000   12.2660796500331     
  1.000000000000001E-003   13.6625868340399     
  1.999999999999998E-003   6.00657773223067     
  2.999999999999999E-003   4.11343157193818     
  4.000000000000000E-003   4.17755230151465     
  4.999999999999998E-003  0.955473230867017     
  5.999999999999998E-003  0.977555511009335     
  6.999999999999999E-003   1.30900530823265     
  8.000000000000000E-003   1.54271061904648     
  9.000000000000001E-003   1.35070261677370     
  1.000000000000000E-002   2.91027230926028     
  1.100000000000000E-002   3.22247282020882     
  1.200000000000000E-002   4.26325117141100     
  1.300000000000000E-002   2.04911395369412     
  1.400000000000000E-002   1.22088287971565     
  1.500000000000000E-002  1.374964882631493E-002
  1.600000000000000E-002  0.000000000000000E+000
  1.700000000000000E-002  0.000000000000000E+000
  1.800000000000000E-002  0.000000000000000E+000
  1.900000000000000E-002  0.000000000000000E+000
  2.000000000000000E-002  0.000000000000000E+000
  2.100000000000000E-002  0.000000000000000E+000
  2.200000000000000E-002  0.000000000000000E+000
  2.300000000000000E-002  0.000000000000000E+000
  2.400000000000000E-002  0.000000000000000E+000
  2.500000000000000E-002  0.000000000000000E+000
