 -2.500000000000000E-002  0.000000000000000E+000
 -2.400000000000000E-002  0.000000000000000E+000
 -2.300000000000000E-002  0.000000000000000E+000
 -2.200000000000000E-002  0.000000000000000E+000
 -2.100000000000000E-002  0.000000000000000E+000
 -2.000000000000000E-002  0.000000000000000E+000
 -1.900000000000000E-002  0.000000000000000E+000
 -1.800000000000000E-002  0.000000000000000E+000
 -1.700000000000000E-002  0.000000000000000E+000
 -1.600000000000000E-002  0.000000000000000E+000
 -1.500000000000000E-002  0.000000000000000E+000
 -1.400000000000000E-002  0.000000000000000E+000
 -1.300000000000000E-002  0.000000000000000E+000
 -1.200000000000000E-002  0.000000000000000E+000
 -1.100000000000000E-002  0.000000000000000E+000
 -1.000000000000000E-002  0.000000000000000E+000
 -9.000000000000001E-003  0.000000000000000E+000
 -8.000000000000000E-003  0.000000000000000E+000
 -6.999999999999999E-003  0.000000000000000E+000
 -6.000000000000002E-003  0.536655074223026     
 -5.000000000000001E-003   6.67056274668865     
 -4.000000000000000E-003   22.8367180058535     
 -3.000000000000003E-003   27.3028411731151     
 -2.000000000000002E-003   27.7893260876775     
 -1.000000000000001E-003   21.5221960918893     
  0.000000000000000E+000   21.8052452459541     
  1.000000000000001E-003   21.8666081349721     
  1.999999999999998E-003   9.41386872656831     
  2.999999999999999E-003   2.53997482471702     
  4.000000000000000E-003   2.92170732572412     
  4.999999999999998E-003   1.72356328383610     
  5.999999999999998E-003   2.94458658504319     
  6.999999999999999E-003   3.25243743041782     
  8.000000000000000E-003   2.00608220884853     
  9.000000000000001E-003   2.71725053123522     
  1.000000000000000E-002   2.38471815929238     
  1.100000000000000E-002   3.59067603773737     
  1.200000000000000E-002   4.96398871020876     
  1.300000000000000E-002  0.991583615997921     
  1.400000000000000E-002  0.000000000000000E+000
  1.500000000000000E-002  0.000000000000000E+000
  1.600000000000000E-002  0.000000000000000E+000
  1.700000000000000E-002  0.000000000000000E+000
  1.800000000000000E-002  0.000000000000000E+000
  1.900000000000000E-002  0.000000000000000E+000
  2.000000000000000E-002  0.000000000000000E+000
  2.100000000000000E-002  0.000000000000000E+000
  2.200000000000000E-002  0.000000000000000E+000
  2.300000000000000E-002  0.000000000000000E+000
  2.400000000000000E-002  0.000000000000000E+000
  2.500000000000000E-002  0.000000000000000E+000
