 -2.500000000000000E-002  0.000000000000000E+000
 -2.400000000000000E-002  0.000000000000000E+000
 -2.300000000000000E-002  0.000000000000000E+000
 -2.200000000000000E-002  0.000000000000000E+000
 -2.100000000000000E-002  0.000000000000000E+000
 -2.000000000000000E-002  0.000000000000000E+000
 -1.900000000000000E-002  0.000000000000000E+000
 -1.800000000000000E-002  0.000000000000000E+000
 -1.700000000000000E-002  0.000000000000000E+000
 -1.600000000000000E-002  0.000000000000000E+000
 -1.500000000000000E-002  0.000000000000000E+000
 -1.400000000000000E-002  0.000000000000000E+000
 -1.300000000000000E-002  0.000000000000000E+000
 -1.200000000000000E-002  0.154543062637547     
 -1.100000000000000E-002   1.86883133647679     
 -1.000000000000000E-002   3.39708180380049     
 -9.000000000000001E-003   3.36114074787295     
 -8.000000000000000E-003   3.58576735829445     
 -6.999999999999999E-003   4.07595211983706     
 -6.000000000000002E-003   7.48829278337405     
 -5.000000000000001E-003   9.34445112265369     
 -4.000000000000000E-003   7.39621442113839     
 -3.000000000000003E-003   7.79731562405656     
 -2.000000000000002E-003   6.43044058745714     
 -1.000000000000001E-003   9.82193856454625     
  0.000000000000000E+000   6.54321640037104     
  1.000000000000001E-003   4.53455135657316     
  1.999999999999998E-003   9.01123809765689     
  2.999999999999999E-003   7.05860275568793     
  4.000000000000000E-003   8.12789541838514     
  4.999999999999998E-003   5.99059639944520     
  5.999999999999998E-003   10.2556198870200     
  6.999999999999999E-003   13.4857383263868     
  8.000000000000000E-003   5.80704216052077     
  9.000000000000001E-003  0.347379665807730     
  1.000000000000000E-002  0.000000000000000E+000
  1.100000000000000E-002  0.000000000000000E+000
  1.200000000000000E-002  0.000000000000000E+000
  1.300000000000000E-002  0.000000000000000E+000
  1.400000000000000E-002  0.000000000000000E+000
  1.500000000000000E-002  0.000000000000000E+000
  1.600000000000000E-002  0.000000000000000E+000
  1.700000000000000E-002  0.000000000000000E+000
  1.800000000000000E-002  0.000000000000000E+000
  1.900000000000000E-002  0.000000000000000E+000
  2.000000000000000E-002  0.000000000000000E+000
  2.100000000000000E-002  0.000000000000000E+000
  2.200000000000000E-002  0.000000000000000E+000
  2.300000000000000E-002  0.000000000000000E+000
  2.400000000000000E-002  0.000000000000000E+000
  2.500000000000000E-002  0.000000000000000E+000
