 -2.500000000000000E-002  0.000000000000000E+000
 -2.400000000000000E-002  0.000000000000000E+000
 -2.300000000000000E-002  0.000000000000000E+000
 -2.200000000000000E-002  0.000000000000000E+000
 -2.100000000000000E-002  0.000000000000000E+000
 -2.000000000000000E-002  0.000000000000000E+000
 -1.900000000000000E-002  0.000000000000000E+000
 -1.800000000000000E-002  0.000000000000000E+000
 -1.700000000000000E-002  0.000000000000000E+000
 -1.600000000000000E-002  0.000000000000000E+000
 -1.500000000000000E-002  0.000000000000000E+000
 -1.400000000000000E-002  0.000000000000000E+000
 -1.300000000000000E-002  0.000000000000000E+000
 -1.200000000000000E-002  0.000000000000000E+000
 -1.100000000000000E-002  0.000000000000000E+000
 -1.000000000000000E-002  0.000000000000000E+000
 -9.000000000000001E-003  0.000000000000000E+000
 -8.000000000000000E-003  0.000000000000000E+000
 -6.999999999999999E-003  4.025291427967580E-002
 -6.000000000000002E-003   7.17561979108220     
 -5.000000000000001E-003   15.2044677038141     
 -4.000000000000000E-003   19.6097873191021     
 -3.000000000000003E-003   24.8838722293248     
 -2.000000000000002E-003   21.5525298509551     
 -1.000000000000001E-003   20.7246238693752     
  0.000000000000000E+000   19.7587094107790     
  1.000000000000001E-003   13.1719572494502     
  1.999999999999998E-003   16.4984370281569     
  2.999999999999999E-003   12.1290029162530     
  4.000000000000000E-003   6.41827872753374     
  4.999999999999998E-003   8.14588707548150     
  5.999999999999998E-003   8.40559656304318     
  6.999999999999999E-003   3.36996064580820     
  8.000000000000000E-003   5.24240385067143     
  9.000000000000001E-003   1.18435163206837     
  1.000000000000000E-002  0.839612016882841     
  1.100000000000000E-002   1.15267956927918     
  1.200000000000000E-002   1.54830038147035     
  1.300000000000000E-002  0.333332080353242     
  1.400000000000000E-002  2.931947644866822E-002
  1.500000000000000E-002  0.684380781877395     
  1.600000000000000E-002  0.180746916509743     
  1.700000000000000E-002  0.000000000000000E+000
  1.800000000000000E-002  0.000000000000000E+000
  1.900000000000000E-002  0.000000000000000E+000
  2.000000000000000E-002  0.000000000000000E+000
  2.100000000000000E-002  0.000000000000000E+000
  2.200000000000000E-002  0.000000000000000E+000
  2.300000000000000E-002  0.000000000000000E+000
  2.400000000000000E-002  0.000000000000000E+000
  2.500000000000000E-002  0.000000000000000E+000
