 -2.500000000000000E-002  0.000000000000000E+000
 -2.400000000000000E-002  0.000000000000000E+000
 -2.300000000000000E-002  0.000000000000000E+000
 -2.200000000000000E-002  0.000000000000000E+000
 -2.100000000000000E-002  0.000000000000000E+000
 -2.000000000000000E-002  0.000000000000000E+000
 -1.900000000000000E-002  0.000000000000000E+000
 -1.800000000000000E-002  0.000000000000000E+000
 -1.700000000000000E-002  0.000000000000000E+000
 -1.600000000000000E-002  0.000000000000000E+000
 -1.500000000000000E-002  0.000000000000000E+000
 -1.400000000000000E-002  0.000000000000000E+000
 -1.300000000000000E-002  0.000000000000000E+000
 -1.200000000000000E-002  0.000000000000000E+000
 -1.100000000000000E-002  0.000000000000000E+000
 -1.000000000000000E-002  0.000000000000000E+000
 -9.000000000000001E-003  0.000000000000000E+000
 -8.000000000000000E-003  0.552379363005905     
 -6.999999999999999E-003   9.16871268257427     
 -6.000000000000002E-003   20.6513404051685     
 -5.000000000000001E-003   21.1106619943721     
 -4.000000000000000E-003   17.6304897589161     
 -3.000000000000003E-003   22.8939357446162     
 -2.000000000000002E-003   21.5250668399531     
 -1.000000000000001E-003   20.7852433550042     
  0.000000000000000E+000   18.0520087477459     
  1.000000000000001E-003   30.1036237602574     
  1.999999999999998E-003   29.3955762545984     
  2.999999999999999E-003   13.9622950587207     
  4.000000000000000E-003   7.81881751285162     
  4.999999999999998E-003   4.86625804722624     
  5.999999999999998E-003   4.10283329008363     
  6.999999999999999E-003   2.46519393034407     
  8.000000000000000E-003   5.86714064647937     
  9.000000000000001E-003   3.28123923270197     
  1.000000000000000E-002   5.36148190082073     
  1.100000000000000E-002   11.0277978233430     
  1.200000000000000E-002   1.81669365121653     
  1.300000000000000E-002  0.000000000000000E+000
  1.400000000000000E-002  0.000000000000000E+000
  1.500000000000000E-002  0.000000000000000E+000
  1.600000000000000E-002  0.000000000000000E+000
  1.700000000000000E-002  0.000000000000000E+000
  1.800000000000000E-002  0.000000000000000E+000
  1.900000000000000E-002  0.000000000000000E+000
  2.000000000000000E-002  0.000000000000000E+000
  2.100000000000000E-002  0.000000000000000E+000
  2.200000000000000E-002  0.000000000000000E+000
  2.300000000000000E-002  0.000000000000000E+000
  2.400000000000000E-002  0.000000000000000E+000
  2.500000000000000E-002  0.000000000000000E+000
