 -2.500000000000000E-002  0.000000000000000E+000
 -2.400000000000000E-002  0.000000000000000E+000
 -2.300000000000000E-002  0.000000000000000E+000
 -2.200000000000000E-002  0.000000000000000E+000
 -2.100000000000000E-002  0.000000000000000E+000
 -2.000000000000000E-002  0.000000000000000E+000
 -1.900000000000000E-002  0.000000000000000E+000
 -1.800000000000000E-002  0.000000000000000E+000
 -1.700000000000000E-002  0.000000000000000E+000
 -1.600000000000000E-002  0.000000000000000E+000
 -1.500000000000000E-002  0.000000000000000E+000
 -1.400000000000000E-002  0.000000000000000E+000
 -1.300000000000000E-002  0.000000000000000E+000
 -1.200000000000000E-002  0.000000000000000E+000
 -1.100000000000000E-002  0.197638079686730     
 -1.000000000000000E-002   3.99050335567029     
 -9.000000000000001E-003   10.2815939130006     
 -8.000000000000000E-003   10.8819516297399     
 -6.999999999999999E-003   6.98325267069373     
 -6.000000000000002E-003   5.84460548803222     
 -5.000000000000001E-003   4.97533947425327     
 -4.000000000000000E-003   5.16714922624293     
 -3.000000000000003E-003   7.54267173955432     
 -2.000000000000002E-003   10.8064107311916     
 -1.000000000000001E-003   9.92411587702941     
  0.000000000000000E+000   12.8132318258022     
  1.000000000000001E-003   11.1147813533423     
  1.999999999999998E-003   4.57353660267076     
  2.999999999999999E-003   8.52830646593167     
  4.000000000000000E-003   11.3844514931675     
  4.999999999999998E-003   19.6225444108292     
  5.999999999999998E-003   11.9072350440161     
  6.999999999999999E-003   5.62642149583535     
  8.000000000000000E-003   5.83499889164216     
  9.000000000000001E-003   5.50142222102834     
  1.000000000000000E-002  0.953808010639560     
  1.100000000000000E-002  0.000000000000000E+000
  1.200000000000000E-002  0.000000000000000E+000
  1.300000000000000E-002  0.000000000000000E+000
  1.400000000000000E-002  0.000000000000000E+000
  1.500000000000000E-002  0.000000000000000E+000
  1.600000000000000E-002  0.000000000000000E+000
  1.700000000000000E-002  0.000000000000000E+000
  1.800000000000000E-002  0.000000000000000E+000
  1.900000000000000E-002  0.000000000000000E+000
  2.000000000000000E-002  0.000000000000000E+000
  2.100000000000000E-002  0.000000000000000E+000
  2.200000000000000E-002  0.000000000000000E+000
  2.300000000000000E-002  0.000000000000000E+000
  2.400000000000000E-002  0.000000000000000E+000
  2.500000000000000E-002  0.000000000000000E+000
