 -2.500000000000000E-002  0.000000000000000E+000
 -2.400000000000000E-002  0.000000000000000E+000
 -2.300000000000000E-002  0.000000000000000E+000
 -2.200000000000000E-002  0.000000000000000E+000
 -2.100000000000000E-002  0.000000000000000E+000
 -2.000000000000000E-002  0.000000000000000E+000
 -1.900000000000000E-002  0.000000000000000E+000
 -1.800000000000000E-002  0.000000000000000E+000
 -1.700000000000000E-002  0.000000000000000E+000
 -1.600000000000000E-002  0.000000000000000E+000
 -1.500000000000000E-002  0.000000000000000E+000
 -1.400000000000000E-002  0.000000000000000E+000
 -1.300000000000000E-002  0.000000000000000E+000
 -1.200000000000000E-002  0.000000000000000E+000
 -1.100000000000000E-002  0.000000000000000E+000
 -1.000000000000000E-002  0.000000000000000E+000
 -9.000000000000001E-003  0.000000000000000E+000
 -8.000000000000000E-003   3.70132365530268     
 -6.999999999999999E-003   14.0300357581117     
 -6.000000000000002E-003   19.3085529266599     
 -5.000000000000001E-003   15.5257932081951     
 -4.000000000000000E-003   16.6544535163194     
 -3.000000000000003E-003   20.0495146276386     
 -2.000000000000002E-003   17.7212374053033     
 -1.000000000000001E-003   11.2066790525438     
  0.000000000000000E+000   9.73887109754522     
  1.000000000000001E-003   8.09617865285357     
  1.999999999999998E-003   15.7090727721508     
  2.999999999999999E-003   15.7405271371226     
  4.000000000000000E-003   10.3441071692535     
  4.999999999999998E-003   4.84654191446821     
  5.999999999999998E-003   6.63024978397118     
  6.999999999999999E-003   3.20119035612030     
  8.000000000000000E-003   4.58745744005870     
  9.000000000000001E-003   3.61442049041389     
  1.000000000000000E-002   6.65262552080852     
  1.100000000000000E-002   8.84725010386284     
  1.200000000000000E-002   3.48581582888298     
  1.300000000000000E-002  0.260991582413226     
  1.400000000000000E-002  0.000000000000000E+000
  1.500000000000000E-002  0.000000000000000E+000
  1.600000000000000E-002  0.000000000000000E+000
  1.700000000000000E-002  0.000000000000000E+000
  1.800000000000000E-002  0.000000000000000E+000
  1.900000000000000E-002  0.000000000000000E+000
  2.000000000000000E-002  0.000000000000000E+000
  2.100000000000000E-002  0.000000000000000E+000
  2.200000000000000E-002  0.000000000000000E+000
  2.300000000000000E-002  0.000000000000000E+000
  2.400000000000000E-002  0.000000000000000E+000
  2.500000000000000E-002  0.000000000000000E+000
