 -2.500000000000000E-002  0.000000000000000E+000
 -2.400000000000000E-002  0.000000000000000E+000
 -2.300000000000000E-002  0.000000000000000E+000
 -2.200000000000000E-002  0.000000000000000E+000
 -2.100000000000000E-002  0.000000000000000E+000
 -2.000000000000000E-002  0.000000000000000E+000
 -1.900000000000000E-002  0.000000000000000E+000
 -1.800000000000000E-002  0.000000000000000E+000
 -1.700000000000000E-002  0.000000000000000E+000
 -1.600000000000000E-002  0.000000000000000E+000
 -1.500000000000000E-002  0.421233559582281     
 -1.400000000000000E-002   1.95425390917226     
 -1.300000000000000E-002  0.498896601388860     
 -1.200000000000000E-002   1.05298344844171     
 -1.100000000000000E-002   1.45420397681295     
 -1.000000000000000E-002  0.998825527762881     
 -9.000000000000001E-003  0.630701148030506     
 -8.000000000000000E-003   1.02214866306897     
 -6.999999999999999E-003   2.22720537588286     
 -6.000000000000002E-003   5.30680564806680     
 -5.000000000000001E-003   9.96144368109939     
 -4.000000000000000E-003   13.7423941631269     
 -3.000000000000003E-003   8.51149095702810     
 -2.000000000000002E-003   9.50643417921791     
 -1.000000000000001E-003   13.3993428947038     
  0.000000000000000E+000   9.35255069023053     
  1.000000000000001E-003   4.28344305162529     
  1.999999999999998E-003   3.67637429462199     
  2.999999999999999E-003   4.36156336779239     
  4.000000000000000E-003   2.70910081331780     
  4.999999999999998E-003  0.851772290680440     
  5.999999999999998E-003  0.887654663773680     
  6.999999999999999E-003  0.939558582273573     
  8.000000000000000E-003  0.460223408204974     
  9.000000000000001E-003  0.302466460361946     
  1.000000000000000E-002   2.13664644322139     
  1.100000000000000E-002   1.98219985550279     
  1.200000000000000E-002   2.14653733183747     
  1.300000000000000E-002   1.82772928921303     
  1.400000000000000E-002   6.64620522601325     
  1.500000000000000E-002   2.58617236650316     
  1.600000000000000E-002   1.07271656897750     
  1.700000000000000E-002  4.575156246263447E-002
  1.800000000000000E-002  0.000000000000000E+000
  1.900000000000000E-002  0.000000000000000E+000
  2.000000000000000E-002  0.000000000000000E+000
  2.100000000000000E-002  0.000000000000000E+000
  2.200000000000000E-002  0.000000000000000E+000
  2.300000000000000E-002  0.000000000000000E+000
  2.400000000000000E-002  0.000000000000000E+000
  2.500000000000000E-002  0.000000000000000E+000
