 -2.500000000000000E-002  0.000000000000000E+000
 -2.400000000000000E-002  0.000000000000000E+000
 -2.300000000000000E-002  0.000000000000000E+000
 -2.200000000000000E-002  0.000000000000000E+000
 -2.100000000000000E-002  0.000000000000000E+000
 -2.000000000000000E-002  0.000000000000000E+000
 -1.900000000000000E-002  0.000000000000000E+000
 -1.800000000000000E-002  0.000000000000000E+000
 -1.700000000000000E-002  0.000000000000000E+000
 -1.600000000000000E-002  0.000000000000000E+000
 -1.500000000000000E-002  0.000000000000000E+000
 -1.400000000000000E-002  0.000000000000000E+000
 -1.300000000000000E-002  0.000000000000000E+000
 -1.200000000000000E-002  0.000000000000000E+000
 -1.100000000000000E-002  0.000000000000000E+000
 -1.000000000000000E-002  0.000000000000000E+000
 -9.000000000000001E-003   2.26735226251592     
 -8.000000000000000E-003   2.85254310138588     
 -6.999999999999999E-003   1.79735808945304     
 -6.000000000000002E-003   5.31566151105804     
 -5.000000000000001E-003   10.1063029925057     
 -4.000000000000000E-003   13.0206532431562     
 -3.000000000000003E-003   12.1752368382650     
 -2.000000000000002E-003   10.6787443590653     
 -1.000000000000001E-003   7.60939757014577     
  0.000000000000000E+000   10.1264930480824     
  1.000000000000001E-003   5.30804822787245     
  1.999999999999998E-003   1.46417573200935     
  2.999999999999999E-003   2.90636182418789     
  4.000000000000000E-003   2.08887781245508     
  4.999999999999998E-003   2.08099421997279     
  5.999999999999998E-003   3.55292305972853     
  6.999999999999999E-003   2.11478423070306     
  8.000000000000000E-003   3.70018881388260     
  9.000000000000001E-003   2.10026203364703     
  1.000000000000000E-002   4.53189763436909     
  1.100000000000000E-002   5.14799785191774     
  1.200000000000000E-002   2.15863803908347     
  1.300000000000000E-002  0.494207504537700     
  1.400000000000000E-002  0.000000000000000E+000
  1.500000000000000E-002  0.000000000000000E+000
  1.600000000000000E-002  0.000000000000000E+000
  1.700000000000000E-002  0.000000000000000E+000
  1.800000000000000E-002  0.000000000000000E+000
  1.900000000000000E-002  0.000000000000000E+000
  2.000000000000000E-002  0.000000000000000E+000
  2.100000000000000E-002  0.000000000000000E+000
  2.200000000000000E-002  0.000000000000000E+000
  2.300000000000000E-002  0.000000000000000E+000
  2.400000000000000E-002  0.000000000000000E+000
  2.500000000000000E-002  0.000000000000000E+000
