 -2.500000000000000E-002  0.000000000000000E+000
 -2.400000000000000E-002  0.000000000000000E+000
 -2.300000000000000E-002  0.000000000000000E+000
 -2.200000000000000E-002  0.000000000000000E+000
 -2.100000000000000E-002  0.000000000000000E+000
 -2.000000000000000E-002  0.000000000000000E+000
 -1.900000000000000E-002  0.211568807123815     
 -1.800000000000000E-002   1.21004730097893     
 -1.700000000000000E-002  0.402968981781721     
 -1.600000000000000E-002  0.873568822445566     
 -1.500000000000000E-002   1.38758533980312     
 -1.400000000000000E-002  0.987027535854448     
 -1.300000000000000E-002  0.403363212012405     
 -1.200000000000000E-002  0.207749369084851     
 -1.100000000000000E-002  0.369248727407898     
 -1.000000000000000E-002   1.21179695055623     
 -9.000000000000001E-003  0.810183441976206     
 -8.000000000000000E-003   4.64851694998447     
 -6.999999999999999E-003   9.03999464656173     
 -6.000000000000002E-003   7.58964601183639     
 -5.000000000000001E-003   6.25919696675767     
 -4.000000000000000E-003   9.87295811188767     
 -3.000000000000003E-003   10.1658124701292     
 -2.000000000000002E-003   14.2069048227847     
 -1.000000000000001E-003   11.2483493115219     
  0.000000000000000E+000   12.9260224809724     
  1.000000000000001E-003   13.6279974476545     
  1.999999999999998E-003   15.8871504180024     
  2.999999999999999E-003   8.24804698971258     
  4.000000000000000E-003   4.28720486598046     
  4.999999999999998E-003   5.37117124207147     
  5.999999999999998E-003   3.39590671481985     
  6.999999999999999E-003   5.37890672234858     
  8.000000000000000E-003   3.62362516497140     
  9.000000000000001E-003   4.35392205205813     
  1.000000000000000E-002   7.84420100650259     
  1.100000000000000E-002   4.23161944944960     
  1.200000000000000E-002   1.96781917726438     
  1.300000000000000E-002  0.678542227315323     
  1.400000000000000E-002  6.510626038734184E-002
  1.500000000000000E-002  0.000000000000000E+000
  1.600000000000000E-002  0.000000000000000E+000
  1.700000000000000E-002  0.000000000000000E+000
  1.800000000000000E-002  0.000000000000000E+000
  1.900000000000000E-002  0.000000000000000E+000
  2.000000000000000E-002  0.000000000000000E+000
  2.100000000000000E-002  0.000000000000000E+000
  2.200000000000000E-002  0.000000000000000E+000
  2.300000000000000E-002  0.000000000000000E+000
  2.400000000000000E-002  0.000000000000000E+000
  2.500000000000000E-002  0.000000000000000E+000
