 -2.500000000000000E-002  0.000000000000000E+000
 -2.400000000000000E-002  0.000000000000000E+000
 -2.300000000000000E-002  0.000000000000000E+000
 -2.200000000000000E-002  0.000000000000000E+000
 -2.100000000000000E-002  0.000000000000000E+000
 -2.000000000000000E-002  0.000000000000000E+000
 -1.900000000000000E-002  0.000000000000000E+000
 -1.800000000000000E-002  0.000000000000000E+000
 -1.700000000000000E-002  0.000000000000000E+000
 -1.600000000000000E-002  0.388514639739421     
 -1.500000000000000E-002   1.12447631883676     
 -1.400000000000000E-002   3.19072501033145     
 -1.300000000000000E-002   1.10237171868927     
 -1.200000000000000E-002  0.974651166799935     
 -1.100000000000000E-002   1.81333707661932     
 -1.000000000000000E-002   2.21788333746529     
 -9.000000000000001E-003   1.82457455933637     
 -8.000000000000000E-003   2.24117922256085     
 -6.999999999999999E-003   1.75359334480224     
 -6.000000000000002E-003   3.93477323384055     
 -5.000000000000001E-003   7.02468418677940     
 -4.000000000000000E-003   13.6919319185559     
 -3.000000000000003E-003   16.6657894740526     
 -2.000000000000002E-003   11.8692045381281     
 -1.000000000000001E-003   8.41370914307238     
  0.000000000000000E+000   7.26205830182509     
  1.000000000000001E-003   8.47200125170788     
  1.999999999999998E-003   5.73218540665238     
  2.999999999999999E-003   2.76635652790329     
  4.000000000000000E-003   2.44249476299010     
  4.999999999999998E-003   1.98541300163935     
  5.999999999999998E-003   2.80954651745713     
  6.999999999999999E-003   1.69866888243547     
  8.000000000000000E-003   1.48136025885515     
  9.000000000000001E-003   1.89030676805642     
  1.000000000000000E-002   2.30779640898919     
  1.100000000000000E-002   3.65264405528886     
  1.200000000000000E-002   3.40639787755559     
  1.300000000000000E-002   3.60549818850119     
  1.400000000000000E-002   4.43361136506462     
  1.500000000000000E-002   3.47237893777649     
  1.600000000000000E-002  0.252162597691948     
  1.700000000000000E-002  0.000000000000000E+000
  1.800000000000000E-002  0.000000000000000E+000
  1.900000000000000E-002  0.000000000000000E+000
  2.000000000000000E-002  0.000000000000000E+000
  2.100000000000000E-002  0.000000000000000E+000
  2.200000000000000E-002  0.000000000000000E+000
  2.300000000000000E-002  0.000000000000000E+000
  2.400000000000000E-002  0.000000000000000E+000
  2.500000000000000E-002  0.000000000000000E+000
