 -2.500000000000000E-002  0.000000000000000E+000
 -2.400000000000000E-002  0.000000000000000E+000
 -2.300000000000000E-002  0.000000000000000E+000
 -2.200000000000000E-002  0.000000000000000E+000
 -2.100000000000000E-002  0.000000000000000E+000
 -2.000000000000000E-002  0.000000000000000E+000
 -1.900000000000000E-002  0.000000000000000E+000
 -1.800000000000000E-002  0.419954471821808     
 -1.700000000000000E-002   2.31391549189813     
 -1.600000000000000E-002   1.88210082803787     
 -1.500000000000000E-002   1.24970039692010     
 -1.400000000000000E-002   1.70197299018313     
 -1.300000000000000E-002   2.72142226428412     
 -1.200000000000000E-002   1.50926470958026     
 -1.100000000000000E-002   1.66259413149510     
 -1.000000000000000E-002   1.76289061629717     
 -9.000000000000001E-003   1.61854653903172     
 -8.000000000000000E-003   2.34898909486342     
 -6.999999999999999E-003   3.35797015957803     
 -6.000000000000002E-003   6.37403138451765     
 -5.000000000000001E-003   13.5090319320304     
 -4.000000000000000E-003   18.4736039122534     
 -3.000000000000003E-003   19.7051980987132     
 -2.000000000000002E-003   20.8779434622457     
 -1.000000000000001E-003   14.0872070344142     
  0.000000000000000E+000   17.1243999938539     
  1.000000000000001E-003   18.7328949468375     
  1.999999999999998E-003   14.7011007487185     
  2.999999999999999E-003   16.7873207108457     
  4.000000000000000E-003   16.9700418297012     
  4.999999999999998E-003   19.3175000152399     
  5.999999999999998E-003   14.4234600272529     
  6.999999999999999E-003   6.61600580978680     
  8.000000000000000E-003   4.00236679609050     
  9.000000000000001E-003   3.17457810601691     
  1.000000000000000E-002   5.17923959425623     
  1.100000000000000E-002   4.15738057401699     
  1.200000000000000E-002  9.380332921762038E-002
  1.300000000000000E-002  0.000000000000000E+000
  1.400000000000000E-002  0.000000000000000E+000
  1.500000000000000E-002  0.000000000000000E+000
  1.600000000000000E-002  0.000000000000000E+000
  1.700000000000000E-002  0.000000000000000E+000
  1.800000000000000E-002  0.000000000000000E+000
  1.900000000000000E-002  0.000000000000000E+000
  2.000000000000000E-002  0.000000000000000E+000
  2.100000000000000E-002  0.000000000000000E+000
  2.200000000000000E-002  0.000000000000000E+000
  2.300000000000000E-002  0.000000000000000E+000
  2.400000000000000E-002  0.000000000000000E+000
  2.500000000000000E-002  0.000000000000000E+000
