 -2.500000000000000E-002  0.000000000000000E+000
 -2.400000000000000E-002  0.000000000000000E+000
 -2.300000000000000E-002  0.000000000000000E+000
 -2.200000000000000E-002  0.000000000000000E+000
 -2.100000000000000E-002  0.000000000000000E+000
 -2.000000000000000E-002  0.000000000000000E+000
 -1.900000000000000E-002  0.000000000000000E+000
 -1.800000000000000E-002  0.292841383492181     
 -1.700000000000000E-002   1.34814889654984     
 -1.600000000000000E-002  0.125509719957984     
 -1.500000000000000E-002  0.844565657094564     
 -1.400000000000000E-002   1.61725967735727     
 -1.300000000000000E-002   1.06407764344022     
 -1.200000000000000E-002  0.281857022107944     
 -1.100000000000000E-002  0.219283655995688     
 -1.000000000000000E-002  0.364021066016909     
 -9.000000000000001E-003   1.01835341055799     
 -8.000000000000000E-003  0.820862551319979     
 -6.999999999999999E-003  0.518232332084942     
 -6.000000000000002E-003  0.482799518838007     
 -5.000000000000001E-003   3.73991754329773     
 -4.000000000000000E-003   14.2833925728416     
 -3.000000000000003E-003   16.0440488856494     
 -2.000000000000002E-003   15.0300072920790     
 -1.000000000000001E-003   12.5418803304062     
  0.000000000000000E+000   14.0219067213328     
  1.000000000000001E-003   18.5403189663718     
  1.999999999999998E-003   7.51419346894768     
  2.999999999999999E-003   3.95751529500773     
  4.000000000000000E-003   2.64337091284204     
  4.999999999999998E-003   2.29758630715625     
  5.999999999999998E-003   3.21439745407566     
  6.999999999999999E-003   2.86681758584380     
  8.000000000000000E-003   3.52243195658670     
  9.000000000000001E-003   1.35497099855501     
  1.000000000000000E-002   2.56077312726795     
  1.100000000000000E-002   5.71873707594517     
  1.200000000000000E-002   2.88979226650228     
  1.300000000000000E-002  0.379268704477616     
  1.400000000000000E-002  0.000000000000000E+000
  1.500000000000000E-002  0.000000000000000E+000
  1.600000000000000E-002  0.000000000000000E+000
  1.700000000000000E-002  0.000000000000000E+000
  1.800000000000000E-002  0.000000000000000E+000
  1.900000000000000E-002  0.000000000000000E+000
  2.000000000000000E-002  0.000000000000000E+000
  2.100000000000000E-002  0.000000000000000E+000
  2.200000000000000E-002  0.000000000000000E+000
  2.300000000000000E-002  0.000000000000000E+000
  2.400000000000000E-002  0.000000000000000E+000
  2.500000000000000E-002  0.000000000000000E+000
