 -2.500000000000000E-002  0.000000000000000E+000
 -2.400000000000000E-002  0.000000000000000E+000
 -2.300000000000000E-002  0.000000000000000E+000
 -2.200000000000000E-002  0.000000000000000E+000
 -2.100000000000000E-002  0.000000000000000E+000
 -2.000000000000000E-002  0.000000000000000E+000
 -1.900000000000000E-002  0.000000000000000E+000
 -1.800000000000000E-002  0.000000000000000E+000
 -1.700000000000000E-002  0.000000000000000E+000
 -1.600000000000000E-002  0.000000000000000E+000
 -1.500000000000000E-002  0.000000000000000E+000
 -1.400000000000000E-002  0.000000000000000E+000
 -1.300000000000000E-002  0.000000000000000E+000
 -1.200000000000000E-002  0.000000000000000E+000
 -1.100000000000000E-002  0.000000000000000E+000
 -1.000000000000000E-002  0.000000000000000E+000
 -9.000000000000001E-003  0.000000000000000E+000
 -8.000000000000000E-003  0.000000000000000E+000
 -6.999999999999999E-003  2.708884545317914E-003
 -6.000000000000002E-003   2.38597690355413     
 -5.000000000000001E-003   10.3156921429588     
 -4.000000000000000E-003   36.3229205613037     
 -3.000000000000003E-003   30.1494345413061     
 -2.000000000000002E-003   22.8050617004929     
 -1.000000000000001E-003   23.6150490941248     
  0.000000000000000E+000   14.8147622837387     
  1.000000000000001E-003   8.41434903491461     
  1.999999999999998E-003   4.04790089536184     
  2.999999999999999E-003   2.83063189942976     
  4.000000000000000E-003   5.28113804007399     
  4.999999999999998E-003   2.26596604079400     
  5.999999999999998E-003   2.02306767822635     
  6.999999999999999E-003   2.38107668387410     
  8.000000000000000E-003   3.06675470513798     
  9.000000000000001E-003   8.59584696882126     
  1.000000000000000E-002   4.19582854506439     
  1.100000000000000E-002   2.98991316949653     
  1.200000000000000E-002   5.69890133633643     
  1.300000000000000E-002   2.80126248586943     
  1.400000000000000E-002  1.403640457487841E-002
  1.500000000000000E-002  0.000000000000000E+000
  1.600000000000000E-002  0.000000000000000E+000
  1.700000000000000E-002  0.000000000000000E+000
  1.800000000000000E-002  0.000000000000000E+000
  1.900000000000000E-002  0.000000000000000E+000
  2.000000000000000E-002  0.000000000000000E+000
  2.100000000000000E-002  0.000000000000000E+000
  2.200000000000000E-002  0.000000000000000E+000
  2.300000000000000E-002  0.000000000000000E+000
  2.400000000000000E-002  0.000000000000000E+000
  2.500000000000000E-002  0.000000000000000E+000
