 -2.500000000000000E-002  0.000000000000000E+000
 -2.400000000000000E-002  0.000000000000000E+000
 -2.300000000000000E-002  0.000000000000000E+000
 -2.200000000000000E-002  0.000000000000000E+000
 -2.100000000000000E-002  0.000000000000000E+000
 -2.000000000000000E-002  0.000000000000000E+000
 -1.900000000000000E-002  0.000000000000000E+000
 -1.800000000000000E-002  0.000000000000000E+000
 -1.700000000000000E-002  0.000000000000000E+000
 -1.600000000000000E-002  0.000000000000000E+000
 -1.500000000000000E-002  2.491877617224501E-002
 -1.400000000000000E-002   1.17710414412949     
 -1.300000000000000E-002   2.89193097245511     
 -1.200000000000000E-002   1.86806039196277     
 -1.100000000000000E-002   2.05905526011223     
 -1.000000000000000E-002   2.29967917123920     
 -9.000000000000001E-003   2.76705106792288     
 -8.000000000000000E-003   2.92806803885702     
 -6.999999999999999E-003   3.00159541697212     
 -6.000000000000002E-003   5.87299678375293     
 -5.000000000000001E-003   9.39209874169793     
 -4.000000000000000E-003   9.50985598113509     
 -3.000000000000003E-003   7.72594806253329     
 -2.000000000000002E-003   7.37021845271621     
 -1.000000000000001E-003   5.74857402177620     
  0.000000000000000E+000   4.68274114425352     
  1.000000000000001E-003   5.36511721373487     
  1.999999999999998E-003   6.33461623995237     
  2.999999999999999E-003   5.61804203839148     
  4.000000000000000E-003   6.71142018311607     
  4.999999999999998E-003   5.53852361894842     
  5.999999999999998E-003   12.1440188717734     
  6.999999999999999E-003   10.4218296878989     
  8.000000000000000E-003   8.39535913415881     
  9.000000000000001E-003   4.54912729174285     
  1.000000000000000E-002  0.734390471180087     
  1.100000000000000E-002  2.878821414559079E-003
  1.200000000000000E-002  0.000000000000000E+000
  1.300000000000000E-002  0.000000000000000E+000
  1.400000000000000E-002  0.000000000000000E+000
  1.500000000000000E-002  0.000000000000000E+000
  1.600000000000000E-002  0.000000000000000E+000
  1.700000000000000E-002  0.000000000000000E+000
  1.800000000000000E-002  0.000000000000000E+000
  1.900000000000000E-002  0.000000000000000E+000
  2.000000000000000E-002  0.000000000000000E+000
  2.100000000000000E-002  0.000000000000000E+000
  2.200000000000000E-002  0.000000000000000E+000
  2.300000000000000E-002  0.000000000000000E+000
  2.400000000000000E-002  0.000000000000000E+000
  2.500000000000000E-002  0.000000000000000E+000
