 -2.500000000000000E-002  0.000000000000000E+000
 -2.400000000000000E-002  0.000000000000000E+000
 -2.300000000000000E-002  0.000000000000000E+000
 -2.200000000000000E-002  0.000000000000000E+000
 -2.100000000000000E-002  0.000000000000000E+000
 -2.000000000000000E-002  0.000000000000000E+000
 -1.900000000000000E-002  0.000000000000000E+000
 -1.800000000000000E-002  0.000000000000000E+000
 -1.700000000000000E-002  0.000000000000000E+000
 -1.600000000000000E-002  0.000000000000000E+000
 -1.500000000000000E-002  0.000000000000000E+000
 -1.400000000000000E-002  0.000000000000000E+000
 -1.300000000000000E-002  0.000000000000000E+000
 -1.200000000000000E-002  0.000000000000000E+000
 -1.100000000000000E-002  0.000000000000000E+000
 -1.000000000000000E-002  0.000000000000000E+000
 -9.000000000000001E-003  0.994019395896077     
 -8.000000000000000E-003   5.58308411074325     
 -6.999999999999999E-003   11.7092014908403     
 -6.000000000000002E-003   9.23351805863608     
 -5.000000000000001E-003   7.42587171822064     
 -4.000000000000000E-003   7.17078808452004     
 -3.000000000000003E-003   6.57190263097240     
 -2.000000000000002E-003   5.22323968247985     
 -1.000000000000001E-003   6.68942939253217     
  0.000000000000000E+000   3.29803549493115     
  1.000000000000001E-003   6.10016362366711     
  1.999999999999998E-003   6.68918142839864     
  2.999999999999999E-003   3.04135874355771     
  4.000000000000000E-003   3.92967197669811     
  4.999999999999998E-003   12.5286973923192     
  5.999999999999998E-003   8.54482395712868     
  6.999999999999999E-003   3.59854119034920     
  8.000000000000000E-003   1.89975612076957     
  9.000000000000001E-003   2.47044961236591     
  1.000000000000000E-002   3.29845371234605     
  1.100000000000000E-002   2.69564916082621     
  1.200000000000000E-002  0.817229506655750     
  1.300000000000000E-002  9.170351514586333E-002
  1.400000000000000E-002  0.000000000000000E+000
  1.500000000000000E-002  0.000000000000000E+000
  1.600000000000000E-002  0.000000000000000E+000
  1.700000000000000E-002  0.000000000000000E+000
  1.800000000000000E-002  0.000000000000000E+000
  1.900000000000000E-002  0.000000000000000E+000
  2.000000000000000E-002  0.000000000000000E+000
  2.100000000000000E-002  0.000000000000000E+000
  2.200000000000000E-002  0.000000000000000E+000
  2.300000000000000E-002  0.000000000000000E+000
  2.400000000000000E-002  0.000000000000000E+000
  2.500000000000000E-002  0.000000000000000E+000
