 -2.500000000000000E-002  0.000000000000000E+000
 -2.400000000000000E-002  0.000000000000000E+000
 -2.300000000000000E-002  0.000000000000000E+000
 -2.200000000000000E-002  0.000000000000000E+000
 -2.100000000000000E-002  0.000000000000000E+000
 -2.000000000000000E-002  0.000000000000000E+000
 -1.900000000000000E-002  0.000000000000000E+000
 -1.800000000000000E-002  0.000000000000000E+000
 -1.700000000000000E-002  0.000000000000000E+000
 -1.600000000000000E-002  0.000000000000000E+000
 -1.500000000000000E-002  0.000000000000000E+000
 -1.400000000000000E-002  0.000000000000000E+000
 -1.300000000000000E-002  0.000000000000000E+000
 -1.200000000000000E-002  0.000000000000000E+000
 -1.100000000000000E-002  0.000000000000000E+000
 -1.000000000000000E-002  0.000000000000000E+000
 -9.000000000000001E-003  0.000000000000000E+000
 -8.000000000000000E-003  0.000000000000000E+000
 -6.999999999999999E-003  0.653667008931057     
 -6.000000000000002E-003   6.17471917284619     
 -5.000000000000001E-003   10.1887698293659     
 -4.000000000000000E-003   12.4068446394450     
 -3.000000000000003E-003   20.4989028562686     
 -2.000000000000002E-003   26.8331625197851     
 -1.000000000000001E-003   26.1640233640698     
  0.000000000000000E+000   19.8455788868531     
  1.000000000000001E-003   16.4964532537987     
  1.999999999999998E-003   14.3128689171437     
  2.999999999999999E-003   5.82305761611633     
  4.000000000000000E-003  0.947973919866976     
  4.999999999999998E-003   1.30190238418832     
  5.999999999999998E-003   1.10125011904525     
  6.999999999999999E-003   2.22867235424986     
  8.000000000000000E-003   1.46271688834954     
  9.000000000000001E-003   2.07893735190329     
  1.000000000000000E-002   4.64640085476493     
  1.100000000000000E-002   4.10041735069098     
  1.200000000000000E-002   2.88326579316607     
  1.300000000000000E-002   1.88598616612246     
  1.400000000000000E-002  0.261238753028751     
  1.500000000000000E-002  0.000000000000000E+000
  1.600000000000000E-002  0.000000000000000E+000
  1.700000000000000E-002  0.000000000000000E+000
  1.800000000000000E-002  0.000000000000000E+000
  1.900000000000000E-002  0.000000000000000E+000
  2.000000000000000E-002  0.000000000000000E+000
  2.100000000000000E-002  0.000000000000000E+000
  2.200000000000000E-002  0.000000000000000E+000
  2.300000000000000E-002  0.000000000000000E+000
  2.400000000000000E-002  0.000000000000000E+000
  2.500000000000000E-002  0.000000000000000E+000
