 -2.500000000000000E-002  0.000000000000000E+000
 -2.400000000000000E-002  0.000000000000000E+000
 -2.300000000000000E-002  0.000000000000000E+000
 -2.200000000000000E-002  0.000000000000000E+000
 -2.100000000000000E-002  0.000000000000000E+000
 -2.000000000000000E-002  0.000000000000000E+000
 -1.900000000000000E-002  0.000000000000000E+000
 -1.800000000000000E-002  0.000000000000000E+000
 -1.700000000000000E-002  0.000000000000000E+000
 -1.600000000000000E-002  0.000000000000000E+000
 -1.500000000000000E-002  0.000000000000000E+000
 -1.400000000000000E-002  0.000000000000000E+000
 -1.300000000000000E-002  0.000000000000000E+000
 -1.200000000000000E-002  0.000000000000000E+000
 -1.100000000000000E-002  0.000000000000000E+000
 -1.000000000000000E-002  0.000000000000000E+000
 -9.000000000000001E-003  0.000000000000000E+000
 -8.000000000000000E-003  0.000000000000000E+000
 -6.999999999999999E-003  0.000000000000000E+000
 -6.000000000000002E-003  0.000000000000000E+000
 -5.000000000000001E-003  0.000000000000000E+000
 -4.000000000000000E-003   3.08167984678955     
 -3.000000000000003E-003   32.0706587286387     
 -2.000000000000002E-003   51.0591798521030     
 -1.000000000000001E-003   48.6508924158161     
  0.000000000000000E+000   35.8646392248249     
  1.000000000000001E-003   25.4438033229680     
  1.999999999999998E-003   28.8649016223926     
  2.999999999999999E-003   10.3488363825969     
  4.000000000000000E-003   1.54182931303946     
  4.999999999999998E-003  0.436610632683027     
  5.999999999999998E-003   1.37894965987327     
  6.999999999999999E-003   1.15717019046775     
  8.000000000000000E-003  0.297782130032475     
  9.000000000000001E-003  0.669148822368540     
  1.000000000000000E-002   1.24314714964069     
  1.100000000000000E-002   2.77566183972994     
  1.200000000000000E-002   1.92611945136915     
  1.300000000000000E-002  0.718440524543948     
  1.400000000000000E-002   1.85732561132615     
  1.500000000000000E-002  0.286543278795916     
  1.600000000000000E-002  0.000000000000000E+000
  1.700000000000000E-002  0.000000000000000E+000
  1.800000000000000E-002  0.000000000000000E+000
  1.900000000000000E-002  0.000000000000000E+000
  2.000000000000000E-002  0.000000000000000E+000
  2.100000000000000E-002  0.000000000000000E+000
  2.200000000000000E-002  0.000000000000000E+000
  2.300000000000000E-002  0.000000000000000E+000
  2.400000000000000E-002  0.000000000000000E+000
  2.500000000000000E-002  0.000000000000000E+000
