 -2.500000000000000E-002  0.000000000000000E+000
 -2.400000000000000E-002  0.000000000000000E+000
 -2.300000000000000E-002  0.000000000000000E+000
 -2.200000000000000E-002  0.000000000000000E+000
 -2.100000000000000E-002  0.000000000000000E+000
 -2.000000000000000E-002  0.000000000000000E+000
 -1.900000000000000E-002  0.000000000000000E+000
 -1.800000000000000E-002  0.000000000000000E+000
 -1.700000000000000E-002  0.000000000000000E+000
 -1.600000000000000E-002  0.293203626811300     
 -1.500000000000000E-002  0.962256236128224     
 -1.400000000000000E-002   2.38065392506776     
 -1.300000000000000E-002   1.28971934608094     
 -1.200000000000000E-002  0.769659583563824     
 -1.100000000000000E-002   1.32140008731442     
 -1.000000000000000E-002   2.69463617012737     
 -9.000000000000001E-003   1.75965489639412     
 -8.000000000000000E-003   1.86822407186031     
 -6.999999999999999E-003   1.63538579605806     
 -6.000000000000002E-003   2.81014241644019     
 -5.000000000000001E-003   7.26229733218015     
 -4.000000000000000E-003   16.2963827354505     
 -3.000000000000003E-003   15.3083132299771     
 -2.000000000000002E-003   12.9705299603049     
 -1.000000000000001E-003   9.90044488297779     
  0.000000000000000E+000   9.67975494985803     
  1.000000000000001E-003   9.27180384462052     
  1.999999999999998E-003   4.64011972134496     
  2.999999999999999E-003   2.10307865976154     
  4.000000000000000E-003   2.03268454507352     
  4.999999999999998E-003   1.18037755670184     
  5.999999999999998E-003   1.68395314109613     
  6.999999999999999E-003   1.08207513003171     
  8.000000000000000E-003   1.27815249596893     
  9.000000000000001E-003   1.93401494328533     
  1.000000000000000E-002   3.39459199260980     
  1.100000000000000E-002   1.73523589436940     
  1.200000000000000E-002   2.22994739792865     
  1.300000000000000E-002   3.99942914947384     
  1.400000000000000E-002   4.26419944095249     
  1.500000000000000E-002   3.80188933614748     
  1.600000000000000E-002   1.66215287782375     
  1.700000000000000E-002  1.714626215230376E-003
  1.800000000000000E-002  0.000000000000000E+000
  1.900000000000000E-002  0.000000000000000E+000
  2.000000000000000E-002  0.000000000000000E+000
  2.100000000000000E-002  0.000000000000000E+000
  2.200000000000000E-002  0.000000000000000E+000
  2.300000000000000E-002  0.000000000000000E+000
  2.400000000000000E-002  0.000000000000000E+000
  2.500000000000000E-002  0.000000000000000E+000
