 -2.500000000000000E-002  0.000000000000000E+000
 -2.400000000000000E-002  0.000000000000000E+000
 -2.300000000000000E-002  0.000000000000000E+000
 -2.200000000000000E-002  0.000000000000000E+000
 -2.100000000000000E-002  0.000000000000000E+000
 -2.000000000000000E-002  0.000000000000000E+000
 -1.900000000000000E-002  0.000000000000000E+000
 -1.800000000000000E-002  0.000000000000000E+000
 -1.700000000000000E-002  0.000000000000000E+000
 -1.600000000000000E-002  0.000000000000000E+000
 -1.500000000000000E-002  0.525092494949748     
 -1.400000000000000E-002   1.50136943160006     
 -1.300000000000000E-002  0.604219188820811     
 -1.200000000000000E-002   1.50080261877445     
 -1.100000000000000E-002   1.20521440682701     
 -1.000000000000000E-002  0.797531845425982     
 -9.000000000000001E-003  0.244688703185376     
 -8.000000000000000E-003  0.850117497636456     
 -6.999999999999999E-003   6.28448050390451     
 -6.000000000000002E-003   8.25727358460241     
 -5.000000000000001E-003   10.2035364111687     
 -4.000000000000000E-003   8.32146680565577     
 -3.000000000000003E-003   6.19671198756983     
 -2.000000000000002E-003   10.0803147377409     
 -1.000000000000001E-003   5.31486518650359     
  0.000000000000000E+000   3.05033316302128     
  1.000000000000001E-003   1.79609749874123     
  1.999999999999998E-003   2.64458862679984     
  2.999999999999999E-003   3.34962171746739     
  4.000000000000000E-003   1.89938696503134     
  4.999999999999998E-003  0.689057441619206     
  5.999999999999998E-003  0.446059291018255     
  6.999999999999999E-003   1.98304798895234     
  8.000000000000000E-003   1.16819473557197     
  9.000000000000001E-003   1.20384096137560     
  1.000000000000000E-002  0.693626216795926     
  1.100000000000000E-002   2.13351356323188     
  1.200000000000000E-002   1.70563856720725     
  1.300000000000000E-002   6.73824432491119     
  1.400000000000000E-002   4.28431353289251     
  1.500000000000000E-002   2.50655815993228     
  1.600000000000000E-002  0.267151841064932     
  1.700000000000000E-002  0.000000000000000E+000
  1.800000000000000E-002  0.000000000000000E+000
  1.900000000000000E-002  0.000000000000000E+000
  2.000000000000000E-002  0.000000000000000E+000
  2.100000000000000E-002  0.000000000000000E+000
  2.200000000000000E-002  0.000000000000000E+000
  2.300000000000000E-002  0.000000000000000E+000
  2.400000000000000E-002  0.000000000000000E+000
  2.500000000000000E-002  0.000000000000000E+000
