 -2.500000000000000E-002  0.000000000000000E+000
 -2.400000000000000E-002  0.000000000000000E+000
 -2.300000000000000E-002  0.000000000000000E+000
 -2.200000000000000E-002  0.000000000000000E+000
 -2.100000000000000E-002  0.000000000000000E+000
 -2.000000000000000E-002  0.000000000000000E+000
 -1.900000000000000E-002  0.000000000000000E+000
 -1.800000000000000E-002  0.000000000000000E+000
 -1.700000000000000E-002  0.000000000000000E+000
 -1.600000000000000E-002  0.000000000000000E+000
 -1.500000000000000E-002  0.000000000000000E+000
 -1.400000000000000E-002  0.000000000000000E+000
 -1.300000000000000E-002  0.000000000000000E+000
 -1.200000000000000E-002  0.000000000000000E+000
 -1.100000000000000E-002  0.000000000000000E+000
 -1.000000000000000E-002  0.000000000000000E+000
 -9.000000000000001E-003  0.000000000000000E+000
 -8.000000000000000E-003   1.53140828586986     
 -6.999999999999999E-003   5.70420896802959     
 -6.000000000000002E-003   12.5955485736188     
 -5.000000000000001E-003   11.5882792060358     
 -4.000000000000000E-003   10.1752917315330     
 -3.000000000000003E-003   10.4163609916426     
 -2.000000000000002E-003   11.0692203444950     
 -1.000000000000001E-003   7.59187903066297     
  0.000000000000000E+000   5.53822533357226     
  1.000000000000001E-003   4.39721333803846     
  1.999999999999998E-003   4.86508446048275     
  2.999999999999999E-003   6.09937703897596     
  4.000000000000000E-003   3.01656892069423     
  4.999999999999998E-003   4.66019155428624     
  5.999999999999998E-003   6.41840840179333     
  6.999999999999999E-003   3.62953574374733     
  8.000000000000000E-003   4.52350631022960     
  9.000000000000001E-003   5.61641204446279     
  1.000000000000000E-002   3.98377758064711     
  1.100000000000000E-002   2.33704125134135     
  1.200000000000000E-002  1.198088984088488E-002
  1.300000000000000E-002  0.000000000000000E+000
  1.400000000000000E-002  0.000000000000000E+000
  1.500000000000000E-002  0.000000000000000E+000
  1.600000000000000E-002  0.000000000000000E+000
  1.700000000000000E-002  0.000000000000000E+000
  1.800000000000000E-002  0.000000000000000E+000
  1.900000000000000E-002  0.000000000000000E+000
  2.000000000000000E-002  0.000000000000000E+000
  2.100000000000000E-002  0.000000000000000E+000
  2.200000000000000E-002  0.000000000000000E+000
  2.300000000000000E-002  0.000000000000000E+000
  2.400000000000000E-002  0.000000000000000E+000
  2.500000000000000E-002  0.000000000000000E+000
