 -2.500000000000000E-002  0.000000000000000E+000
 -2.400000000000000E-002  0.000000000000000E+000
 -2.300000000000000E-002  0.000000000000000E+000
 -2.200000000000000E-002  0.000000000000000E+000
 -2.100000000000000E-002  0.000000000000000E+000
 -2.000000000000000E-002  0.000000000000000E+000
 -1.900000000000000E-002  0.000000000000000E+000
 -1.800000000000000E-002  0.000000000000000E+000
 -1.700000000000000E-002  0.000000000000000E+000
 -1.600000000000000E-002  0.000000000000000E+000
 -1.500000000000000E-002  0.000000000000000E+000
 -1.400000000000000E-002  0.000000000000000E+000
 -1.300000000000000E-002  0.000000000000000E+000
 -1.200000000000000E-002  0.182377684237977     
 -1.100000000000000E-002  0.520463482662147     
 -1.000000000000000E-002  0.392016755037213     
 -9.000000000000001E-003  0.858405831090648     
 -8.000000000000000E-003   1.16511739572445     
 -6.999999999999999E-003  0.749797529542892     
 -6.000000000000002E-003  0.880299106115205     
 -5.000000000000001E-003   2.11097424598812     
 -4.000000000000000E-003   6.83171331791227     
 -3.000000000000003E-003   27.1088494986943     
 -2.000000000000002E-003   36.6977721259853     
 -1.000000000000001E-003   33.9043700002949     
  0.000000000000000E+000   23.7574888768517     
  1.000000000000001E-003   20.9555017844052     
  1.999999999999998E-003   24.3500986695640     
  2.999999999999999E-003   14.7086570419092     
  4.000000000000000E-003   5.25450720555039     
  4.999999999999998E-003   1.70930403795607     
  5.999999999999998E-003  0.671608190703306     
  6.999999999999999E-003  0.639683436141989     
  8.000000000000000E-003  0.920649561946244     
  9.000000000000001E-003   2.19385756940461     
  1.000000000000000E-002   1.05391277566418     
  1.100000000000000E-002  0.970779823782083     
  1.200000000000000E-002   1.47308684063561     
  1.300000000000000E-002   1.32675840394872     
  1.400000000000000E-002  0.321099826277304     
  1.500000000000000E-002  0.987742038100659     
  1.600000000000000E-002  0.385086943873422     
  1.700000000000000E-002  0.000000000000000E+000
  1.800000000000000E-002  0.000000000000000E+000
  1.900000000000000E-002  0.000000000000000E+000
  2.000000000000000E-002  0.000000000000000E+000
  2.100000000000000E-002  0.000000000000000E+000
  2.200000000000000E-002  0.000000000000000E+000
  2.300000000000000E-002  0.000000000000000E+000
  2.400000000000000E-002  0.000000000000000E+000
  2.500000000000000E-002  0.000000000000000E+000
