 -2.500000000000000E-002  0.000000000000000E+000
 -2.400000000000000E-002  0.000000000000000E+000
 -2.300000000000000E-002  0.000000000000000E+000
 -2.200000000000000E-002  0.000000000000000E+000
 -2.100000000000000E-002  0.000000000000000E+000
 -2.000000000000000E-002  0.000000000000000E+000
 -1.900000000000000E-002  0.000000000000000E+000
 -1.800000000000000E-002  0.000000000000000E+000
 -1.700000000000000E-002  0.000000000000000E+000
 -1.600000000000000E-002  0.000000000000000E+000
 -1.500000000000000E-002  0.000000000000000E+000
 -1.400000000000000E-002  0.000000000000000E+000
 -1.300000000000000E-002  0.000000000000000E+000
 -1.200000000000000E-002  0.000000000000000E+000
 -1.100000000000000E-002  0.000000000000000E+000
 -1.000000000000000E-002  0.323233180614128     
 -9.000000000000001E-003   3.79249220557281     
 -8.000000000000000E-003   5.54184066522981     
 -6.999999999999999E-003   9.08593276298656     
 -6.000000000000002E-003   13.8551845165085     
 -5.000000000000001E-003   12.9905691193261     
 -4.000000000000000E-003   14.1703033719951     
 -3.000000000000003E-003   20.2509701742070     
 -2.000000000000002E-003   11.9801934461241     
 -1.000000000000001E-003   9.45587861276177     
  0.000000000000000E+000   6.16965676479220     
  1.000000000000001E-003   4.94217547003820     
  1.999999999999998E-003   10.9068253429299     
  2.999999999999999E-003   7.32582803334996     
  4.000000000000000E-003   4.06745050196887     
  4.999999999999998E-003   4.47064233509499     
  5.999999999999998E-003   5.11017801988562     
  6.999999999999999E-003   4.71305776041661     
  8.000000000000000E-003   5.56083317771757     
  9.000000000000001E-003   2.81494258247686     
  1.000000000000000E-002   8.50069495134447     
  1.100000000000000E-002   9.54295896333109     
  1.200000000000000E-002   2.56629341650369     
  1.300000000000000E-002  0.155354624824061     
  1.400000000000000E-002  0.000000000000000E+000
  1.500000000000000E-002  0.000000000000000E+000
  1.600000000000000E-002  0.000000000000000E+000
  1.700000000000000E-002  0.000000000000000E+000
  1.800000000000000E-002  0.000000000000000E+000
  1.900000000000000E-002  0.000000000000000E+000
  2.000000000000000E-002  0.000000000000000E+000
  2.100000000000000E-002  0.000000000000000E+000
  2.200000000000000E-002  0.000000000000000E+000
  2.300000000000000E-002  0.000000000000000E+000
  2.400000000000000E-002  0.000000000000000E+000
  2.500000000000000E-002  0.000000000000000E+000
