 -2.500000000000000E-002  0.000000000000000E+000
 -2.400000000000000E-002  0.000000000000000E+000
 -2.300000000000000E-002  0.000000000000000E+000
 -2.200000000000000E-002  0.000000000000000E+000
 -2.100000000000000E-002  0.000000000000000E+000
 -2.000000000000000E-002  0.000000000000000E+000
 -1.900000000000000E-002  0.000000000000000E+000
 -1.800000000000000E-002  0.179778334769914     
 -1.700000000000000E-002   1.28222548843888     
 -1.600000000000000E-002  0.304486176791209     
 -1.500000000000000E-002  0.808590347857778     
 -1.400000000000000E-002   1.57671745426996     
 -1.300000000000000E-002   1.01953558152492     
 -1.200000000000000E-002  0.442176616347346     
 -1.100000000000000E-002  0.227879274307105     
 -1.000000000000000E-002  0.369455232516998     
 -9.000000000000001E-003  0.923821233926394     
 -8.000000000000000E-003  0.925554829927471     
 -6.999999999999999E-003  0.557964830763658     
 -6.000000000000002E-003  0.533408589589347     
 -5.000000000000001E-003   1.46781378585755     
 -4.000000000000000E-003   8.23461886062699     
 -3.000000000000003E-003   21.2371434363187     
 -2.000000000000002E-003   31.5093481189571     
 -1.000000000000001E-003   33.3626014821745     
  0.000000000000000E+000   25.0096517806134     
  1.000000000000001E-003   21.5903048219534     
  1.999999999999998E-003   18.1248510881015     
  2.999999999999999E-003   5.05764291683783     
  4.000000000000000E-003   2.26392990404823     
  4.999999999999998E-003   4.03506036452232     
  5.999999999999998E-003   1.60681387467992     
  6.999999999999999E-003   2.89171548950178     
  8.000000000000000E-003   4.60805661859544     
  9.000000000000001E-003   2.35977246492022     
  1.000000000000000E-002   3.67121269744297     
  1.100000000000000E-002   5.36225976532542     
  1.200000000000000E-002   1.96053855388368     
  1.300000000000000E-002  2.759984608037807E-003
  1.400000000000000E-002  0.000000000000000E+000
  1.500000000000000E-002  0.000000000000000E+000
  1.600000000000000E-002  0.000000000000000E+000
  1.700000000000000E-002  0.000000000000000E+000
  1.800000000000000E-002  0.000000000000000E+000
  1.900000000000000E-002  0.000000000000000E+000
  2.000000000000000E-002  0.000000000000000E+000
  2.100000000000000E-002  0.000000000000000E+000
  2.200000000000000E-002  0.000000000000000E+000
  2.300000000000000E-002  0.000000000000000E+000
  2.400000000000000E-002  0.000000000000000E+000
  2.500000000000000E-002  0.000000000000000E+000
