 -2.500000000000000E-002  0.000000000000000E+000
 -2.400000000000000E-002  0.000000000000000E+000
 -2.300000000000000E-002  0.000000000000000E+000
 -2.200000000000000E-002  0.000000000000000E+000
 -2.100000000000000E-002  0.000000000000000E+000
 -2.000000000000000E-002  0.000000000000000E+000
 -1.900000000000000E-002  0.000000000000000E+000
 -1.800000000000000E-002  0.000000000000000E+000
 -1.700000000000000E-002  0.000000000000000E+000
 -1.600000000000000E-002  0.000000000000000E+000
 -1.500000000000000E-002  0.000000000000000E+000
 -1.400000000000000E-002  0.000000000000000E+000
 -1.300000000000000E-002  0.000000000000000E+000
 -1.200000000000000E-002  0.000000000000000E+000
 -1.100000000000000E-002  0.000000000000000E+000
 -1.000000000000000E-002  0.000000000000000E+000
 -9.000000000000001E-003  0.000000000000000E+000
 -8.000000000000000E-003  0.927516952913736     
 -6.999999999999999E-003   10.3492605444978     
 -6.000000000000002E-003   14.2998860262377     
 -5.000000000000001E-003   14.5075730082182     
 -4.000000000000000E-003   11.8624627187690     
 -3.000000000000003E-003   9.88914948651888     
 -2.000000000000002E-003   9.78001903246039     
 -1.000000000000001E-003   11.8876485316284     
  0.000000000000000E+000   8.91309308794698     
  1.000000000000001E-003   10.6104934200794     
  1.999999999999998E-003   7.40702950115489     
  2.999999999999999E-003   11.9629092906396     
  4.000000000000000E-003   11.5030121134372     
  4.999999999999998E-003   8.66819375478609     
  5.999999999999998E-003   1.22950211611897     
  6.999999999999999E-003  0.954040056411957     
  8.000000000000000E-003   2.07114374241853     
  9.000000000000001E-003   2.66564008116301     
  1.000000000000000E-002   2.45743514131140     
  1.100000000000000E-002   4.02906898621370     
  1.200000000000000E-002   3.60532969749560     
  1.300000000000000E-002   1.48457715106076     
  1.400000000000000E-002  0.619105558517750     
  1.500000000000000E-002  0.000000000000000E+000
  1.600000000000000E-002  0.000000000000000E+000
  1.700000000000000E-002  0.000000000000000E+000
  1.800000000000000E-002  0.000000000000000E+000
  1.900000000000000E-002  0.000000000000000E+000
  2.000000000000000E-002  0.000000000000000E+000
  2.100000000000000E-002  0.000000000000000E+000
  2.200000000000000E-002  0.000000000000000E+000
  2.300000000000000E-002  0.000000000000000E+000
  2.400000000000000E-002  0.000000000000000E+000
  2.500000000000000E-002  0.000000000000000E+000
