 -2.500000000000000E-002  0.000000000000000E+000
 -2.400000000000000E-002  0.000000000000000E+000
 -2.300000000000000E-002  0.000000000000000E+000
 -2.200000000000000E-002  0.000000000000000E+000
 -2.100000000000000E-002  0.000000000000000E+000
 -2.000000000000000E-002  0.000000000000000E+000
 -1.900000000000000E-002  0.000000000000000E+000
 -1.800000000000000E-002  0.000000000000000E+000
 -1.700000000000000E-002  0.000000000000000E+000
 -1.600000000000000E-002  0.000000000000000E+000
 -1.500000000000000E-002  0.000000000000000E+000
 -1.400000000000000E-002  0.000000000000000E+000
 -1.300000000000000E-002  0.000000000000000E+000
 -1.200000000000000E-002  0.000000000000000E+000
 -1.100000000000000E-002  0.000000000000000E+000
 -1.000000000000000E-002  0.000000000000000E+000
 -9.000000000000001E-003  0.553182902124856     
 -8.000000000000000E-003   1.56216371073453     
 -6.999999999999999E-003   3.84665902954255     
 -6.000000000000002E-003   7.40534611230490     
 -5.000000000000001E-003   10.4018425103856     
 -4.000000000000000E-003   10.4990069968100     
 -3.000000000000003E-003   10.1266762105612     
 -2.000000000000002E-003   8.95982033611996     
 -1.000000000000001E-003   11.8252905337950     
  0.000000000000000E+000   10.2345250402617     
  1.000000000000001E-003   8.67748099871033     
  1.999999999999998E-003   8.50877084176278     
  2.999999999999999E-003   7.41540749732652     
  4.000000000000000E-003   7.07109271519577     
  4.999999999999998E-003   7.95912638603414     
  5.999999999999998E-003   8.16788123544637     
  6.999999999999999E-003   5.84543152703959     
  8.000000000000000E-003   4.07890396399609     
  9.000000000000001E-003  0.210071451848093     
  1.000000000000000E-002  0.000000000000000E+000
  1.100000000000000E-002  0.000000000000000E+000
  1.200000000000000E-002  0.000000000000000E+000
  1.300000000000000E-002  0.000000000000000E+000
  1.400000000000000E-002  0.000000000000000E+000
  1.500000000000000E-002  0.000000000000000E+000
  1.600000000000000E-002  0.000000000000000E+000
  1.700000000000000E-002  0.000000000000000E+000
  1.800000000000000E-002  0.000000000000000E+000
  1.900000000000000E-002  0.000000000000000E+000
  2.000000000000000E-002  0.000000000000000E+000
  2.100000000000000E-002  0.000000000000000E+000
  2.200000000000000E-002  0.000000000000000E+000
  2.300000000000000E-002  0.000000000000000E+000
  2.400000000000000E-002  0.000000000000000E+000
  2.500000000000000E-002  0.000000000000000E+000
