 -2.500000000000000E-002  0.000000000000000E+000
 -2.400000000000000E-002  0.000000000000000E+000
 -2.300000000000000E-002  0.000000000000000E+000
 -2.200000000000000E-002  0.000000000000000E+000
 -2.100000000000000E-002  0.000000000000000E+000
 -2.000000000000000E-002  0.000000000000000E+000
 -1.900000000000000E-002  0.000000000000000E+000
 -1.800000000000000E-002  0.000000000000000E+000
 -1.700000000000000E-002  0.388744073169346     
 -1.600000000000000E-002   1.59652613889372     
 -1.500000000000000E-002   1.09061968171804     
 -1.400000000000000E-002   1.61690486764272     
 -1.300000000000000E-002   1.32565223775381     
 -1.200000000000000E-002  0.446825022731781     
 -1.100000000000000E-002   1.13597064534266     
 -1.000000000000000E-002   1.70458793055727     
 -9.000000000000001E-003   1.92178259821942     
 -8.000000000000000E-003   3.95142477366337     
 -6.999999999999999E-003   6.34167597377378     
 -6.000000000000002E-003   9.61294460900978     
 -5.000000000000001E-003   9.78190832164574     
 -4.000000000000000E-003   9.73535781614713     
 -3.000000000000003E-003   8.35778610264196     
 -2.000000000000002E-003   7.16346248263391     
 -1.000000000000001E-003   6.57431265098973     
  0.000000000000000E+000   8.42934901915033     
  1.000000000000001E-003   5.87957346160129     
  1.999999999999998E-003   13.8687263549698     
  2.999999999999999E-003   9.44263154068641     
  4.000000000000000E-003   8.95899883935785     
  4.999999999999998E-003   10.7830755954736     
  5.999999999999998E-003   9.09251751560994     
  6.999999999999999E-003   2.97627066746570     
  8.000000000000000E-003   2.53186284963900     
  9.000000000000001E-003   1.05451651966720     
  1.000000000000000E-002   2.55065902601881     
  1.100000000000000E-002   2.83856309897624     
  1.200000000000000E-002   3.93883080804723     
  1.300000000000000E-002   2.05447622524193     
  1.400000000000000E-002   1.13971983408979     
  1.500000000000000E-002  0.199312717470655     
  1.600000000000000E-002  0.000000000000000E+000
  1.700000000000000E-002  0.000000000000000E+000
  1.800000000000000E-002  0.000000000000000E+000
  1.900000000000000E-002  0.000000000000000E+000
  2.000000000000000E-002  0.000000000000000E+000
  2.100000000000000E-002  0.000000000000000E+000
  2.200000000000000E-002  0.000000000000000E+000
  2.300000000000000E-002  0.000000000000000E+000
  2.400000000000000E-002  0.000000000000000E+000
  2.500000000000000E-002  0.000000000000000E+000
