 -2.500000000000000E-002  0.000000000000000E+000
 -2.400000000000000E-002  0.000000000000000E+000
 -2.300000000000000E-002  0.000000000000000E+000
 -2.200000000000000E-002  0.000000000000000E+000
 -2.100000000000000E-002  0.000000000000000E+000
 -2.000000000000000E-002  0.000000000000000E+000
 -1.900000000000000E-002  0.000000000000000E+000
 -1.800000000000000E-002  0.000000000000000E+000
 -1.700000000000000E-002  0.000000000000000E+000
 -1.600000000000000E-002  0.000000000000000E+000
 -1.500000000000000E-002  0.000000000000000E+000
 -1.400000000000000E-002  0.000000000000000E+000
 -1.300000000000000E-002  0.000000000000000E+000
 -1.200000000000000E-002  0.000000000000000E+000
 -1.100000000000000E-002  0.287167347584749     
 -1.000000000000000E-002   3.25544351408126     
 -9.000000000000001E-003   4.17406850964096     
 -8.000000000000000E-003   3.37860649326872     
 -6.999999999999999E-003   6.42696026317448     
 -6.000000000000002E-003   11.0981934807529     
 -5.000000000000001E-003   8.12784028384839     
 -4.000000000000000E-003   9.08267894971462     
 -3.000000000000003E-003   10.2804429459581     
 -2.000000000000002E-003   7.39032502933155     
 -1.000000000000001E-003   4.92377777564501     
  0.000000000000000E+000   4.17120625985591     
  1.000000000000001E-003   5.97580850268942     
  1.999999999999998E-003   4.97808327677045     
  2.999999999999999E-003   2.23971387580636     
  4.000000000000000E-003   8.82092285999145     
  4.999999999999998E-003   9.07438946286509     
  5.999999999999998E-003   8.65818231732298     
  6.999999999999999E-003   4.27189893481902     
  8.000000000000000E-003   4.38317070519995     
  9.000000000000001E-003   1.84383594308108     
  1.000000000000000E-002   4.82663403130526     
  1.100000000000000E-002   4.19109061301865     
  1.200000000000000E-002  0.831388624273592     
  1.300000000000000E-002  0.000000000000000E+000
  1.400000000000000E-002  0.000000000000000E+000
  1.500000000000000E-002  0.000000000000000E+000
  1.600000000000000E-002  0.000000000000000E+000
  1.700000000000000E-002  0.000000000000000E+000
  1.800000000000000E-002  0.000000000000000E+000
  1.900000000000000E-002  0.000000000000000E+000
  2.000000000000000E-002  0.000000000000000E+000
  2.100000000000000E-002  0.000000000000000E+000
  2.200000000000000E-002  0.000000000000000E+000
  2.300000000000000E-002  0.000000000000000E+000
  2.400000000000000E-002  0.000000000000000E+000
  2.500000000000000E-002  0.000000000000000E+000
