 -2.500000000000000E-002  0.000000000000000E+000
 -2.400000000000000E-002  0.000000000000000E+000
 -2.300000000000000E-002  0.000000000000000E+000
 -2.200000000000000E-002  0.000000000000000E+000
 -2.100000000000000E-002  0.000000000000000E+000
 -2.000000000000000E-002  0.000000000000000E+000
 -1.900000000000000E-002  0.000000000000000E+000
 -1.800000000000000E-002  0.000000000000000E+000
 -1.700000000000000E-002  0.000000000000000E+000
 -1.600000000000000E-002  0.000000000000000E+000
 -1.500000000000000E-002  0.000000000000000E+000
 -1.400000000000000E-002  0.000000000000000E+000
 -1.300000000000000E-002  0.000000000000000E+000
 -1.200000000000000E-002  0.000000000000000E+000
 -1.100000000000000E-002  0.000000000000000E+000
 -1.000000000000000E-002  3.997547705530898E-002
 -9.000000000000001E-003   3.84406716879179     
 -8.000000000000000E-003   7.12386329243275     
 -6.999999999999999E-003   4.99188951743806     
 -6.000000000000002E-003   3.68799515596961     
 -5.000000000000001E-003   6.70170243381588     
 -4.000000000000000E-003   11.3686461852886     
 -3.000000000000003E-003   15.7450936569630     
 -2.000000000000002E-003   21.0242271707300     
 -1.000000000000001E-003   19.9550006811973     
  0.000000000000000E+000   23.6197940840086     
  1.000000000000001E-003   11.1804714399593     
  1.999999999999998E-003   15.9595249770218     
  2.999999999999999E-003   14.6163404407984     
  4.000000000000000E-003   9.71180955260673     
  4.999999999999998E-003   6.45483562210705     
  5.999999999999998E-003   8.24807062395583     
  6.999999999999999E-003   9.06093531676576     
  8.000000000000000E-003   5.98253196410352     
  9.000000000000001E-003   2.39463649523054     
  1.000000000000000E-002  3.864874376037279E-002
  1.100000000000000E-002  0.000000000000000E+000
  1.200000000000000E-002  0.000000000000000E+000
  1.300000000000000E-002  0.000000000000000E+000
  1.400000000000000E-002  0.000000000000000E+000
  1.500000000000000E-002  0.000000000000000E+000
  1.600000000000000E-002  0.000000000000000E+000
  1.700000000000000E-002  0.000000000000000E+000
  1.800000000000000E-002  0.000000000000000E+000
  1.900000000000000E-002  0.000000000000000E+000
  2.000000000000000E-002  0.000000000000000E+000
  2.100000000000000E-002  0.000000000000000E+000
  2.200000000000000E-002  0.000000000000000E+000
  2.300000000000000E-002  0.000000000000000E+000
  2.400000000000000E-002  0.000000000000000E+000
  2.500000000000000E-002  0.000000000000000E+000
