 -2.500000000000000E-002  0.000000000000000E+000
 -2.400000000000000E-002  0.000000000000000E+000
 -2.300000000000000E-002  0.000000000000000E+000
 -2.200000000000000E-002  0.000000000000000E+000
 -2.100000000000000E-002  0.000000000000000E+000
 -2.000000000000000E-002  0.000000000000000E+000
 -1.900000000000000E-002  0.000000000000000E+000
 -1.800000000000000E-002  0.000000000000000E+000
 -1.700000000000000E-002  0.000000000000000E+000
 -1.600000000000000E-002  0.000000000000000E+000
 -1.500000000000000E-002  0.000000000000000E+000
 -1.400000000000000E-002  0.000000000000000E+000
 -1.300000000000000E-002  0.000000000000000E+000
 -1.200000000000000E-002   4.55739957875041     
 -1.100000000000000E-002   6.30508783620666     
 -1.000000000000000E-002   2.42379353196721     
 -9.000000000000001E-003   2.70378862828707     
 -8.000000000000000E-003   1.95527836584407     
 -6.999999999999999E-003   1.65989545365564     
 -6.000000000000002E-003   2.27973388200242     
 -5.000000000000001E-003   2.99279056099014     
 -4.000000000000000E-003   1.38836715202070     
 -3.000000000000003E-003   2.16746049964134     
 -2.000000000000002E-003   3.35706136428048     
 -1.000000000000001E-003   2.65162626750610     
  0.000000000000000E+000   2.51502681674150     
  1.000000000000001E-003   4.55692296706988     
  1.999999999999998E-003   15.3680403773914     
  2.999999999999999E-003   24.1214427133203     
  4.000000000000000E-003   32.2212267132683     
  4.999999999999998E-003   2.90324114562601     
  5.999999999999998E-003  3.216145430342763E-003
  6.999999999999999E-003  0.000000000000000E+000
  8.000000000000000E-003  0.000000000000000E+000
  9.000000000000001E-003  0.000000000000000E+000
  1.000000000000000E-002  0.000000000000000E+000
  1.100000000000000E-002  0.000000000000000E+000
  1.200000000000000E-002  0.000000000000000E+000
  1.300000000000000E-002  0.000000000000000E+000
  1.400000000000000E-002  0.000000000000000E+000
  1.500000000000000E-002  0.000000000000000E+000
  1.600000000000000E-002  0.000000000000000E+000
  1.700000000000000E-002  0.000000000000000E+000
  1.800000000000000E-002  0.000000000000000E+000
  1.900000000000000E-002  0.000000000000000E+000
  2.000000000000000E-002  0.000000000000000E+000
  2.100000000000000E-002  0.000000000000000E+000
  2.200000000000000E-002  0.000000000000000E+000
  2.300000000000000E-002  0.000000000000000E+000
  2.400000000000000E-002  0.000000000000000E+000
  2.500000000000000E-002  0.000000000000000E+000
