 -2.500000000000000E-002  0.000000000000000E+000
 -2.400000000000000E-002  0.000000000000000E+000
 -2.300000000000000E-002  0.000000000000000E+000
 -2.200000000000000E-002  0.000000000000000E+000
 -2.100000000000000E-002  0.000000000000000E+000
 -2.000000000000000E-002  0.000000000000000E+000
 -1.900000000000000E-002  0.000000000000000E+000
 -1.800000000000000E-002  0.000000000000000E+000
 -1.700000000000000E-002  0.000000000000000E+000
 -1.600000000000000E-002  0.000000000000000E+000
 -1.500000000000000E-002  0.000000000000000E+000
 -1.400000000000000E-002  0.000000000000000E+000
 -1.300000000000000E-002  0.000000000000000E+000
 -1.200000000000000E-002  0.000000000000000E+000
 -1.100000000000000E-002  0.000000000000000E+000
 -1.000000000000000E-002  0.000000000000000E+000
 -9.000000000000001E-003  0.000000000000000E+000
 -8.000000000000000E-003  0.000000000000000E+000
 -6.999999999999999E-003  0.304445745046086     
 -6.000000000000002E-003   3.36100599762261     
 -5.000000000000001E-003   8.50330864015799     
 -4.000000000000000E-003   17.1816570081533     
 -3.000000000000003E-003   19.9432948623608     
 -2.000000000000002E-003   22.3520925482939     
 -1.000000000000001E-003   17.9584454369037     
  0.000000000000000E+000   13.4804835820619     
  1.000000000000001E-003   17.2751276952691     
  1.999999999999998E-003   12.3378134153073     
  2.999999999999999E-003   2.92474941582655     
  4.000000000000000E-003   1.56983840978593     
  4.999999999999998E-003   1.08367569246994     
  5.999999999999998E-003  0.669700887642648     
  6.999999999999999E-003   1.47940496125620     
  8.000000000000000E-003   1.49572092887347     
  9.000000000000001E-003   1.96871581839256     
  1.000000000000000E-002  0.999379065964471     
  1.100000000000000E-002   4.13663929830472     
  1.200000000000000E-002   4.05917195120790     
  1.300000000000000E-002   2.82429023445880     
  1.400000000000000E-002  0.453848404640145     
  1.500000000000000E-002  0.000000000000000E+000
  1.600000000000000E-002  0.000000000000000E+000
  1.700000000000000E-002  0.000000000000000E+000
  1.800000000000000E-002  0.000000000000000E+000
  1.900000000000000E-002  0.000000000000000E+000
  2.000000000000000E-002  0.000000000000000E+000
  2.100000000000000E-002  0.000000000000000E+000
  2.200000000000000E-002  0.000000000000000E+000
  2.300000000000000E-002  0.000000000000000E+000
  2.400000000000000E-002  0.000000000000000E+000
  2.500000000000000E-002  0.000000000000000E+000
