 -2.500000000000000E-002  0.000000000000000E+000
 -2.400000000000000E-002  0.000000000000000E+000
 -2.300000000000000E-002  0.000000000000000E+000
 -2.200000000000000E-002  0.000000000000000E+000
 -2.100000000000000E-002  0.000000000000000E+000
 -2.000000000000000E-002  0.000000000000000E+000
 -1.900000000000000E-002  0.000000000000000E+000
 -1.800000000000000E-002  0.000000000000000E+000
 -1.700000000000000E-002  0.000000000000000E+000
 -1.600000000000000E-002  0.000000000000000E+000
 -1.500000000000000E-002  0.000000000000000E+000
 -1.400000000000000E-002  0.000000000000000E+000
 -1.300000000000000E-002  0.000000000000000E+000
 -1.200000000000000E-002  0.000000000000000E+000
 -1.100000000000000E-002  0.000000000000000E+000
 -1.000000000000000E-002  0.000000000000000E+000
 -9.000000000000001E-003  0.279754062759051     
 -8.000000000000000E-003   1.32470973755569     
 -6.999999999999999E-003   1.23765267973042     
 -6.000000000000002E-003   1.90139802366110     
 -5.000000000000001E-003   5.90786911638013     
 -4.000000000000000E-003   12.5391964584949     
 -3.000000000000003E-003   26.8880547383889     
 -2.000000000000002E-003   27.5328215302526     
 -1.000000000000001E-003   21.2593511702806     
  0.000000000000000E+000   15.9085908312947     
  1.000000000000001E-003   21.8981992921246     
  1.999999999999998E-003   23.9414135083007     
  2.999999999999999E-003   11.9359355151396     
  4.000000000000000E-003   4.69293824047200     
  4.999999999999998E-003   3.30883951753516     
  5.999999999999998E-003   2.05046656650046     
  6.999999999999999E-003   1.59182443005424     
  8.000000000000000E-003   4.20552295227199     
  9.000000000000001E-003   2.68850724344079     
  1.000000000000000E-002   1.11097733207163     
  1.100000000000000E-002   2.50878031141465     
  1.200000000000000E-002  0.459086741876174     
  1.300000000000000E-002  0.000000000000000E+000
  1.400000000000000E-002  0.000000000000000E+000
  1.500000000000000E-002  0.000000000000000E+000
  1.600000000000000E-002  0.000000000000000E+000
  1.700000000000000E-002  0.000000000000000E+000
  1.800000000000000E-002  0.000000000000000E+000
  1.900000000000000E-002  0.000000000000000E+000
  2.000000000000000E-002  0.000000000000000E+000
  2.100000000000000E-002  0.000000000000000E+000
  2.200000000000000E-002  0.000000000000000E+000
  2.300000000000000E-002  0.000000000000000E+000
  2.400000000000000E-002  0.000000000000000E+000
  2.500000000000000E-002  0.000000000000000E+000
