 -2.500000000000000E-002  0.000000000000000E+000
 -2.400000000000000E-002  0.000000000000000E+000
 -2.300000000000000E-002  0.000000000000000E+000
 -2.200000000000000E-002  0.000000000000000E+000
 -2.100000000000000E-002  0.000000000000000E+000
 -2.000000000000000E-002  0.000000000000000E+000
 -1.900000000000000E-002  0.000000000000000E+000
 -1.800000000000000E-002  0.000000000000000E+000
 -1.700000000000000E-002  0.000000000000000E+000
 -1.600000000000000E-002  0.000000000000000E+000
 -1.500000000000000E-002  0.000000000000000E+000
 -1.400000000000000E-002  0.000000000000000E+000
 -1.300000000000000E-002  0.000000000000000E+000
 -1.200000000000000E-002  0.000000000000000E+000
 -1.100000000000000E-002  0.000000000000000E+000
 -1.000000000000000E-002  0.000000000000000E+000
 -9.000000000000001E-003  0.000000000000000E+000
 -8.000000000000000E-003  0.000000000000000E+000
 -6.999999999999999E-003  0.779479477665912     
 -6.000000000000002E-003   2.43649274219518     
 -5.000000000000001E-003   6.81618528910696     
 -4.000000000000000E-003   11.4913384525515     
 -3.000000000000003E-003   21.3687554494658     
 -2.000000000000002E-003   21.9972068027386     
 -1.000000000000001E-003   24.8557583931502     
  0.000000000000000E+000   19.2132862207576     
  1.000000000000001E-003   13.4006475939995     
  1.999999999999998E-003   11.2740112556453     
  2.999999999999999E-003   4.88440799229932     
  4.000000000000000E-003   3.15385104674136     
  4.999999999999998E-003   3.27763254804595     
  5.999999999999998E-003   3.18931269780085     
  6.999999999999999E-003   4.66291864276465     
  8.000000000000000E-003   1.61594660515907     
  9.000000000000001E-003   1.79150598198060     
  1.000000000000000E-002   2.06923324691544     
  1.100000000000000E-002   3.24325861691427     
  1.200000000000000E-002  0.978976523141846     
  1.300000000000000E-002  0.185644420959984     
  1.400000000000000E-002  0.000000000000000E+000
  1.500000000000000E-002  0.000000000000000E+000
  1.600000000000000E-002  0.000000000000000E+000
  1.700000000000000E-002  0.000000000000000E+000
  1.800000000000000E-002  0.000000000000000E+000
  1.900000000000000E-002  0.000000000000000E+000
  2.000000000000000E-002  0.000000000000000E+000
  2.100000000000000E-002  0.000000000000000E+000
  2.200000000000000E-002  0.000000000000000E+000
  2.300000000000000E-002  0.000000000000000E+000
  2.400000000000000E-002  0.000000000000000E+000
  2.500000000000000E-002  0.000000000000000E+000
