 -2.500000000000000E-002  0.000000000000000E+000
 -2.400000000000000E-002  0.000000000000000E+000
 -2.300000000000000E-002  0.000000000000000E+000
 -2.200000000000000E-002  0.000000000000000E+000
 -2.100000000000000E-002  0.000000000000000E+000
 -2.000000000000000E-002  0.418740004082608     
 -1.900000000000000E-002   1.39763368339019     
 -1.800000000000000E-002  0.182259977043237     
 -1.700000000000000E-002   1.66206022219189     
 -1.600000000000000E-002   1.66664629798858     
 -1.500000000000000E-002  0.411757006342960     
 -1.400000000000000E-002  6.996705926186900E-002
 -1.300000000000000E-002  0.810975597656739     
 -1.200000000000000E-002   3.82813101681673     
 -1.100000000000000E-002   1.87340089660039     
 -1.000000000000000E-002   1.12674229333665     
 -9.000000000000001E-003   2.12977923158330     
 -8.000000000000000E-003   1.70457162294953     
 -6.999999999999999E-003  0.997882920803386     
 -6.000000000000002E-003   1.70515484401965     
 -5.000000000000001E-003   3.24418038371952     
 -4.000000000000000E-003   7.29648959878350     
 -3.000000000000003E-003   4.11447596398619     
 -2.000000000000002E-003   4.95676579549980     
 -1.000000000000001E-003   9.15542113310358     
  0.000000000000000E+000   4.45638608737159     
  1.000000000000001E-003   7.83867299429384     
  1.999999999999998E-003   17.9958082731425     
  2.999999999999999E-003   16.0565243323274     
  4.000000000000000E-003   10.9030604158762     
  4.999999999999998E-003   5.22804844602945     
  5.999999999999998E-003   4.50476155182272     
  6.999999999999999E-003   2.03770572403068     
  8.000000000000000E-003   3.47751574390149     
  9.000000000000001E-003   5.63575228126020     
  1.000000000000000E-002   3.03764800836081     
  1.100000000000000E-002  0.399760592422814     
  1.200000000000000E-002  0.000000000000000E+000
  1.300000000000000E-002  0.000000000000000E+000
  1.400000000000000E-002  0.000000000000000E+000
  1.500000000000000E-002  0.000000000000000E+000
  1.600000000000000E-002  0.000000000000000E+000
  1.700000000000000E-002  0.000000000000000E+000
  1.800000000000000E-002  0.000000000000000E+000
  1.900000000000000E-002  0.000000000000000E+000
  2.000000000000000E-002  0.000000000000000E+000
  2.100000000000000E-002  0.000000000000000E+000
  2.200000000000000E-002  0.000000000000000E+000
  2.300000000000000E-002  0.000000000000000E+000
  2.400000000000000E-002  0.000000000000000E+000
  2.500000000000000E-002  0.000000000000000E+000
