 -2.500000000000000E-002  0.000000000000000E+000
 -2.400000000000000E-002  0.000000000000000E+000
 -2.300000000000000E-002  0.000000000000000E+000
 -2.200000000000000E-002  0.000000000000000E+000
 -2.100000000000000E-002  0.000000000000000E+000
 -2.000000000000000E-002  0.000000000000000E+000
 -1.900000000000000E-002  0.000000000000000E+000
 -1.800000000000000E-002  0.000000000000000E+000
 -1.700000000000000E-002  0.000000000000000E+000
 -1.600000000000000E-002  0.000000000000000E+000
 -1.500000000000000E-002  0.000000000000000E+000
 -1.400000000000000E-002  0.000000000000000E+000
 -1.300000000000000E-002  0.000000000000000E+000
 -1.200000000000000E-002  0.000000000000000E+000
 -1.100000000000000E-002  0.000000000000000E+000
 -1.000000000000000E-002  0.000000000000000E+000
 -9.000000000000001E-003  0.000000000000000E+000
 -8.000000000000000E-003  0.000000000000000E+000
 -6.999999999999999E-003  0.598576035748170     
 -6.000000000000002E-003   6.19666824425570     
 -5.000000000000001E-003   9.85563123150307     
 -4.000000000000000E-003   12.7683068799486     
 -3.000000000000003E-003   22.2179356207699     
 -2.000000000000002E-003   43.4595498851151     
 -1.000000000000001E-003   52.2752998779741     
  0.000000000000000E+000   40.8764828712166     
  1.000000000000001E-003   33.7396838234720     
  1.999999999999998E-003   21.8673804300672     
  2.999999999999999E-003   15.1594876130891     
  4.000000000000000E-003   1.01646620465667     
  4.999999999999998E-003   1.31259135241250     
  5.999999999999998E-003   1.09193629134696     
  6.999999999999999E-003   2.23501278618902     
  8.000000000000000E-003   1.46754506610448     
  9.000000000000001E-003   2.09628137928378     
  1.000000000000000E-002   4.70514019343946     
  1.100000000000000E-002   4.07666221075138     
  1.200000000000000E-002   2.93951544378897     
  1.300000000000000E-002   1.82577059208750     
  1.400000000000000E-002  0.241785966779965     
  1.500000000000000E-002  0.000000000000000E+000
  1.600000000000000E-002  0.000000000000000E+000
  1.700000000000000E-002  0.000000000000000E+000
  1.800000000000000E-002  0.000000000000000E+000
  1.900000000000000E-002  0.000000000000000E+000
  2.000000000000000E-002  0.000000000000000E+000
  2.100000000000000E-002  0.000000000000000E+000
  2.200000000000000E-002  0.000000000000000E+000
  2.300000000000000E-002  0.000000000000000E+000
  2.400000000000000E-002  0.000000000000000E+000
  2.500000000000000E-002  0.000000000000000E+000
