 -2.500000000000000E-002  0.000000000000000E+000
 -2.400000000000000E-002  0.000000000000000E+000
 -2.300000000000000E-002  0.000000000000000E+000
 -2.200000000000000E-002  0.000000000000000E+000
 -2.100000000000000E-002  0.000000000000000E+000
 -2.000000000000000E-002  0.000000000000000E+000
 -1.900000000000000E-002  0.000000000000000E+000
 -1.800000000000000E-002  0.000000000000000E+000
 -1.700000000000000E-002  0.000000000000000E+000
 -1.600000000000000E-002  0.000000000000000E+000
 -1.500000000000000E-002  0.000000000000000E+000
 -1.400000000000000E-002  0.000000000000000E+000
 -1.300000000000000E-002  0.000000000000000E+000
 -1.200000000000000E-002  0.000000000000000E+000
 -1.100000000000000E-002  0.000000000000000E+000
 -1.000000000000000E-002  0.577511635889625     
 -9.000000000000001E-003   7.62206678956848     
 -8.000000000000000E-003   4.67225057729558     
 -6.999999999999999E-003   3.94470321455383     
 -6.000000000000002E-003   3.37104462556549     
 -5.000000000000001E-003   2.59371002444164     
 -4.000000000000000E-003   1.35399125271629     
 -3.000000000000003E-003   1.78531326307441     
 -2.000000000000002E-003   1.74158213273115     
 -1.000000000000001E-003   1.20364663802313     
  0.000000000000000E+000   1.54991872307246     
  1.000000000000001E-003   2.47953462553005     
  1.999999999999998E-003   1.35917988733923     
  2.999999999999999E-003   3.89180046285704     
  4.000000000000000E-003   10.9301166120338     
  4.999999999999998E-003   16.5379150659001     
  5.999999999999998E-003   7.43362446940773     
  6.999999999999999E-003  0.000000000000000E+000
  8.000000000000000E-003  0.000000000000000E+000
  9.000000000000001E-003  0.000000000000000E+000
  1.000000000000000E-002  0.000000000000000E+000
  1.100000000000000E-002  0.000000000000000E+000
  1.200000000000000E-002  0.000000000000000E+000
  1.300000000000000E-002  0.000000000000000E+000
  1.400000000000000E-002  0.000000000000000E+000
  1.500000000000000E-002  0.000000000000000E+000
  1.600000000000000E-002  0.000000000000000E+000
  1.700000000000000E-002  0.000000000000000E+000
  1.800000000000000E-002  0.000000000000000E+000
  1.900000000000000E-002  0.000000000000000E+000
  2.000000000000000E-002  0.000000000000000E+000
  2.100000000000000E-002  0.000000000000000E+000
  2.200000000000000E-002  0.000000000000000E+000
  2.300000000000000E-002  0.000000000000000E+000
  2.400000000000000E-002  0.000000000000000E+000
  2.500000000000000E-002  0.000000000000000E+000
