 -2.500000000000000E-002  0.000000000000000E+000
 -2.400000000000000E-002  0.000000000000000E+000
 -2.300000000000000E-002  0.000000000000000E+000
 -2.200000000000000E-002  0.000000000000000E+000
 -2.100000000000000E-002  0.000000000000000E+000
 -2.000000000000000E-002  0.000000000000000E+000
 -1.900000000000000E-002  0.000000000000000E+000
 -1.800000000000000E-002  0.749230804568040     
 -1.700000000000000E-002   1.01725919543196     
 -1.600000000000000E-002  0.000000000000000E+000
 -1.500000000000000E-002   1.71245724277974     
 -1.400000000000000E-002   1.27262052246073     
 -1.300000000000000E-002  0.682891417415628     
 -1.200000000000000E-002  0.192762559203288     
 -1.100000000000000E-002  0.323568173658753     
 -1.000000000000000E-002  0.514403911575152     
 -9.000000000000001E-003   1.06565762219102     
 -8.000000000000000E-003   1.26154556146059     
 -6.999999999999999E-003   2.49062242369793     
 -6.000000000000002E-003   5.24402392566353     
 -5.000000000000001E-003   7.47595102971494     
 -4.000000000000000E-003   7.68883659268053     
 -3.000000000000003E-003   7.34841060186465     
 -2.000000000000002E-003   10.4891130665896     
 -1.000000000000001E-003   11.4520537068835     
  0.000000000000000E+000   11.5148199457306     
  1.000000000000001E-003   8.53607001868102     
  1.999999999999998E-003   5.26464619443844     
  2.999999999999999E-003   6.79223163599548     
  4.000000000000000E-003   5.72986513962469     
  4.999999999999998E-003   3.65089138999593     
  5.999999999999998E-003   1.75147518066360     
  6.999999999999999E-003   3.07598840567824     
  8.000000000000000E-003   4.22756873603490     
  9.000000000000001E-003   2.04039216980316     
  1.000000000000000E-002   1.86309565247569     
  1.100000000000000E-002   6.74110408295913     
  1.200000000000000E-002   2.15469815174558     
  1.300000000000000E-002  0.114534938333859     
  1.400000000000000E-002  0.000000000000000E+000
  1.500000000000000E-002  0.000000000000000E+000
  1.600000000000000E-002  0.000000000000000E+000
  1.700000000000000E-002  0.000000000000000E+000
  1.800000000000000E-002  0.000000000000000E+000
  1.900000000000000E-002  0.000000000000000E+000
  2.000000000000000E-002  0.000000000000000E+000
  2.100000000000000E-002  0.000000000000000E+000
  2.200000000000000E-002  0.000000000000000E+000
  2.300000000000000E-002  0.000000000000000E+000
  2.400000000000000E-002  0.000000000000000E+000
  2.500000000000000E-002  0.000000000000000E+000
