 -2.500000000000000E-002  0.000000000000000E+000
 -2.400000000000000E-002  0.000000000000000E+000
 -2.300000000000000E-002  0.000000000000000E+000
 -2.200000000000000E-002  0.000000000000000E+000
 -2.100000000000000E-002  0.000000000000000E+000
 -2.000000000000000E-002  0.000000000000000E+000
 -1.900000000000000E-002  0.000000000000000E+000
 -1.800000000000000E-002  0.000000000000000E+000
 -1.700000000000000E-002  0.000000000000000E+000
 -1.600000000000000E-002  0.000000000000000E+000
 -1.500000000000000E-002  0.000000000000000E+000
 -1.400000000000000E-002  0.000000000000000E+000
 -1.300000000000000E-002  0.000000000000000E+000
 -1.200000000000000E-002  0.000000000000000E+000
 -1.100000000000000E-002  0.000000000000000E+000
 -1.000000000000000E-002  0.000000000000000E+000
 -9.000000000000001E-003  0.000000000000000E+000
 -8.000000000000000E-003  2.731470153934769E-002
 -6.999999999999999E-003   2.07223089239696     
 -6.000000000000002E-003   14.8655774460173     
 -5.000000000000001E-003   22.1737874133492     
 -4.000000000000000E-003   29.5351389600486     
 -3.000000000000003E-003   25.9903911952014     
 -2.000000000000002E-003   24.8917639477805     
 -1.000000000000001E-003   19.3576178987627     
  0.000000000000000E+000   18.8807634998322     
  1.000000000000001E-003   22.8286852624960     
  1.999999999999998E-003   18.6215715927169     
  2.999999999999999E-003   17.6442238762782     
  4.000000000000000E-003   11.8670387009834     
  4.999999999999998E-003   18.2564864587311     
  5.999999999999998E-003   17.2314372883425     
  6.999999999999999E-003   12.7818423539882     
  8.000000000000000E-003   3.77505789735863     
  9.000000000000001E-003  7.243061417688473E-002
  1.000000000000000E-002  0.000000000000000E+000
  1.100000000000000E-002  0.000000000000000E+000
  1.200000000000000E-002  0.000000000000000E+000
  1.300000000000000E-002  0.000000000000000E+000
  1.400000000000000E-002  0.000000000000000E+000
  1.500000000000000E-002  0.000000000000000E+000
  1.600000000000000E-002  0.000000000000000E+000
  1.700000000000000E-002  0.000000000000000E+000
  1.800000000000000E-002  0.000000000000000E+000
  1.900000000000000E-002  0.000000000000000E+000
  2.000000000000000E-002  0.000000000000000E+000
  2.100000000000000E-002  0.000000000000000E+000
  2.200000000000000E-002  0.000000000000000E+000
  2.300000000000000E-002  0.000000000000000E+000
  2.400000000000000E-002  0.000000000000000E+000
  2.500000000000000E-002  0.000000000000000E+000
