 -2.500000000000000E-002  0.000000000000000E+000
 -2.400000000000000E-002  0.000000000000000E+000
 -2.300000000000000E-002  0.000000000000000E+000
 -2.200000000000000E-002  0.000000000000000E+000
 -2.100000000000000E-002  0.000000000000000E+000
 -2.000000000000000E-002  0.209785971518803     
 -1.900000000000000E-002  0.696058222774484     
 -1.800000000000000E-002   1.19430580570671     
 -1.700000000000000E-002  0.305521517883611     
 -1.600000000000000E-002  0.681841122898779     
 -1.500000000000000E-002   1.48976905235743     
 -1.400000000000000E-002   1.18599294410195     
 -1.300000000000000E-002  0.204335679057673     
 -1.200000000000000E-002  0.444054470105614     
 -1.100000000000000E-002   1.00175254737098     
 -1.000000000000000E-002   1.60699254656031     
 -9.000000000000001E-003   1.05886137576724     
 -8.000000000000000E-003   2.65346669748359     
 -6.999999999999999E-003   3.93488886916179     
 -6.000000000000002E-003   3.83245704044922     
 -5.000000000000001E-003   4.22466988876900     
 -4.000000000000000E-003   4.50577404888083     
 -3.000000000000003E-003   20.1203062294631     
 -2.000000000000002E-003   46.6968241766848     
 -1.000000000000001E-003   57.3318167388663     
  0.000000000000000E+000   44.4927022646218     
  1.000000000000001E-003   35.3225862245549     
  1.999999999999998E-003   24.4936490698154     
  2.999999999999999E-003   18.8312043054201     
  4.000000000000000E-003   2.05491484656444     
  4.999999999999998E-003   2.27794562195605     
  5.999999999999998E-003   2.80639973867323     
  6.999999999999999E-003  0.928597642333950     
  8.000000000000000E-003   2.90124213297536     
  9.000000000000001E-003   4.28119170710581     
  1.000000000000000E-002   6.66035134478601     
  1.100000000000000E-002   6.40431212499511     
  1.200000000000000E-002   3.13200518201768     
  1.300000000000000E-002   2.04023142826521     
  1.400000000000000E-002  0.433961420052742     
  1.500000000000000E-002  0.000000000000000E+000
  1.600000000000000E-002  0.000000000000000E+000
  1.700000000000000E-002  0.000000000000000E+000
  1.800000000000000E-002  0.000000000000000E+000
  1.900000000000000E-002  0.000000000000000E+000
  2.000000000000000E-002  0.000000000000000E+000
  2.100000000000000E-002  0.000000000000000E+000
  2.200000000000000E-002  0.000000000000000E+000
  2.300000000000000E-002  0.000000000000000E+000
  2.400000000000000E-002  0.000000000000000E+000
  2.500000000000000E-002  0.000000000000000E+000
