 -2.500000000000000E-002  0.000000000000000E+000
 -2.400000000000000E-002  0.000000000000000E+000
 -2.300000000000000E-002  0.000000000000000E+000
 -2.200000000000000E-002  0.000000000000000E+000
 -2.100000000000000E-002  0.000000000000000E+000
 -2.000000000000000E-002  0.000000000000000E+000
 -1.900000000000000E-002  0.000000000000000E+000
 -1.800000000000000E-002  0.000000000000000E+000
 -1.700000000000000E-002  0.000000000000000E+000
 -1.600000000000000E-002  0.000000000000000E+000
 -1.500000000000000E-002  0.000000000000000E+000
 -1.400000000000000E-002  0.000000000000000E+000
 -1.300000000000000E-002  0.000000000000000E+000
 -1.200000000000000E-002  0.000000000000000E+000
 -1.100000000000000E-002  0.000000000000000E+000
 -1.000000000000000E-002  0.000000000000000E+000
 -9.000000000000001E-003  0.000000000000000E+000
 -8.000000000000000E-003  0.000000000000000E+000
 -6.999999999999999E-003   1.03417209793143     
 -6.000000000000002E-003   8.63373428567971     
 -5.000000000000001E-003   16.2902224526808     
 -4.000000000000000E-003   23.2126736196796     
 -3.000000000000003E-003   22.0844780725498     
 -2.000000000000002E-003   17.3884111012462     
 -1.000000000000001E-003   16.4612881832960     
  0.000000000000000E+000   18.0819595427685     
  1.000000000000001E-003   6.11073601580938     
  1.999999999999998E-003   2.36033020431173     
  2.999999999999999E-003   2.76826951986626     
  4.000000000000000E-003   1.72427724855042     
  4.999999999999998E-003   2.06817052941385     
  5.999999999999998E-003   5.50016651123196     
  6.999999999999999E-003   4.95869168802299     
  8.000000000000000E-003   5.40547929115479     
  9.000000000000001E-003   9.71338786030356     
  1.000000000000000E-002   9.02183216656326     
  1.100000000000000E-002   2.16046560557437     
  1.200000000000000E-002  0.135974003365261     
  1.300000000000000E-002  0.000000000000000E+000
  1.400000000000000E-002  0.000000000000000E+000
  1.500000000000000E-002  0.000000000000000E+000
  1.600000000000000E-002  0.000000000000000E+000
  1.700000000000000E-002  0.000000000000000E+000
  1.800000000000000E-002  0.000000000000000E+000
  1.900000000000000E-002  0.000000000000000E+000
  2.000000000000000E-002  0.000000000000000E+000
  2.100000000000000E-002  0.000000000000000E+000
  2.200000000000000E-002  0.000000000000000E+000
  2.300000000000000E-002  0.000000000000000E+000
  2.400000000000000E-002  0.000000000000000E+000
  2.500000000000000E-002  0.000000000000000E+000
