 -2.500000000000000E-002  0.000000000000000E+000
 -2.400000000000000E-002  0.000000000000000E+000
 -2.300000000000000E-002  0.000000000000000E+000
 -2.200000000000000E-002  0.000000000000000E+000
 -2.100000000000000E-002  0.000000000000000E+000
 -2.000000000000000E-002  0.000000000000000E+000
 -1.900000000000000E-002  0.000000000000000E+000
 -1.800000000000000E-002  0.000000000000000E+000
 -1.700000000000000E-002  0.000000000000000E+000
 -1.600000000000000E-002  0.000000000000000E+000
 -1.500000000000000E-002  0.000000000000000E+000
 -1.400000000000000E-002  0.000000000000000E+000
 -1.300000000000000E-002  0.000000000000000E+000
 -1.200000000000000E-002  0.000000000000000E+000
 -1.100000000000000E-002  0.000000000000000E+000
 -1.000000000000000E-002  0.000000000000000E+000
 -9.000000000000001E-003  0.000000000000000E+000
 -8.000000000000000E-003  0.000000000000000E+000
 -6.999999999999999E-003  0.000000000000000E+000
 -6.000000000000002E-003  0.000000000000000E+000
 -5.000000000000001E-003  0.693683010335549     
 -4.000000000000000E-003   23.2107962095042     
 -3.000000000000003E-003   33.5883868766159     
 -2.000000000000002E-003   24.7846162728007     
 -1.000000000000001E-003   14.8073385970420     
  0.000000000000000E+000   13.1956340500906     
  1.000000000000001E-003   6.17297669892234     
  1.999999999999998E-003   4.75635800231974     
  2.999999999999999E-003   2.04620023426464     
  4.000000000000000E-003   3.00721602204373     
  4.999999999999998E-003   2.02493036620961     
  5.999999999999998E-003   2.87424854318966     
  6.999999999999999E-003   1.47728516692093     
  8.000000000000000E-003  0.572392940806483     
  9.000000000000001E-003  0.744634504030109     
  1.000000000000000E-002   1.57709157159224     
  1.100000000000000E-002  0.430212428688952     
  1.200000000000000E-002   3.37069174115529     
  1.300000000000000E-002   1.09965440555181     
  1.400000000000000E-002  0.692750102716995     
  1.500000000000000E-002  0.792549596138774     
  1.600000000000000E-002   2.10854616465305     
  1.700000000000000E-002  0.955346885431943     
  1.800000000000000E-002   1.23971878801645     
  1.900000000000000E-002  0.368160820958244     
  2.000000000000000E-002  0.000000000000000E+000
  2.100000000000000E-002  0.000000000000000E+000
  2.200000000000000E-002  0.000000000000000E+000
  2.300000000000000E-002  0.000000000000000E+000
  2.400000000000000E-002  0.000000000000000E+000
  2.500000000000000E-002  0.000000000000000E+000
