 -2.500000000000000E-002  0.000000000000000E+000
 -2.400000000000000E-002  0.000000000000000E+000
 -2.300000000000000E-002  0.000000000000000E+000
 -2.200000000000000E-002  0.000000000000000E+000
 -2.100000000000000E-002  0.000000000000000E+000
 -2.000000000000000E-002  0.000000000000000E+000
 -1.900000000000000E-002  0.000000000000000E+000
 -1.800000000000000E-002  0.000000000000000E+000
 -1.700000000000000E-002  0.000000000000000E+000
 -1.600000000000000E-002  0.000000000000000E+000
 -1.500000000000000E-002  0.000000000000000E+000
 -1.400000000000000E-002  0.000000000000000E+000
 -1.300000000000000E-002  0.000000000000000E+000
 -1.200000000000000E-002  0.000000000000000E+000
 -1.100000000000000E-002  0.000000000000000E+000
 -1.000000000000000E-002  4.101507459790937E-002
 -9.000000000000001E-003   1.72748653987263     
 -8.000000000000000E-003   4.45305422775866     
 -6.999999999999999E-003   9.46185037389892     
 -6.000000000000002E-003   10.2440561748844     
 -5.000000000000001E-003   14.1068726262509     
 -4.000000000000000E-003   15.8619930396478     
 -3.000000000000003E-003   17.5354349797856     
 -2.000000000000002E-003   23.7332737241434     
 -1.000000000000001E-003   16.1768222821853     
  0.000000000000000E+000   5.12652021529007     
  1.000000000000001E-003   4.94540104741418     
  1.999999999999998E-003   6.67400818787242     
  2.999999999999999E-003   5.30956241393411     
  4.000000000000000E-003   6.17961313112669     
  4.999999999999998E-003   15.6051366517500     
  5.999999999999998E-003   13.2556415960189     
  6.999999999999999E-003   8.54273855493715     
  8.000000000000000E-003   4.90603654859198     
  9.000000000000001E-003   5.05173207777393     
  1.000000000000000E-002   5.87016879720309     
  1.100000000000000E-002  0.933131735061897     
  1.200000000000000E-002  0.000000000000000E+000
  1.300000000000000E-002  0.000000000000000E+000
  1.400000000000000E-002  0.000000000000000E+000
  1.500000000000000E-002  0.000000000000000E+000
  1.600000000000000E-002  0.000000000000000E+000
  1.700000000000000E-002  0.000000000000000E+000
  1.800000000000000E-002  0.000000000000000E+000
  1.900000000000000E-002  0.000000000000000E+000
  2.000000000000000E-002  0.000000000000000E+000
  2.100000000000000E-002  0.000000000000000E+000
  2.200000000000000E-002  0.000000000000000E+000
  2.300000000000000E-002  0.000000000000000E+000
  2.400000000000000E-002  0.000000000000000E+000
  2.500000000000000E-002  0.000000000000000E+000
