 -2.500000000000000E-002  0.000000000000000E+000
 -2.400000000000000E-002  0.000000000000000E+000
 -2.300000000000000E-002  0.000000000000000E+000
 -2.200000000000000E-002  0.000000000000000E+000
 -2.100000000000000E-002  0.000000000000000E+000
 -2.000000000000000E-002  0.000000000000000E+000
 -1.900000000000000E-002  0.000000000000000E+000
 -1.800000000000000E-002  0.000000000000000E+000
 -1.700000000000000E-002  0.000000000000000E+000
 -1.600000000000000E-002  0.000000000000000E+000
 -1.500000000000000E-002  0.000000000000000E+000
 -1.400000000000000E-002  0.000000000000000E+000
 -1.300000000000000E-002  0.000000000000000E+000
 -1.200000000000000E-002  0.000000000000000E+000
 -1.100000000000000E-002  0.163425800948741     
 -1.000000000000000E-002   1.03307171789044     
 -9.000000000000001E-003   1.64316355702969     
 -8.000000000000000E-003  0.767712303513974     
 -6.999999999999999E-003   1.29004414413660     
 -6.000000000000002E-003  0.515709620052462     
 -5.000000000000001E-003   1.39811083523297     
 -4.000000000000000E-003   3.82276364055727     
 -3.000000000000003E-003   12.4408335046005     
 -2.000000000000002E-003   19.0375530998009     
 -1.000000000000001E-003   24.2420561467609     
  0.000000000000000E+000   15.0278951284425     
  1.000000000000001E-003   13.9286907072846     
  1.999999999999998E-003   8.37753549293821     
  2.999999999999999E-003   1.46124364560957     
  4.000000000000000E-003  0.631762871885363     
  4.999999999999998E-003  0.390843995292488     
  5.999999999999998E-003   1.00385680282077     
  6.999999999999999E-003  0.914199368006337     
  8.000000000000000E-003  0.584430983267189     
  9.000000000000001E-003   1.29178895185736     
  1.000000000000000E-002  0.161804420813224     
  1.100000000000000E-002  0.500543083839292     
  1.200000000000000E-002  0.682513305165950     
  1.300000000000000E-002  0.456093364043618     
  1.400000000000000E-002  0.922159099422171     
  1.500000000000000E-002  0.166654408786989     
  1.600000000000000E-002  0.120496374931310     
  1.700000000000000E-002   1.40694182219844     
  1.800000000000000E-002  0.569982689891900     
  1.900000000000000E-002  0.738498141094672     
  2.000000000000000E-002  0.159631581327467     
  2.100000000000000E-002  0.271579390556206     
  2.200000000000000E-002  0.000000000000000E+000
  2.300000000000000E-002  0.000000000000000E+000
  2.400000000000000E-002  0.000000000000000E+000
  2.500000000000000E-002  0.000000000000000E+000
