 -2.500000000000000E-002  0.000000000000000E+000
 -2.400000000000000E-002  0.000000000000000E+000
 -2.300000000000000E-002  0.000000000000000E+000
 -2.200000000000000E-002  0.000000000000000E+000
 -2.100000000000000E-002  0.000000000000000E+000
 -2.000000000000000E-002  0.000000000000000E+000
 -1.900000000000000E-002  0.000000000000000E+000
 -1.800000000000000E-002  0.000000000000000E+000
 -1.700000000000000E-002  0.000000000000000E+000
 -1.600000000000000E-002  0.000000000000000E+000
 -1.500000000000000E-002  0.000000000000000E+000
 -1.400000000000000E-002  0.000000000000000E+000
 -1.300000000000000E-002  0.000000000000000E+000
 -1.200000000000000E-002  0.000000000000000E+000
 -1.100000000000000E-002  0.000000000000000E+000
 -1.000000000000000E-002  0.000000000000000E+000
 -9.000000000000001E-003   3.26663054082361     
 -8.000000000000000E-003   9.90544571791305     
 -6.999999999999999E-003   9.35030502487852     
 -6.000000000000002E-003   7.98692339008613     
 -5.000000000000001E-003   9.25247093262954     
 -4.000000000000000E-003   4.36683278839911     
 -3.000000000000003E-003   5.96466166355059     
 -2.000000000000002E-003   5.04784576578194     
 -1.000000000000001E-003   9.55274679181926     
  0.000000000000000E+000   5.49300110282432     
  1.000000000000001E-003   10.9097756812439     
  1.999999999999998E-003   12.7536725686632     
  2.999999999999999E-003   7.72582019356497     
  4.000000000000000E-003   8.84806941502679     
  4.999999999999998E-003   22.9428836576970     
  5.999999999999998E-003   14.2295341118039     
  6.999999999999999E-003   4.33160065329423     
  8.000000000000000E-003  0.000000000000000E+000
  9.000000000000001E-003  0.000000000000000E+000
  1.000000000000000E-002  0.000000000000000E+000
  1.100000000000000E-002  0.000000000000000E+000
  1.200000000000000E-002  0.000000000000000E+000
  1.300000000000000E-002  0.000000000000000E+000
  1.400000000000000E-002  0.000000000000000E+000
  1.500000000000000E-002  0.000000000000000E+000
  1.600000000000000E-002  0.000000000000000E+000
  1.700000000000000E-002  0.000000000000000E+000
  1.800000000000000E-002  0.000000000000000E+000
  1.900000000000000E-002  0.000000000000000E+000
  2.000000000000000E-002  0.000000000000000E+000
  2.100000000000000E-002  0.000000000000000E+000
  2.200000000000000E-002  0.000000000000000E+000
  2.300000000000000E-002  0.000000000000000E+000
  2.400000000000000E-002  0.000000000000000E+000
  2.500000000000000E-002  0.000000000000000E+000
