 -2.500000000000000E-002  0.000000000000000E+000
 -2.400000000000000E-002  0.000000000000000E+000
 -2.300000000000000E-002  0.000000000000000E+000
 -2.200000000000000E-002  0.000000000000000E+000
 -2.100000000000000E-002  0.000000000000000E+000
 -2.000000000000000E-002  0.000000000000000E+000
 -1.900000000000000E-002  0.000000000000000E+000
 -1.800000000000000E-002  0.000000000000000E+000
 -1.700000000000000E-002  0.000000000000000E+000
 -1.600000000000000E-002  0.000000000000000E+000
 -1.500000000000000E-002  0.000000000000000E+000
 -1.400000000000000E-002  0.000000000000000E+000
 -1.300000000000000E-002  0.000000000000000E+000
 -1.200000000000000E-002  0.000000000000000E+000
 -1.100000000000000E-002  0.000000000000000E+000
 -1.000000000000000E-002  0.000000000000000E+000
 -9.000000000000001E-003  0.000000000000000E+000
 -8.000000000000000E-003   2.23518840942413     
 -6.999999999999999E-003   7.89403726011960     
 -6.000000000000002E-003   10.6984573287843     
 -5.000000000000001E-003   13.6563551295626     
 -4.000000000000000E-003   29.3937210690667     
 -3.000000000000003E-003   33.9737614186188     
 -2.000000000000002E-003   38.0460848300715     
 -1.000000000000001E-003   24.7688246631826     
  0.000000000000000E+000   27.3767543259330     
  1.000000000000001E-003   24.5469453293755     
  1.999999999999998E-003   19.8995838674135     
  2.999999999999999E-003   17.2091976512435     
  4.000000000000000E-003   9.47206101977175     
  4.999999999999998E-003   5.15612029258114     
  5.999999999999998E-003   5.83387854722617     
  6.999999999999999E-003   5.29687232108818     
  8.000000000000000E-003   5.36380934716111     
  9.000000000000001E-003   3.71069024525913     
  1.000000000000000E-002   5.99143056452065     
  1.100000000000000E-002   8.17451232536753     
  1.200000000000000E-002   3.27700263532981     
  1.300000000000000E-002  0.318821418898590     
  1.400000000000000E-002  0.000000000000000E+000
  1.500000000000000E-002  0.000000000000000E+000
  1.600000000000000E-002  0.000000000000000E+000
  1.700000000000000E-002  0.000000000000000E+000
  1.800000000000000E-002  0.000000000000000E+000
  1.900000000000000E-002  0.000000000000000E+000
  2.000000000000000E-002  0.000000000000000E+000
  2.100000000000000E-002  0.000000000000000E+000
  2.200000000000000E-002  0.000000000000000E+000
  2.300000000000000E-002  0.000000000000000E+000
  2.400000000000000E-002  0.000000000000000E+000
  2.500000000000000E-002  0.000000000000000E+000
