 -2.500000000000000E-002  0.000000000000000E+000
 -2.400000000000000E-002  0.000000000000000E+000
 -2.300000000000000E-002  0.000000000000000E+000
 -2.200000000000000E-002  0.000000000000000E+000
 -2.100000000000000E-002  0.000000000000000E+000
 -2.000000000000000E-002  0.000000000000000E+000
 -1.900000000000000E-002  5.525358260673310E-004
 -1.800000000000000E-002   1.07872071356408     
 -1.700000000000000E-002   2.25864979208776     
 -1.600000000000000E-002  0.261434851084376     
 -1.500000000000000E-002   2.40115400074872     
 -1.400000000000000E-002   2.17452633843085     
 -1.300000000000000E-002   1.68999504414016     
 -1.200000000000000E-002   1.38605765256362     
 -1.100000000000000E-002  0.855649960729790     
 -1.000000000000000E-002   1.26028981486209     
 -9.000000000000001E-003   2.55729397137358     
 -8.000000000000000E-003   3.04568949447016     
 -6.999999999999999E-003   6.58127981563889     
 -6.000000000000002E-003   5.71076620191121     
 -5.000000000000001E-003   8.47188824560048     
 -4.000000000000000E-003   15.1475446900694     
 -3.000000000000003E-003   16.7297809427224     
 -2.000000000000002E-003   17.3245737117568     
 -1.000000000000001E-003   14.5418340836873     
  0.000000000000000E+000   11.5101358171133     
  1.000000000000001E-003   7.07285097130764     
  1.999999999999998E-003   3.51845068217513     
  2.999999999999999E-003   5.44230860086069     
  4.000000000000000E-003   4.68620136953472     
  4.999999999999998E-003   3.58074421480776     
  5.999999999999998E-003   5.09470325322185     
  6.999999999999999E-003   4.34765026449891     
  8.000000000000000E-003   7.17181507853831     
  9.000000000000001E-003   6.46116706157760     
  1.000000000000000E-002   7.54619804939417     
  1.100000000000000E-002   10.6408182524960     
  1.200000000000000E-002   3.99155747572201     
  1.300000000000000E-002   1.92120116840277     
  1.400000000000000E-002  0.572365879081424     
  1.500000000000000E-002  0.000000000000000E+000
  1.600000000000000E-002  0.000000000000000E+000
  1.700000000000000E-002  0.000000000000000E+000
  1.800000000000000E-002  0.000000000000000E+000
  1.900000000000000E-002  0.000000000000000E+000
  2.000000000000000E-002  0.000000000000000E+000
  2.100000000000000E-002  0.000000000000000E+000
  2.200000000000000E-002  0.000000000000000E+000
  2.300000000000000E-002  0.000000000000000E+000
  2.400000000000000E-002  0.000000000000000E+000
  2.500000000000000E-002  0.000000000000000E+000
