 -2.500000000000000E-002  0.000000000000000E+000
 -2.400000000000000E-002  0.000000000000000E+000
 -2.300000000000000E-002  0.000000000000000E+000
 -2.200000000000000E-002  0.000000000000000E+000
 -2.100000000000000E-002  0.000000000000000E+000
 -2.000000000000000E-002  0.000000000000000E+000
 -1.900000000000000E-002  0.000000000000000E+000
 -1.800000000000000E-002  0.000000000000000E+000
 -1.700000000000000E-002  7.645633931544170E-002
 -1.600000000000000E-002   1.20029302945845     
 -1.500000000000000E-002   1.99667101870442     
 -1.400000000000000E-002  0.426368455655376     
 -1.300000000000000E-002   1.70267635940605     
 -1.200000000000000E-002   1.88390295681180     
 -1.100000000000000E-002  0.278046194765791     
 -1.000000000000000E-002  0.711831532657189     
 -9.000000000000001E-003   2.21619085101349     
 -8.000000000000000E-003   2.79835104726013     
 -6.999999999999999E-003   5.28628765271856     
 -6.000000000000002E-003   7.11757455114719     
 -5.000000000000001E-003   10.9680073003285     
 -4.000000000000000E-003   10.6947112075986     
 -3.000000000000003E-003   8.75007189932220     
 -2.000000000000002E-003   8.89232226393500     
 -1.000000000000001E-003   5.98484468763019     
  0.000000000000000E+000   7.92170837614647     
  1.000000000000001E-003   6.09662775123559     
  1.999999999999998E-003   6.25049205373650     
  2.999999999999999E-003   6.69501259224603     
  4.000000000000000E-003   11.9356965810512     
  4.999999999999998E-003   8.87561026265592     
  5.999999999999998E-003   12.7182075103507     
  6.999999999999999E-003   12.2853010116053     
  8.000000000000000E-003   9.38511403748286     
  9.000000000000001E-003   1.02630247576101     
  1.000000000000000E-002  0.000000000000000E+000
  1.100000000000000E-002  0.000000000000000E+000
  1.200000000000000E-002  0.000000000000000E+000
  1.300000000000000E-002  0.000000000000000E+000
  1.400000000000000E-002  0.000000000000000E+000
  1.500000000000000E-002  0.000000000000000E+000
  1.600000000000000E-002  0.000000000000000E+000
  1.700000000000000E-002  0.000000000000000E+000
  1.800000000000000E-002  0.000000000000000E+000
  1.900000000000000E-002  0.000000000000000E+000
  2.000000000000000E-002  0.000000000000000E+000
  2.100000000000000E-002  0.000000000000000E+000
  2.200000000000000E-002  0.000000000000000E+000
  2.300000000000000E-002  0.000000000000000E+000
  2.400000000000000E-002  0.000000000000000E+000
  2.500000000000000E-002  0.000000000000000E+000
