 -2.500000000000000E-002  0.000000000000000E+000
 -2.400000000000000E-002  0.000000000000000E+000
 -2.300000000000000E-002  0.000000000000000E+000
 -2.200000000000000E-002  0.000000000000000E+000
 -2.100000000000000E-002  0.000000000000000E+000
 -2.000000000000000E-002  0.000000000000000E+000
 -1.900000000000000E-002  0.000000000000000E+000
 -1.800000000000000E-002  0.000000000000000E+000
 -1.700000000000000E-002  0.000000000000000E+000
 -1.600000000000000E-002  0.000000000000000E+000
 -1.500000000000000E-002  0.000000000000000E+000
 -1.400000000000000E-002  0.000000000000000E+000
 -1.300000000000000E-002  0.000000000000000E+000
 -1.200000000000000E-002  0.000000000000000E+000
 -1.100000000000000E-002  0.117799160304206     
 -1.000000000000000E-002  0.722487282545951     
 -9.000000000000001E-003   1.64795540365482     
 -8.000000000000000E-003   1.45847226748684     
 -6.999999999999999E-003   2.12482483710078     
 -6.000000000000002E-003   3.53764107536783     
 -5.000000000000001E-003   5.40518323961697     
 -4.000000000000000E-003   15.6883152967123     
 -3.000000000000003E-003   18.8782775431087     
 -2.000000000000002E-003   20.4663119983538     
 -1.000000000000001E-003   17.6063923819267     
  0.000000000000000E+000   12.0189070922444     
  1.000000000000001E-003   8.66033078404156     
  1.999999999999998E-003   6.32233661833946     
  2.999999999999999E-003   2.75595759039636     
  4.000000000000000E-003   2.72683479025331     
  4.999999999999998E-003   1.88425600563410     
  5.999999999999998E-003   2.47096433225635     
  6.999999999999999E-003   2.89509289641912     
  8.000000000000000E-003   1.98299389770528     
  9.000000000000001E-003   1.23028992711094     
  1.000000000000000E-002   2.86007528026814     
  1.100000000000000E-002  0.720136146444034     
  1.200000000000000E-002  0.980188995769170     
  1.300000000000000E-002   1.70221045399217     
  1.400000000000000E-002   1.74886352541607     
  1.500000000000000E-002  0.823871177530654     
  1.600000000000000E-002  2.070720703504515E-002
  1.700000000000000E-002  0.368232792964955     
  1.800000000000000E-002  0.637050094507491     
  1.900000000000000E-002  0.511510864996247     
  2.000000000000000E-002  0.881553921200531     
  2.100000000000000E-002  0.381325119295725     
  2.200000000000000E-002  0.000000000000000E+000
  2.300000000000000E-002  0.000000000000000E+000
  2.400000000000000E-002  0.000000000000000E+000
  2.500000000000000E-002  0.000000000000000E+000
