 -2.500000000000000E-002  0.000000000000000E+000
 -2.400000000000000E-002  0.000000000000000E+000
 -2.300000000000000E-002  0.000000000000000E+000
 -2.200000000000000E-002  0.000000000000000E+000
 -2.100000000000000E-002  0.000000000000000E+000
 -2.000000000000000E-002  0.000000000000000E+000
 -1.900000000000000E-002  0.000000000000000E+000
 -1.800000000000000E-002  0.000000000000000E+000
 -1.700000000000000E-002  0.000000000000000E+000
 -1.600000000000000E-002  0.000000000000000E+000
 -1.500000000000000E-002  0.273414527448880     
 -1.400000000000000E-002  0.758814785688322     
 -1.300000000000000E-002  0.928274763527977     
 -1.200000000000000E-002  0.536758324748231     
 -1.100000000000000E-002  0.671738041862073     
 -1.000000000000000E-002  0.770970254219252     
 -9.000000000000001E-003  0.813658238775517     
 -8.000000000000000E-003   1.10409972946431     
 -6.999999999999999E-003  0.576262968005495     
 -6.000000000000002E-003  0.928210837045490     
 -5.000000000000001E-003   2.03293177896384     
 -4.000000000000000E-003   8.33349747715041     
 -3.000000000000003E-003   22.5459886401010     
 -2.000000000000002E-003   19.0704758664025     
 -1.000000000000001E-003   14.2292044210246     
  0.000000000000000E+000   12.1017068494377     
  1.000000000000001E-003   11.6286677361738     
  1.999999999999998E-003   16.7217917614624     
  2.999999999999999E-003   7.13707920370940     
  4.000000000000000E-003   1.78407635513944     
  4.999999999999998E-003   1.66202979886812     
  5.999999999999998E-003   1.33936179613126     
  6.999999999999999E-003  0.842846817846164     
  8.000000000000000E-003  0.510712211079705     
  9.000000000000001E-003  0.986466962075840     
  1.000000000000000E-002   1.82630197984345     
  1.100000000000000E-002   1.04574765893378     
  1.200000000000000E-002   1.43964690089604     
  1.300000000000000E-002   1.94844278158897     
  1.400000000000000E-002   2.13027929545819     
  1.500000000000000E-002   1.30852556980085     
  1.600000000000000E-002  0.207535667127076     
  1.700000000000000E-002  0.000000000000000E+000
  1.800000000000000E-002  0.000000000000000E+000
  1.900000000000000E-002  0.000000000000000E+000
  2.000000000000000E-002  0.000000000000000E+000
  2.100000000000000E-002  0.000000000000000E+000
  2.200000000000000E-002  0.000000000000000E+000
  2.300000000000000E-002  0.000000000000000E+000
  2.400000000000000E-002  0.000000000000000E+000
  2.500000000000000E-002  0.000000000000000E+000
