 -2.500000000000000E-002  0.000000000000000E+000
 -2.400000000000000E-002  0.000000000000000E+000
 -2.300000000000000E-002  0.000000000000000E+000
 -2.200000000000000E-002  0.000000000000000E+000
 -2.100000000000000E-002  0.000000000000000E+000
 -2.000000000000000E-002  0.000000000000000E+000
 -1.900000000000000E-002  0.000000000000000E+000
 -1.800000000000000E-002  0.000000000000000E+000
 -1.700000000000000E-002  0.000000000000000E+000
 -1.600000000000000E-002  0.000000000000000E+000
 -1.500000000000000E-002  0.000000000000000E+000
 -1.400000000000000E-002  0.000000000000000E+000
 -1.300000000000000E-002  0.000000000000000E+000
 -1.200000000000000E-002  0.000000000000000E+000
 -1.100000000000000E-002   1.83380762693237     
 -1.000000000000000E-002   3.95602169644179     
 -9.000000000000001E-003   2.99920301236294     
 -8.000000000000000E-003   3.80369822189532     
 -6.999999999999999E-003   2.51664339884806     
 -6.000000000000002E-003   5.64058641683571     
 -5.000000000000001E-003   5.91164250272878     
 -4.000000000000000E-003   1.91406984001599     
 -3.000000000000003E-003   3.49054523038135     
 -2.000000000000002E-003   12.4567981402449     
 -1.000000000000001E-003   6.89957525280439     
  0.000000000000000E+000   1.62273893734297     
  1.000000000000001E-003   2.35391217770507     
  1.999999999999998E-003   17.2987687834280     
  2.999999999999999E-003   14.0690164822344     
  4.000000000000000E-003   23.2369850641757     
  4.999999999999998E-003   15.3878472156222     
  5.999999999999998E-003  0.000000000000000E+000
  6.999999999999999E-003  0.000000000000000E+000
  8.000000000000000E-003  0.000000000000000E+000
  9.000000000000001E-003  0.000000000000000E+000
  1.000000000000000E-002  0.000000000000000E+000
  1.100000000000000E-002  0.000000000000000E+000
  1.200000000000000E-002  0.000000000000000E+000
  1.300000000000000E-002  0.000000000000000E+000
  1.400000000000000E-002  0.000000000000000E+000
  1.500000000000000E-002  0.000000000000000E+000
  1.600000000000000E-002  0.000000000000000E+000
  1.700000000000000E-002  0.000000000000000E+000
  1.800000000000000E-002  0.000000000000000E+000
  1.900000000000000E-002  0.000000000000000E+000
  2.000000000000000E-002  0.000000000000000E+000
  2.100000000000000E-002  0.000000000000000E+000
  2.200000000000000E-002  0.000000000000000E+000
  2.300000000000000E-002  0.000000000000000E+000
  2.400000000000000E-002  0.000000000000000E+000
  2.500000000000000E-002  0.000000000000000E+000
