 -2.500000000000000E-002  0.000000000000000E+000
 -2.400000000000000E-002  0.000000000000000E+000
 -2.300000000000000E-002  0.000000000000000E+000
 -2.200000000000000E-002  0.000000000000000E+000
 -2.100000000000000E-002  0.000000000000000E+000
 -2.000000000000000E-002  0.000000000000000E+000
 -1.900000000000000E-002  0.000000000000000E+000
 -1.800000000000000E-002  0.000000000000000E+000
 -1.700000000000000E-002  0.000000000000000E+000
 -1.600000000000000E-002  0.000000000000000E+000
 -1.500000000000000E-002  0.000000000000000E+000
 -1.400000000000000E-002  0.150154176345866     
 -1.300000000000000E-002   2.19506023182072     
 -1.200000000000000E-002   1.12355415833115     
 -1.100000000000000E-002   1.44584916198766     
 -1.000000000000000E-002   1.99344714134470     
 -9.000000000000001E-003  0.742953662655361     
 -8.000000000000000E-003   1.07340064373546     
 -6.999999999999999E-003  0.895958107123186     
 -6.000000000000002E-003   1.93545837661574     
 -5.000000000000001E-003   5.83717675474312     
 -4.000000000000000E-003   7.35739451797588     
 -3.000000000000003E-003   3.31120043838795     
 -2.000000000000002E-003   13.9705740428542     
 -1.000000000000001E-003   7.64328614192002     
  0.000000000000000E+000   7.60023125694162     
  1.000000000000001E-003   23.7936997585481     
  1.999999999999998E-003   23.8637024037035     
  2.999999999999999E-003   17.4513942715086     
  4.000000000000000E-003   3.52606143824492     
  4.999999999999998E-003   5.61973381943203     
  5.999999999999998E-003   5.63630093441248     
  6.999999999999999E-003   2.65571137515202     
  8.000000000000000E-003  7.563718621571990E-002
  9.000000000000001E-003  0.000000000000000E+000
  1.000000000000000E-002  0.000000000000000E+000
  1.100000000000000E-002  0.000000000000000E+000
  1.200000000000000E-002  0.000000000000000E+000
  1.300000000000000E-002  0.000000000000000E+000
  1.400000000000000E-002  0.000000000000000E+000
  1.500000000000000E-002  0.000000000000000E+000
  1.600000000000000E-002  0.000000000000000E+000
  1.700000000000000E-002  0.000000000000000E+000
  1.800000000000000E-002  0.000000000000000E+000
  1.900000000000000E-002  0.000000000000000E+000
  2.000000000000000E-002  0.000000000000000E+000
  2.100000000000000E-002  0.000000000000000E+000
  2.200000000000000E-002  0.000000000000000E+000
  2.300000000000000E-002  0.000000000000000E+000
  2.400000000000000E-002  0.000000000000000E+000
  2.500000000000000E-002  0.000000000000000E+000
