 -2.500000000000000E-002  0.000000000000000E+000
 -2.400000000000000E-002  0.000000000000000E+000
 -2.300000000000000E-002  0.000000000000000E+000
 -2.200000000000000E-002  0.000000000000000E+000
 -2.100000000000000E-002  0.000000000000000E+000
 -2.000000000000000E-002  0.000000000000000E+000
 -1.900000000000000E-002  0.000000000000000E+000
 -1.800000000000000E-002  0.000000000000000E+000
 -1.700000000000000E-002  0.000000000000000E+000
 -1.600000000000000E-002  0.000000000000000E+000
 -1.500000000000000E-002  0.000000000000000E+000
 -1.400000000000000E-002  0.000000000000000E+000
 -1.300000000000000E-002  0.000000000000000E+000
 -1.200000000000000E-002  0.000000000000000E+000
 -1.100000000000000E-002  0.317281435083420     
 -1.000000000000000E-002   1.94185604536035     
 -9.000000000000001E-003   3.13498938134179     
 -8.000000000000000E-003   1.53848697434755     
 -6.999999999999999E-003   2.61395858364896     
 -6.000000000000002E-003   2.60555016392055     
 -5.000000000000001E-003   4.19317536780103     
 -4.000000000000000E-003   6.05965327140576     
 -3.000000000000003E-003   5.84906970884836     
 -2.000000000000002E-003   6.16772823862308     
 -1.000000000000001E-003   5.91785096009751     
  0.000000000000000E+000   6.56667896801533     
  1.000000000000001E-003   7.72725076168752     
  1.999999999999998E-003   3.23197780975856     
  2.999999999999999E-003   1.37608682429852     
  4.000000000000000E-003   1.64541827009542     
  4.999999999999998E-003  0.532924110703668     
  5.999999999999998E-003  0.593799895154219     
  6.999999999999999E-003   1.58377402292753     
  8.000000000000000E-003  0.503922132260354     
  9.000000000000001E-003  0.287817074620516     
  1.000000000000000E-002   1.02217911040314     
  1.100000000000000E-002  0.777184132370438     
  1.200000000000000E-002  0.728080740748439     
  1.300000000000000E-002  0.311675489180252     
  1.400000000000000E-002  0.357466237574308     
  1.500000000000000E-002   1.01710428972342     
  1.600000000000000E-002  0.689444304104242     
  1.700000000000000E-002  0.788545695895759     
  1.800000000000000E-002  0.612477989774179     
  1.900000000000000E-002  0.554352010225814     
  2.000000000000000E-002  0.597277168506387     
  2.100000000000000E-002  0.838664911181205     
  2.200000000000000E-002  3.137920312408878E-003
  2.300000000000000E-002  0.000000000000000E+000
  2.400000000000000E-002  0.000000000000000E+000
  2.500000000000000E-002  0.000000000000000E+000
