 -2.500000000000000E-002  0.000000000000000E+000
 -2.400000000000000E-002  0.000000000000000E+000
 -2.300000000000000E-002  0.000000000000000E+000
 -2.200000000000000E-002  0.000000000000000E+000
 -2.100000000000000E-002  0.000000000000000E+000
 -2.000000000000000E-002  0.000000000000000E+000
 -1.900000000000000E-002  0.000000000000000E+000
 -1.800000000000000E-002  0.000000000000000E+000
 -1.700000000000000E-002  0.000000000000000E+000
 -1.600000000000000E-002  0.000000000000000E+000
 -1.500000000000000E-002  0.000000000000000E+000
 -1.400000000000000E-002  0.000000000000000E+000
 -1.300000000000000E-002  0.000000000000000E+000
 -1.200000000000000E-002  0.000000000000000E+000
 -1.100000000000000E-002  0.000000000000000E+000
 -1.000000000000000E-002  0.000000000000000E+000
 -9.000000000000001E-003  0.000000000000000E+000
 -8.000000000000000E-003  0.000000000000000E+000
 -6.999999999999999E-003  0.000000000000000E+000
 -6.000000000000002E-003  0.000000000000000E+000
 -5.000000000000001E-003  0.880249200805093     
 -4.000000000000000E-003   14.4191657854705     
 -3.000000000000003E-003   22.7470244130158     
 -2.000000000000002E-003   29.6673254198329     
 -1.000000000000001E-003   23.3697983482965     
  0.000000000000000E+000   22.0843203729098     
  1.000000000000001E-003   23.8547953430914     
  1.999999999999998E-003   19.1590422302558     
  2.999999999999999E-003   5.66242846914550     
  4.000000000000000E-003   2.93546763132647     
  4.999999999999998E-003   1.32045934659989     
  5.999999999999998E-003  0.426010873961816     
  6.999999999999999E-003  0.576929847422880     
  8.000000000000000E-003   1.19886559097664     
  9.000000000000001E-003  0.747062642197446     
  1.000000000000000E-002  0.844662960386026     
  1.100000000000000E-002   1.06276419153732     
  1.200000000000000E-002   2.01246738556331     
  1.300000000000000E-002   1.61677565539330     
  1.400000000000000E-002   1.06253021548263     
  1.500000000000000E-002  0.552314076328977     
  1.600000000000000E-002  0.000000000000000E+000
  1.700000000000000E-002  0.000000000000000E+000
  1.800000000000000E-002  0.000000000000000E+000
  1.900000000000000E-002  0.000000000000000E+000
  2.000000000000000E-002  0.000000000000000E+000
  2.100000000000000E-002  0.000000000000000E+000
  2.200000000000000E-002  0.000000000000000E+000
  2.300000000000000E-002  0.000000000000000E+000
  2.400000000000000E-002  0.000000000000000E+000
  2.500000000000000E-002  0.000000000000000E+000
