 -2.500000000000000E-002  0.000000000000000E+000
 -2.400000000000000E-002  0.000000000000000E+000
 -2.300000000000000E-002  0.000000000000000E+000
 -2.200000000000000E-002  0.000000000000000E+000
 -2.100000000000000E-002  0.000000000000000E+000
 -2.000000000000000E-002  0.000000000000000E+000
 -1.900000000000000E-002  0.000000000000000E+000
 -1.800000000000000E-002  0.000000000000000E+000
 -1.700000000000000E-002  0.000000000000000E+000
 -1.600000000000000E-002  0.000000000000000E+000
 -1.500000000000000E-002  0.000000000000000E+000
 -1.400000000000000E-002  0.000000000000000E+000
 -1.300000000000000E-002  0.000000000000000E+000
 -1.200000000000000E-002  0.000000000000000E+000
 -1.100000000000000E-002  0.000000000000000E+000
 -1.000000000000000E-002  0.266369242570127     
 -9.000000000000001E-003   4.58515019642406     
 -8.000000000000000E-003   7.84849559971563     
 -6.999999999999999E-003   6.63876562401559     
 -6.000000000000002E-003   7.28701639061817     
 -5.000000000000001E-003   5.77029570343421     
 -4.000000000000000E-003   7.97438507585873     
 -3.000000000000003E-003   8.51353305154123     
 -2.000000000000002E-003   7.40339079174790     
 -1.000000000000001E-003   16.9800742990223     
  0.000000000000000E+000   15.7345195372866     
  1.000000000000001E-003   16.9832179891130     
  1.999999999999998E-003   11.8936134539090     
  2.999999999999999E-003   15.8906126257709     
  4.000000000000000E-003   5.79152736075992     
  4.999999999999998E-003   5.97430802248543     
  5.999999999999998E-003   8.30198478328905     
  6.999999999999999E-003   5.36482673696007     
  8.000000000000000E-003   2.27213961627657     
  9.000000000000001E-003   2.58891592158231     
  1.000000000000000E-002   2.99606727224048     
  1.100000000000000E-002   1.35926262900943     
  1.200000000000000E-002  4.468076369340364E-003
  1.300000000000000E-002  0.000000000000000E+000
  1.400000000000000E-002  0.000000000000000E+000
  1.500000000000000E-002  0.000000000000000E+000
  1.600000000000000E-002  0.000000000000000E+000
  1.700000000000000E-002  0.000000000000000E+000
  1.800000000000000E-002  0.000000000000000E+000
  1.900000000000000E-002  0.000000000000000E+000
  2.000000000000000E-002  0.000000000000000E+000
  2.100000000000000E-002  0.000000000000000E+000
  2.200000000000000E-002  0.000000000000000E+000
  2.300000000000000E-002  0.000000000000000E+000
  2.400000000000000E-002  0.000000000000000E+000
  2.500000000000000E-002  0.000000000000000E+000
