 -2.500000000000000E-002  0.000000000000000E+000
 -2.400000000000000E-002  0.000000000000000E+000
 -2.300000000000000E-002  0.000000000000000E+000
 -2.200000000000000E-002  0.000000000000000E+000
 -2.100000000000000E-002  0.000000000000000E+000
 -2.000000000000000E-002  0.000000000000000E+000
 -1.900000000000000E-002  0.000000000000000E+000
 -1.800000000000000E-002  0.000000000000000E+000
 -1.700000000000000E-002  0.000000000000000E+000
 -1.600000000000000E-002  0.000000000000000E+000
 -1.500000000000000E-002  3.751803324139477E-002
 -1.400000000000000E-002  0.862794830334693     
 -1.300000000000000E-002  0.655495741467187     
 -1.200000000000000E-002  0.565563142031007     
 -1.100000000000000E-002  0.366375176178789     
 -1.000000000000000E-002  0.688256515051684     
 -9.000000000000001E-003  0.975453512819418     
 -8.000000000000000E-003   2.52751102411080     
 -6.999999999999999E-003   5.43784712800186     
 -6.000000000000002E-003   13.5043158657551     
 -5.000000000000001E-003   15.2724344176464     
 -4.000000000000000E-003   16.0992791327325     
 -3.000000000000003E-003   15.1325498150659     
 -2.000000000000002E-003   13.2115782490057     
 -1.000000000000001E-003   13.4014456455917     
  0.000000000000000E+000   17.3257204601358     
  1.000000000000001E-003   17.5197993703571     
  1.999999999999998E-003   14.4553047611703     
  2.999999999999999E-003   14.7403355891833     
  4.000000000000000E-003   8.12529729226937     
  4.999999999999998E-003   3.11810013113495     
  5.999999999999998E-003   2.58282722577925     
  6.999999999999999E-003   2.30515418188640     
  8.000000000000000E-003   4.38504837192307     
  9.000000000000001E-003   5.08464433706096     
  1.000000000000000E-002   2.79851018098087     
  1.100000000000000E-002   5.17988536213712     
  1.200000000000000E-002   3.67120397478151     
  1.300000000000000E-002   1.84413038452363     
  1.400000000000000E-002  0.607640147642408     
  1.500000000000000E-002  0.000000000000000E+000
  1.600000000000000E-002  0.000000000000000E+000
  1.700000000000000E-002  0.000000000000000E+000
  1.800000000000000E-002  0.000000000000000E+000
  1.900000000000000E-002  0.000000000000000E+000
  2.000000000000000E-002  0.000000000000000E+000
  2.100000000000000E-002  0.000000000000000E+000
  2.200000000000000E-002  0.000000000000000E+000
  2.300000000000000E-002  0.000000000000000E+000
  2.400000000000000E-002  0.000000000000000E+000
  2.500000000000000E-002  0.000000000000000E+000
