 -2.500000000000000E-002  0.000000000000000E+000
 -2.400000000000000E-002  0.000000000000000E+000
 -2.300000000000000E-002  0.000000000000000E+000
 -2.200000000000000E-002  0.000000000000000E+000
 -2.100000000000000E-002  0.000000000000000E+000
 -2.000000000000000E-002  0.000000000000000E+000
 -1.900000000000000E-002  0.000000000000000E+000
 -1.800000000000000E-002  0.000000000000000E+000
 -1.700000000000000E-002  0.000000000000000E+000
 -1.600000000000000E-002  0.000000000000000E+000
 -1.500000000000000E-002  0.000000000000000E+000
 -1.400000000000000E-002  0.000000000000000E+000
 -1.300000000000000E-002  0.000000000000000E+000
 -1.200000000000000E-002  0.000000000000000E+000
 -1.100000000000000E-002  0.000000000000000E+000
 -1.000000000000000E-002  0.000000000000000E+000
 -9.000000000000001E-003  0.000000000000000E+000
 -8.000000000000000E-003  0.000000000000000E+000
 -6.999999999999999E-003  0.000000000000000E+000
 -6.000000000000002E-003  0.000000000000000E+000
 -5.000000000000001E-003  0.000000000000000E+000
 -4.000000000000000E-003   3.67285129844395     
 -3.000000000000003E-003   31.7304549995512     
 -2.000000000000002E-003   42.0854470607044     
 -1.000000000000001E-003   38.4009576401863     
  0.000000000000000E+000   28.2595740584758     
  1.000000000000001E-003   20.8088674303899     
  1.999999999999998E-003   23.9111511958563     
  2.999999999999999E-003   6.99713287602258     
  4.000000000000000E-003   1.35497706242944     
  4.999999999999998E-003  0.464890606858808     
  5.999999999999998E-003   1.36716890589809     
  6.999999999999999E-003   1.14557658169018     
  8.000000000000000E-003  0.320826213562180     
  9.000000000000001E-003  0.735278866446713     
  1.000000000000000E-002   1.35331691338252     
  1.100000000000000E-002   2.83222967769783     
  1.200000000000000E-002   1.84669847395227     
  1.300000000000000E-002  0.888734800215246     
  1.400000000000000E-002   1.76418613818767     
  1.500000000000000E-002  0.135369200048620     
  1.600000000000000E-002  0.000000000000000E+000
  1.700000000000000E-002  0.000000000000000E+000
  1.800000000000000E-002  0.000000000000000E+000
  1.900000000000000E-002  0.000000000000000E+000
  2.000000000000000E-002  0.000000000000000E+000
  2.100000000000000E-002  0.000000000000000E+000
  2.200000000000000E-002  0.000000000000000E+000
  2.300000000000000E-002  0.000000000000000E+000
  2.400000000000000E-002  0.000000000000000E+000
  2.500000000000000E-002  0.000000000000000E+000
