 -2.500000000000000E-002  0.000000000000000E+000
 -2.400000000000000E-002  0.000000000000000E+000
 -2.300000000000000E-002  0.000000000000000E+000
 -2.200000000000000E-002  0.000000000000000E+000
 -2.100000000000000E-002  0.000000000000000E+000
 -2.000000000000000E-002  0.000000000000000E+000
 -1.900000000000000E-002  0.000000000000000E+000
 -1.800000000000000E-002  0.432646131534829     
 -1.700000000000000E-002   2.55930633307156     
 -1.600000000000000E-002  0.541027535393614     
 -1.500000000000000E-002   1.67967875612711     
 -1.400000000000000E-002   2.92429708934129     
 -1.300000000000000E-002   2.36508903264139     
 -1.200000000000000E-002  0.724975121890210     
 -1.100000000000000E-002  0.412976425432160     
 -1.000000000000000E-002  0.717719311928369     
 -9.000000000000001E-003   1.98401746062261     
 -8.000000000000000E-003   1.79771459929796     
 -6.999999999999999E-003   2.56536912588536     
 -6.000000000000002E-003   10.0959794921554     
 -5.000000000000001E-003   9.16585893930007     
 -4.000000000000000E-003   12.5619892281281     
 -3.000000000000003E-003   25.9010219150477     
 -2.000000000000002E-003   24.1668776303342     
 -1.000000000000001E-003   17.3524526624225     
  0.000000000000000E+000   8.92973940559449     
  1.000000000000001E-003   8.36523792070507     
  1.999999999999998E-003   2.62044522014279     
  2.999999999999999E-003   7.59024367517020     
  4.000000000000000E-003   5.44438034738810     
  4.999999999999998E-003   7.09096557571508     
  5.999999999999998E-003   3.39269709834360     
  6.999999999999999E-003   4.38816566158767     
  8.000000000000000E-003   10.0747585257817     
  9.000000000000001E-003   5.07085751316022     
  1.000000000000000E-002   9.23741018330483     
  1.100000000000000E-002   10.7117148653644     
  1.200000000000000E-002   3.68325968263853     
  1.300000000000000E-002  0.121687534548894     
  1.400000000000000E-002  0.000000000000000E+000
  1.500000000000000E-002  0.000000000000000E+000
  1.600000000000000E-002  0.000000000000000E+000
  1.700000000000000E-002  0.000000000000000E+000
  1.800000000000000E-002  0.000000000000000E+000
  1.900000000000000E-002  0.000000000000000E+000
  2.000000000000000E-002  0.000000000000000E+000
  2.100000000000000E-002  0.000000000000000E+000
  2.200000000000000E-002  0.000000000000000E+000
  2.300000000000000E-002  0.000000000000000E+000
  2.400000000000000E-002  0.000000000000000E+000
  2.500000000000000E-002  0.000000000000000E+000
