 -2.500000000000000E-002  0.000000000000000E+000
 -2.400000000000000E-002  0.000000000000000E+000
 -2.300000000000000E-002  0.000000000000000E+000
 -2.200000000000000E-002  0.000000000000000E+000
 -2.100000000000000E-002  0.000000000000000E+000
 -2.000000000000000E-002  0.000000000000000E+000
 -1.900000000000000E-002  0.000000000000000E+000
 -1.800000000000000E-002  0.000000000000000E+000
 -1.700000000000000E-002  0.000000000000000E+000
 -1.600000000000000E-002  0.243172857737311     
 -1.500000000000000E-002  0.676474917183575     
 -1.400000000000000E-002   1.76300882556447     
 -1.300000000000000E-002  0.157254273289736     
 -1.200000000000000E-002  0.712690462228424     
 -1.100000000000000E-002  0.778040586623860     
 -1.000000000000000E-002   1.42917953139308     
 -9.000000000000001E-003  0.692092461437288     
 -8.000000000000000E-003  0.888235026770811     
 -6.999999999999999E-003  0.580824109916722     
 -6.000000000000002E-003   1.39957511946955     
 -5.000000000000001E-003   9.15147495786346     
 -4.000000000000000E-003   12.4181893334038     
 -3.000000000000003E-003   14.8241159231307     
 -2.000000000000002E-003   15.1430321887487     
 -1.000000000000001E-003   17.6364439301483     
  0.000000000000000E+000   17.0635574491812     
  1.000000000000001E-003   13.3223791821834     
  1.999999999999998E-003   3.67250413014679     
  2.999999999999999E-003   1.95206817773409     
  4.000000000000000E-003   1.85020809953169     
  4.999999999999998E-003   2.23136276221015     
  5.999999999999998E-003   2.52220871136536     
  6.999999999999999E-003   1.43294490792023     
  8.000000000000000E-003   1.14974331445248     
  9.000000000000001E-003   1.47312572565993     
  1.000000000000000E-002   1.90936388254951     
  1.100000000000000E-002   1.37772664145518     
  1.200000000000000E-002   3.50205439493990     
  1.300000000000000E-002   3.02919192491336     
  1.400000000000000E-002   2.16825523668975     
  1.500000000000000E-002   1.94832901932253     
  1.600000000000000E-002  0.621624900539120     
  1.700000000000000E-002  0.266977034295548     
  1.800000000000000E-002  0.000000000000000E+000
  1.900000000000000E-002  0.000000000000000E+000
  2.000000000000000E-002  0.000000000000000E+000
  2.100000000000000E-002  0.000000000000000E+000
  2.200000000000000E-002  0.000000000000000E+000
  2.300000000000000E-002  0.000000000000000E+000
  2.400000000000000E-002  0.000000000000000E+000
  2.500000000000000E-002  0.000000000000000E+000
