 -2.500000000000000E-002  0.000000000000000E+000
 -2.400000000000000E-002  0.000000000000000E+000
 -2.300000000000000E-002  0.000000000000000E+000
 -2.200000000000000E-002  0.000000000000000E+000
 -2.100000000000000E-002  0.000000000000000E+000
 -2.000000000000000E-002  0.000000000000000E+000
 -1.900000000000000E-002  0.000000000000000E+000
 -1.800000000000000E-002  0.000000000000000E+000
 -1.700000000000000E-002  0.000000000000000E+000
 -1.600000000000000E-002  0.000000000000000E+000
 -1.500000000000000E-002  0.000000000000000E+000
 -1.400000000000000E-002  0.000000000000000E+000
 -1.300000000000000E-002  0.605087000764270     
 -1.200000000000000E-002   4.58120170849138     
 -1.100000000000000E-002   1.52567746339081     
 -1.000000000000000E-002   1.21593344048195     
 -9.000000000000001E-003   1.16657759775607     
 -8.000000000000000E-003   1.30053554890438     
 -6.999999999999999E-003   1.24646333147236     
 -6.000000000000002E-003   1.33493375629080     
 -5.000000000000001E-003  0.887843727361920     
 -4.000000000000000E-003   1.13666642508606     
 -3.000000000000003E-003   1.53661793369471     
 -2.000000000000002E-003   1.52757769317416     
 -1.000000000000001E-003   1.60201385985524     
  0.000000000000000E+000   2.61867519303114     
  1.000000000000001E-003   7.19145047351142     
  1.999999999999998E-003   15.9295600615145     
  2.999999999999999E-003   30.2677683671830     
  4.000000000000000E-003   4.57631641803584     
  4.999999999999998E-003  0.000000000000000E+000
  5.999999999999998E-003  0.000000000000000E+000
  6.999999999999999E-003  0.000000000000000E+000
  8.000000000000000E-003  0.000000000000000E+000
  9.000000000000001E-003  0.000000000000000E+000
  1.000000000000000E-002  0.000000000000000E+000
  1.100000000000000E-002  0.000000000000000E+000
  1.200000000000000E-002  0.000000000000000E+000
  1.300000000000000E-002  0.000000000000000E+000
  1.400000000000000E-002  0.000000000000000E+000
  1.500000000000000E-002  0.000000000000000E+000
  1.600000000000000E-002  0.000000000000000E+000
  1.700000000000000E-002  0.000000000000000E+000
  1.800000000000000E-002  0.000000000000000E+000
  1.900000000000000E-002  0.000000000000000E+000
  2.000000000000000E-002  0.000000000000000E+000
  2.100000000000000E-002  0.000000000000000E+000
  2.200000000000000E-002  0.000000000000000E+000
  2.300000000000000E-002  0.000000000000000E+000
  2.400000000000000E-002  0.000000000000000E+000
  2.500000000000000E-002  0.000000000000000E+000
