 -2.500000000000000E-002  0.000000000000000E+000
 -2.400000000000000E-002  0.000000000000000E+000
 -2.300000000000000E-002  0.000000000000000E+000
 -2.200000000000000E-002  0.000000000000000E+000
 -2.100000000000000E-002  0.000000000000000E+000
 -2.000000000000000E-002  0.000000000000000E+000
 -1.900000000000000E-002  0.000000000000000E+000
 -1.800000000000000E-002  0.000000000000000E+000
 -1.700000000000000E-002  4.442737277889312E-003
 -1.600000000000000E-002  0.427367262722111     
 -1.500000000000000E-002   1.42827181099013     
 -1.400000000000000E-002  0.711138189009872     
 -1.300000000000000E-002  0.656272366751170     
 -1.200000000000000E-002  0.695387556091894     
 -1.100000000000000E-002   1.40117164577299     
 -1.000000000000000E-002  0.757757966620226     
 -9.000000000000001E-003  0.702788921330487     
 -8.000000000000000E-003   1.06020502993479     
 -6.999999999999999E-003   1.41085878532968     
 -6.000000000000002E-003   1.42011413913563     
 -5.000000000000001E-003   5.14267449588327     
 -4.000000000000000E-003   14.0172836216141     
 -3.000000000000003E-003   23.1125294896598     
 -2.000000000000002E-003   20.8908031317119     
 -1.000000000000001E-003   18.1630919684688     
  0.000000000000000E+000   15.0218170934556     
  1.000000000000001E-003   12.3216918134729     
  1.999999999999998E-003   9.42807024375633     
  2.999999999999999E-003   4.06954889295699     
  4.000000000000000E-003   2.30804727606832     
  4.999999999999998E-003   1.89321572376297     
  5.999999999999998E-003   1.53685158727553     
  6.999999999999999E-003   1.02307067278433     
  8.000000000000000E-003   1.79312655648302     
  9.000000000000001E-003   3.11061511945729     
  1.000000000000000E-002   4.52884110800568     
  1.100000000000000E-002   2.68535817051297     
  1.200000000000000E-002   2.41934797021423     
  1.300000000000000E-002   4.24971106394099     
  1.400000000000000E-002   2.27118613464843     
  1.500000000000000E-002  0.505401454899732     
  1.600000000000000E-002  0.000000000000000E+000
  1.700000000000000E-002  0.000000000000000E+000
  1.800000000000000E-002  0.000000000000000E+000
  1.900000000000000E-002  0.000000000000000E+000
  2.000000000000000E-002  0.000000000000000E+000
  2.100000000000000E-002  0.000000000000000E+000
  2.200000000000000E-002  0.000000000000000E+000
  2.300000000000000E-002  0.000000000000000E+000
  2.400000000000000E-002  0.000000000000000E+000
  2.500000000000000E-002  0.000000000000000E+000
