 -2.500000000000000E-002  0.000000000000000E+000
 -2.400000000000000E-002  0.000000000000000E+000
 -2.300000000000000E-002  0.000000000000000E+000
 -2.200000000000000E-002  0.000000000000000E+000
 -2.100000000000000E-002  0.000000000000000E+000
 -2.000000000000000E-002  0.000000000000000E+000
 -1.900000000000000E-002  0.000000000000000E+000
 -1.800000000000000E-002  0.000000000000000E+000
 -1.700000000000000E-002  0.000000000000000E+000
 -1.600000000000000E-002  0.000000000000000E+000
 -1.500000000000000E-002  0.000000000000000E+000
 -1.400000000000000E-002  0.000000000000000E+000
 -1.300000000000000E-002  0.000000000000000E+000
 -1.200000000000000E-002  0.000000000000000E+000
 -1.100000000000000E-002  0.229568924714008     
 -1.000000000000000E-002   1.41648407997674     
 -9.000000000000001E-003   2.05828029195974     
 -8.000000000000000E-003   1.09836847040253     
 -6.999999999999999E-003   2.04710724896465     
 -6.000000000000002E-003   3.99167063597884     
 -5.000000000000001E-003   7.83521851619986     
 -4.000000000000000E-003   8.97104271946943     
 -3.000000000000003E-003   10.4950405552129     
 -2.000000000000002E-003   13.7589003765386     
 -1.000000000000001E-003   8.73196656308853     
  0.000000000000000E+000   9.98141744883409     
  1.000000000000001E-003   13.3193865936156     
  1.999999999999998E-003   4.60186957831143     
  2.999999999999999E-003   8.22761152346380     
  4.000000000000000E-003   16.3075768318248     
  4.999999999999998E-003   13.7159026672183     
  5.999999999999998E-003   7.36422697422618     
  6.999999999999999E-003  0.000000000000000E+000
  8.000000000000000E-003  0.000000000000000E+000
  9.000000000000001E-003  0.000000000000000E+000
  1.000000000000000E-002  0.000000000000000E+000
  1.100000000000000E-002  0.000000000000000E+000
  1.200000000000000E-002  0.000000000000000E+000
  1.300000000000000E-002  0.000000000000000E+000
  1.400000000000000E-002  0.000000000000000E+000
  1.500000000000000E-002  0.000000000000000E+000
  1.600000000000000E-002  0.000000000000000E+000
  1.700000000000000E-002  0.000000000000000E+000
  1.800000000000000E-002  0.000000000000000E+000
  1.900000000000000E-002  0.000000000000000E+000
  2.000000000000000E-002  0.000000000000000E+000
  2.100000000000000E-002  0.000000000000000E+000
  2.200000000000000E-002  0.000000000000000E+000
  2.300000000000000E-002  0.000000000000000E+000
  2.400000000000000E-002  0.000000000000000E+000
  2.500000000000000E-002  0.000000000000000E+000
