 -2.500000000000000E-002  0.000000000000000E+000
 -2.400000000000000E-002  0.000000000000000E+000
 -2.300000000000000E-002  0.000000000000000E+000
 -2.200000000000000E-002  0.000000000000000E+000
 -2.100000000000000E-002  0.000000000000000E+000
 -2.000000000000000E-002  0.000000000000000E+000
 -1.900000000000000E-002  0.000000000000000E+000
 -1.800000000000000E-002  0.000000000000000E+000
 -1.700000000000000E-002  7.391465637245871E-002
 -1.600000000000000E-002  0.511376923302983     
 -1.500000000000000E-002   1.63224279383477     
 -1.400000000000000E-002  0.726615626489790     
 -1.300000000000000E-002  0.438005914885347     
 -1.200000000000000E-002  0.970821356515167     
 -1.100000000000000E-002   1.71641282166342     
 -1.000000000000000E-002   1.64405208209414     
 -9.000000000000001E-003   1.92539878476227     
 -8.000000000000000E-003  0.670494462228878     
 -6.999999999999999E-003   1.47973996552195     
 -6.000000000000002E-003   4.54282563798912     
 -5.000000000000001E-003   8.88828962125109     
 -4.000000000000000E-003   13.3703573826750     
 -3.000000000000003E-003   11.6700798742431     
 -2.000000000000002E-003   8.19379056018022     
 -1.000000000000001E-003   7.66300654307390     
  0.000000000000000E+000   6.67105678767461     
  1.000000000000001E-003   8.55958043567707     
  1.999999999999998E-003   3.39915843803318     
  2.999999999999999E-003   2.05789506038874     
  4.000000000000000E-003   2.53311093841478     
  4.999999999999998E-003   2.04621785242166     
  5.999999999999998E-003   1.27034573916626     
  6.999999999999999E-003   2.36997691600013     
  8.000000000000000E-003   1.31860914018710     
  9.000000000000001E-003   3.18753982412045     
  1.000000000000000E-002   1.95120936517756     
  1.100000000000000E-002   2.30419522644767     
  1.200000000000000E-002   3.30029987376268     
  1.300000000000000E-002   3.50696935759765     
  1.400000000000000E-002   3.03242612855521     
  1.500000000000000E-002   2.01107820123877     
  1.600000000000000E-002  0.255125708052809     
  1.700000000000000E-002  0.000000000000000E+000
  1.800000000000000E-002  0.000000000000000E+000
  1.900000000000000E-002  0.000000000000000E+000
  2.000000000000000E-002  0.000000000000000E+000
  2.100000000000000E-002  0.000000000000000E+000
  2.200000000000000E-002  0.000000000000000E+000
  2.300000000000000E-002  0.000000000000000E+000
  2.400000000000000E-002  0.000000000000000E+000
  2.500000000000000E-002  0.000000000000000E+000
