 -2.500000000000000E-002  0.000000000000000E+000
 -2.400000000000000E-002  0.000000000000000E+000
 -2.300000000000000E-002  0.000000000000000E+000
 -2.200000000000000E-002  0.000000000000000E+000
 -2.100000000000000E-002  0.000000000000000E+000
 -2.000000000000000E-002  0.000000000000000E+000
 -1.900000000000000E-002  0.000000000000000E+000
 -1.800000000000000E-002  0.000000000000000E+000
 -1.700000000000000E-002  0.554677738342801     
 -1.600000000000000E-002  0.868482713887529     
 -1.500000000000000E-002   1.85923548575851     
 -1.400000000000000E-002  0.582325428041444     
 -1.300000000000000E-002  0.389963752635010     
 -1.200000000000000E-002   1.13793612167989     
 -1.100000000000000E-002   1.88379965033381     
 -1.000000000000000E-002   2.36543584807612     
 -9.000000000000001E-003   5.33880170102547     
 -8.000000000000000E-003   5.46142472075293     
 -6.999999999999999E-003   8.27819074454261     
 -6.000000000000002E-003   7.58602068929751     
 -5.000000000000001E-003   7.60008776591945     
 -4.000000000000000E-003   4.73854499310474     
 -3.000000000000003E-003   4.29340536115853     
 -2.000000000000002E-003   5.05924926239912     
 -1.000000000000001E-003   2.66101814735185     
  0.000000000000000E+000   1.93621247853776     
  1.000000000000001E-003   2.45615763385535     
  1.999999999999998E-003   4.69634936759330     
  2.999999999999999E-003   2.49665263719572     
  4.000000000000000E-003   1.72266453164533     
  4.999999999999998E-003   2.85753713986789     
  5.999999999999998E-003   2.37351891228085     
  6.999999999999999E-003   2.87530310624684     
  8.000000000000000E-003   5.53030518756249     
  9.000000000000001E-003   5.22474667547482     
  1.000000000000000E-002   7.18921957751066     
  1.100000000000000E-002   5.62619616385611     
  1.200000000000000E-002   4.97720095569506     
  1.300000000000000E-002   2.46843577838033     
  1.400000000000000E-002  0.551939729990118     
  1.500000000000000E-002  0.000000000000000E+000
  1.600000000000000E-002  0.000000000000000E+000
  1.700000000000000E-002  0.000000000000000E+000
  1.800000000000000E-002  0.000000000000000E+000
  1.900000000000000E-002  0.000000000000000E+000
  2.000000000000000E-002  0.000000000000000E+000
  2.100000000000000E-002  0.000000000000000E+000
  2.200000000000000E-002  0.000000000000000E+000
  2.300000000000000E-002  0.000000000000000E+000
  2.400000000000000E-002  0.000000000000000E+000
  2.500000000000000E-002  0.000000000000000E+000
