 -2.500000000000000E-002  0.000000000000000E+000
 -2.400000000000000E-002  0.000000000000000E+000
 -2.300000000000000E-002  0.000000000000000E+000
 -2.200000000000000E-002  0.000000000000000E+000
 -2.100000000000000E-002  0.000000000000000E+000
 -2.000000000000000E-002  0.000000000000000E+000
 -1.900000000000000E-002  0.000000000000000E+000
 -1.800000000000000E-002  0.387738130916899     
 -1.700000000000000E-002   2.55304519161317     
 -1.600000000000000E-002  0.592196677469938     
 -1.500000000000000E-002   1.55730514055798     
 -1.400000000000000E-002   2.96599523123776     
 -1.300000000000000E-002   2.39033052404632     
 -1.200000000000000E-002  0.780409104157944     
 -1.100000000000000E-002  0.394733648147583     
 -1.000000000000000E-002  0.716454382315873     
 -9.000000000000001E-003   1.92376429644714     
 -8.000000000000000E-003   1.81394795350930     
 -6.999999999999999E-003   2.39020908496366     
 -6.000000000000002E-003   9.72947329133441     
 -5.000000000000001E-003   8.65477152420387     
 -4.000000000000000E-003   11.1430044598001     
 -3.000000000000003E-003   26.5004588266231     
 -2.000000000000002E-003   31.2261345312459     
 -1.000000000000001E-003   24.0745070153911     
  0.000000000000000E+000   12.3444930919859     
  1.000000000000001E-003   10.9545962887200     
  1.999999999999998E-003   4.34929906662323     
  2.999999999999999E-003   7.47345674549434     
  4.000000000000000E-003   5.43827962162502     
  4.999999999999998E-003   7.12646660028892     
  5.999999999999998E-003   3.61501325673749     
  6.999999999999999E-003   4.10296161000792     
  8.000000000000000E-003   10.2652496041263     
  9.000000000000001E-003   4.93781011822022     
  1.000000000000000E-002   9.46999109054708     
  1.100000000000000E-002   10.6886454803923     
  1.200000000000000E-002   3.80888433364070     
  1.300000000000000E-002  0.153444077608514     
  1.400000000000000E-002  0.000000000000000E+000
  1.500000000000000E-002  0.000000000000000E+000
  1.600000000000000E-002  0.000000000000000E+000
  1.700000000000000E-002  0.000000000000000E+000
  1.800000000000000E-002  0.000000000000000E+000
  1.900000000000000E-002  0.000000000000000E+000
  2.000000000000000E-002  0.000000000000000E+000
  2.100000000000000E-002  0.000000000000000E+000
  2.200000000000000E-002  0.000000000000000E+000
  2.300000000000000E-002  0.000000000000000E+000
  2.400000000000000E-002  0.000000000000000E+000
  2.500000000000000E-002  0.000000000000000E+000
