 -2.500000000000000E-002  0.000000000000000E+000
 -2.400000000000000E-002  0.000000000000000E+000
 -2.300000000000000E-002  0.000000000000000E+000
 -2.200000000000000E-002  0.000000000000000E+000
 -2.100000000000000E-002  0.000000000000000E+000
 -2.000000000000000E-002  0.000000000000000E+000
 -1.900000000000000E-002  0.000000000000000E+000
 -1.800000000000000E-002  0.000000000000000E+000
 -1.700000000000000E-002  0.000000000000000E+000
 -1.600000000000000E-002  0.000000000000000E+000
 -1.500000000000000E-002  0.000000000000000E+000
 -1.400000000000000E-002  0.000000000000000E+000
 -1.300000000000000E-002  0.000000000000000E+000
 -1.200000000000000E-002  0.000000000000000E+000
 -1.100000000000000E-002  0.000000000000000E+000
 -1.000000000000000E-002  0.000000000000000E+000
 -9.000000000000001E-003   2.29406553214700     
 -8.000000000000000E-003   2.87231402614566     
 -6.999999999999999E-003   1.68494486092252     
 -6.000000000000002E-003   3.62849643229609     
 -5.000000000000001E-003   5.98855622203791     
 -4.000000000000000E-003   11.0535631338715     
 -3.000000000000003E-003   23.0676874395920     
 -2.000000000000002E-003   25.8469873892701     
 -1.000000000000001E-003   21.4825879630550     
  0.000000000000000E+000   16.5704019707913     
  1.000000000000001E-003   13.8720355279367     
  1.999999999999998E-003   12.1449326805358     
  2.999999999999999E-003   4.44811173969864     
  4.000000000000000E-003   2.24871152189605     
  4.999999999999998E-003   2.12404224784733     
  5.999999999999998E-003   3.47517397854055     
  6.999999999999999E-003   2.25381884022290     
  8.000000000000000E-003   3.47087199898146     
  9.000000000000001E-003   2.21873361437709     
  1.000000000000000E-002   4.55491517373278     
  1.100000000000000E-002   5.12922979853314     
  1.200000000000000E-002   2.20971329321191     
  1.300000000000000E-002  0.506614614356682     
  1.400000000000000E-002  0.000000000000000E+000
  1.500000000000000E-002  0.000000000000000E+000
  1.600000000000000E-002  0.000000000000000E+000
  1.700000000000000E-002  0.000000000000000E+000
  1.800000000000000E-002  0.000000000000000E+000
  1.900000000000000E-002  0.000000000000000E+000
  2.000000000000000E-002  0.000000000000000E+000
  2.100000000000000E-002  0.000000000000000E+000
  2.200000000000000E-002  0.000000000000000E+000
  2.300000000000000E-002  0.000000000000000E+000
  2.400000000000000E-002  0.000000000000000E+000
  2.500000000000000E-002  0.000000000000000E+000
