 -2.500000000000000E-002  0.000000000000000E+000
 -2.400000000000000E-002  0.000000000000000E+000
 -2.300000000000000E-002  0.000000000000000E+000
 -2.200000000000000E-002  0.000000000000000E+000
 -2.100000000000000E-002  0.000000000000000E+000
 -2.000000000000000E-002  0.000000000000000E+000
 -1.900000000000000E-002  0.000000000000000E+000
 -1.800000000000000E-002  0.000000000000000E+000
 -1.700000000000000E-002  0.000000000000000E+000
 -1.600000000000000E-002  0.000000000000000E+000
 -1.500000000000000E-002  0.000000000000000E+000
 -1.400000000000000E-002  0.000000000000000E+000
 -1.300000000000000E-002  0.000000000000000E+000
 -1.200000000000000E-002  0.000000000000000E+000
 -1.100000000000000E-002  0.000000000000000E+000
 -1.000000000000000E-002  0.000000000000000E+000
 -9.000000000000001E-003  0.000000000000000E+000
 -8.000000000000000E-003  0.000000000000000E+000
 -6.999999999999999E-003  0.926092744990680     
 -6.000000000000002E-003   13.9621700789813     
 -5.000000000000001E-003   25.0145108457337     
 -4.000000000000000E-003   31.3125095996997     
 -3.000000000000003E-003   35.6493522925404     
 -2.000000000000002E-003   28.0416629006382     
 -1.000000000000001E-003   24.1532516145348     
  0.000000000000000E+000   27.7838853103915     
  1.000000000000001E-003   27.7647219113096     
  1.999999999999998E-003   14.5299944583453     
  2.999999999999999E-003   13.9441520722798     
  4.000000000000000E-003   11.4488034252715     
  4.999999999999998E-003   16.1896398883437     
  5.999999999999998E-003   12.7609601690860     
  6.999999999999999E-003   15.4088093145096     
  8.000000000000000E-003   6.46661875522363     
  9.000000000000001E-003   3.34319819041497     
  1.000000000000000E-002   1.63647417891418     
  1.100000000000000E-002   1.10438857391527     
  1.200000000000000E-002  2.149367487618110E-002
  1.300000000000000E-002  0.000000000000000E+000
  1.400000000000000E-002  0.000000000000000E+000
  1.500000000000000E-002  0.000000000000000E+000
  1.600000000000000E-002  0.000000000000000E+000
  1.700000000000000E-002  0.000000000000000E+000
  1.800000000000000E-002  0.000000000000000E+000
  1.900000000000000E-002  0.000000000000000E+000
  2.000000000000000E-002  0.000000000000000E+000
  2.100000000000000E-002  0.000000000000000E+000
  2.200000000000000E-002  0.000000000000000E+000
  2.300000000000000E-002  0.000000000000000E+000
  2.400000000000000E-002  0.000000000000000E+000
  2.500000000000000E-002  0.000000000000000E+000
