 -2.500000000000000E-002  0.000000000000000E+000
 -2.400000000000000E-002  0.000000000000000E+000
 -2.300000000000000E-002  0.000000000000000E+000
 -2.200000000000000E-002  0.000000000000000E+000
 -2.100000000000000E-002  0.000000000000000E+000
 -2.000000000000000E-002  0.000000000000000E+000
 -1.900000000000000E-002  0.000000000000000E+000
 -1.800000000000000E-002  0.000000000000000E+000
 -1.700000000000000E-002  0.000000000000000E+000
 -1.600000000000000E-002  0.000000000000000E+000
 -1.500000000000000E-002  0.439195177085752     
 -1.400000000000000E-002   1.48958382887076     
 -1.300000000000000E-002   1.57496996377796     
 -1.200000000000000E-002   1.98552708388474     
 -1.100000000000000E-002   1.87181601123608     
 -1.000000000000000E-002   2.55724144619892     
 -9.000000000000001E-003   1.98562570485858     
 -8.000000000000000E-003   2.00554446480523     
 -6.999999999999999E-003   4.90296563050262     
 -6.000000000000002E-003   8.00448646282114     
 -5.000000000000001E-003   7.34161137347946     
 -4.000000000000000E-003   7.72729659566350     
 -3.000000000000003E-003   6.85181639673675     
 -2.000000000000002E-003   7.90913416201478     
 -1.000000000000001E-003   4.69481972217276     
  0.000000000000000E+000   8.09519140133582     
  1.000000000000001E-003   7.65477036624967     
  1.999999999999998E-003   8.31896192781298     
  2.999999999999999E-003   14.7372753279843     
  4.000000000000000E-003   19.7313365769478     
  4.999999999999998E-003   13.3483924380455     
  5.999999999999998E-003   9.82352132039780     
  6.999999999999999E-003   7.06367223098602     
  8.000000000000000E-003   1.83506974660451     
  9.000000000000001E-003  0.280614639526534     
  1.000000000000000E-002  0.000000000000000E+000
  1.100000000000000E-002  0.000000000000000E+000
  1.200000000000000E-002  0.000000000000000E+000
  1.300000000000000E-002  0.000000000000000E+000
  1.400000000000000E-002  0.000000000000000E+000
  1.500000000000000E-002  0.000000000000000E+000
  1.600000000000000E-002  0.000000000000000E+000
  1.700000000000000E-002  0.000000000000000E+000
  1.800000000000000E-002  0.000000000000000E+000
  1.900000000000000E-002  0.000000000000000E+000
  2.000000000000000E-002  0.000000000000000E+000
  2.100000000000000E-002  0.000000000000000E+000
  2.200000000000000E-002  0.000000000000000E+000
  2.300000000000000E-002  0.000000000000000E+000
  2.400000000000000E-002  0.000000000000000E+000
  2.500000000000000E-002  0.000000000000000E+000
