 -2.500000000000000E-002  0.000000000000000E+000
 -2.400000000000000E-002  0.000000000000000E+000
 -2.300000000000000E-002  0.000000000000000E+000
 -2.200000000000000E-002  0.000000000000000E+000
 -2.100000000000000E-002  0.000000000000000E+000
 -2.000000000000000E-002  0.000000000000000E+000
 -1.900000000000000E-002  0.000000000000000E+000
 -1.800000000000000E-002  0.000000000000000E+000
 -1.700000000000000E-002  0.000000000000000E+000
 -1.600000000000000E-002  0.000000000000000E+000
 -1.500000000000000E-002  0.000000000000000E+000
 -1.400000000000000E-002  0.000000000000000E+000
 -1.300000000000000E-002  0.388347477002805     
 -1.200000000000000E-002  0.745389907705199     
 -1.100000000000000E-002   2.18713977529989     
 -1.000000000000000E-002   1.60633093526557     
 -9.000000000000001E-003  0.149629062381649     
 -8.000000000000000E-003   1.76025400815658     
 -6.999999999999999E-003   7.95996596822326     
 -6.000000000000002E-003   11.6332419531790     
 -5.000000000000001E-003   10.1705562634995     
 -4.000000000000000E-003   7.32922620048327     
 -3.000000000000003E-003   9.82216262829513     
 -2.000000000000002E-003   5.65914958469001     
 -1.000000000000001E-003   4.33587115779529     
  0.000000000000000E+000   6.39385198289995     
  1.000000000000001E-003   10.5910111110427     
  1.999999999999998E-003   8.76746167663097     
  2.999999999999999E-003   13.3060219033823     
  4.000000000000000E-003   16.2022021958024     
  4.999999999999998E-003   18.2418600654400     
  5.999999999999998E-003   9.23124313786097     
  6.999999999999999E-003   5.55706647633559     
  8.000000000000000E-003  0.162166528627887     
  9.000000000000001E-003  0.000000000000000E+000
  1.000000000000000E-002  0.000000000000000E+000
  1.100000000000000E-002  0.000000000000000E+000
  1.200000000000000E-002  0.000000000000000E+000
  1.300000000000000E-002  0.000000000000000E+000
  1.400000000000000E-002  0.000000000000000E+000
  1.500000000000000E-002  0.000000000000000E+000
  1.600000000000000E-002  0.000000000000000E+000
  1.700000000000000E-002  0.000000000000000E+000
  1.800000000000000E-002  0.000000000000000E+000
  1.900000000000000E-002  0.000000000000000E+000
  2.000000000000000E-002  0.000000000000000E+000
  2.100000000000000E-002  0.000000000000000E+000
  2.200000000000000E-002  0.000000000000000E+000
  2.300000000000000E-002  0.000000000000000E+000
  2.400000000000000E-002  0.000000000000000E+000
  2.500000000000000E-002  0.000000000000000E+000
