 -2.500000000000000E-002  0.000000000000000E+000
 -2.400000000000000E-002  0.000000000000000E+000
 -2.300000000000000E-002  0.000000000000000E+000
 -2.200000000000000E-002  0.000000000000000E+000
 -2.100000000000000E-002  0.000000000000000E+000
 -2.000000000000000E-002  0.000000000000000E+000
 -1.900000000000000E-002  0.000000000000000E+000
 -1.800000000000000E-002  0.000000000000000E+000
 -1.700000000000000E-002  0.000000000000000E+000
 -1.600000000000000E-002  0.000000000000000E+000
 -1.500000000000000E-002  0.000000000000000E+000
 -1.400000000000000E-002  0.000000000000000E+000
 -1.300000000000000E-002  0.000000000000000E+000
 -1.200000000000000E-002  0.000000000000000E+000
 -1.100000000000000E-002  0.000000000000000E+000
 -1.000000000000000E-002  0.000000000000000E+000
 -9.000000000000001E-003  0.000000000000000E+000
 -8.000000000000000E-003  0.000000000000000E+000
 -6.999999999999999E-003   3.54806140612242     
 -6.000000000000002E-003   11.2555028625310     
 -5.000000000000001E-003   10.8674692382609     
 -4.000000000000000E-003   9.79485985981282     
 -3.000000000000003E-003   8.81980221871940     
 -2.000000000000002E-003   8.26133761109141     
 -1.000000000000001E-003   13.6168823862884     
  0.000000000000000E+000   6.56953279569402     
  1.000000000000001E-003   4.66502315113482     
  1.999999999999998E-003   1.55140425221460     
  2.999999999999999E-003   1.62155883063563     
  4.000000000000000E-003   1.05040022584671     
  4.999999999999998E-003  0.154095814295190     
  5.999999999999998E-003  0.845599623229055     
  6.999999999999999E-003  0.811877820681033     
  8.000000000000000E-003   1.87885772426643     
  9.000000000000001E-003   1.54132159683437     
  1.000000000000000E-002   3.30905567309423     
  1.100000000000000E-002   4.49769820957580     
  1.200000000000000E-002   3.77053885685517     
  1.300000000000000E-002   2.59391810716009     
  1.400000000000000E-002   1.62042173565650     
  1.500000000000000E-002  0.000000000000000E+000
  1.600000000000000E-002  0.000000000000000E+000
  1.700000000000000E-002  0.000000000000000E+000
  1.800000000000000E-002  0.000000000000000E+000
  1.900000000000000E-002  0.000000000000000E+000
  2.000000000000000E-002  0.000000000000000E+000
  2.100000000000000E-002  0.000000000000000E+000
  2.200000000000000E-002  0.000000000000000E+000
  2.300000000000000E-002  0.000000000000000E+000
  2.400000000000000E-002  0.000000000000000E+000
  2.500000000000000E-002  0.000000000000000E+000
