 -2.500000000000000E-002  0.000000000000000E+000
 -2.400000000000000E-002  0.000000000000000E+000
 -2.300000000000000E-002  0.000000000000000E+000
 -2.200000000000000E-002  0.000000000000000E+000
 -2.100000000000000E-002  0.000000000000000E+000
 -2.000000000000000E-002  0.000000000000000E+000
 -1.900000000000000E-002  0.000000000000000E+000
 -1.800000000000000E-002  0.000000000000000E+000
 -1.700000000000000E-002  0.212536820042127     
 -1.600000000000000E-002  0.938009269108982     
 -1.500000000000000E-002   1.49554995593121     
 -1.400000000000000E-002   1.05105461537972     
 -1.300000000000000E-002  0.290846477386710     
 -1.200000000000000E-002  0.708613413091452     
 -1.100000000000000E-002   1.80696573321497     
 -1.000000000000000E-002   1.36449706533018     
 -9.000000000000001E-003   1.25732431825174     
 -8.000000000000000E-003   2.61590047684989     
 -6.999999999999999E-003   5.41247573845732     
 -6.000000000000002E-003   6.92790364462399     
 -5.000000000000001E-003   6.78108652001232     
 -4.000000000000000E-003   5.90884131682425     
 -3.000000000000003E-003   5.76786915565102     
 -2.000000000000002E-003   4.91218607634267     
 -1.000000000000001E-003   5.58908372610116     
  0.000000000000000E+000   2.92636002575733     
  1.000000000000001E-003   2.79226393311086     
  1.999999999999998E-003   6.78725538237924     
  2.999999999999999E-003   5.35452449802872     
  4.000000000000000E-003   2.81027218050310     
  4.999999999999998E-003   10.1273603038773     
  5.999999999999998E-003   9.45380092533302     
  6.999999999999999E-003   4.48616118340226     
  8.000000000000000E-003   1.15299230893273     
  9.000000000000001E-003   1.70585885077922     
  1.000000000000000E-002   1.25111253602440     
  1.100000000000000E-002   1.38367375929574     
  1.200000000000000E-002   2.11225241001630     
  1.300000000000000E-002   2.34356197107557     
  1.400000000000000E-002  0.946175408884482     
  1.500000000000000E-002  0.000000000000000E+000
  1.600000000000000E-002  0.000000000000000E+000
  1.700000000000000E-002  0.000000000000000E+000
  1.800000000000000E-002  0.000000000000000E+000
  1.900000000000000E-002  0.000000000000000E+000
  2.000000000000000E-002  0.000000000000000E+000
  2.100000000000000E-002  0.000000000000000E+000
  2.200000000000000E-002  0.000000000000000E+000
  2.300000000000000E-002  0.000000000000000E+000
  2.400000000000000E-002  0.000000000000000E+000
  2.500000000000000E-002  0.000000000000000E+000
