 -2.500000000000000E-002  0.000000000000000E+000
 -2.400000000000000E-002  0.000000000000000E+000
 -2.300000000000000E-002  0.000000000000000E+000
 -2.200000000000000E-002  0.000000000000000E+000
 -2.100000000000000E-002  0.000000000000000E+000
 -2.000000000000000E-002  0.000000000000000E+000
 -1.900000000000000E-002  0.000000000000000E+000
 -1.800000000000000E-002  0.177445293232508     
 -1.700000000000000E-002   1.27422412985220     
 -1.600000000000000E-002  0.314820576915299     
 -1.500000000000000E-002  0.732198472659527     
 -1.400000000000000E-002   1.49511380156360     
 -1.300000000000000E-002   1.21763773329077     
 -1.200000000000000E-002  0.392884773500716     
 -1.100000000000000E-002  0.197983559981855     
 -1.000000000000000E-002  0.358426616004672     
 -9.000000000000001E-003  0.938942225077558     
 -8.000000000000000E-003  0.913446459950847     
 -6.999999999999999E-003   1.13193292438243     
 -6.000000000000002E-003   4.66514495847986     
 -5.000000000000001E-003   4.25411675732371     
 -4.000000000000000E-003   5.37314781472020     
 -3.000000000000003E-003   16.6479391968484     
 -2.000000000000002E-003   45.0880941199934     
 -1.000000000000001E-003   57.6410057679855     
  0.000000000000000E+000   45.2346136792370     
  1.000000000000001E-003   32.6167322019175     
  1.999999999999998E-003   24.9452239262843     
  2.999999999999999E-003   14.8022838278251     
  4.000000000000000E-003   2.74314215797258     
  4.999999999999998E-003   3.60419507940419     
  5.999999999999998E-003   1.88120174696382     
  6.999999999999999E-003   1.89466805036647     
  8.000000000000000E-003   5.20814214074202     
  9.000000000000001E-003   2.47928880999970     
  1.000000000000000E-002   4.74553327500022     
  1.100000000000000E-002   5.38882106083187     
  1.200000000000000E-002   1.91846476433974     
  1.300000000000000E-002  7.996409735257175E-002
  1.400000000000000E-002  0.000000000000000E+000
  1.500000000000000E-002  0.000000000000000E+000
  1.600000000000000E-002  0.000000000000000E+000
  1.700000000000000E-002  0.000000000000000E+000
  1.800000000000000E-002  0.000000000000000E+000
  1.900000000000000E-002  0.000000000000000E+000
  2.000000000000000E-002  0.000000000000000E+000
  2.100000000000000E-002  0.000000000000000E+000
  2.200000000000000E-002  0.000000000000000E+000
  2.300000000000000E-002  0.000000000000000E+000
  2.400000000000000E-002  0.000000000000000E+000
  2.500000000000000E-002  0.000000000000000E+000
