 -2.500000000000000E-002  0.000000000000000E+000
 -2.400000000000000E-002  0.000000000000000E+000
 -2.300000000000000E-002  0.000000000000000E+000
 -2.200000000000000E-002  0.000000000000000E+000
 -2.100000000000000E-002  0.000000000000000E+000
 -2.000000000000000E-002  0.000000000000000E+000
 -1.900000000000000E-002  0.000000000000000E+000
 -1.800000000000000E-002  0.000000000000000E+000
 -1.700000000000000E-002  0.000000000000000E+000
 -1.600000000000000E-002  0.195272605122539     
 -1.500000000000000E-002  0.545732029024644     
 -1.400000000000000E-002   1.67036405197041     
 -1.300000000000000E-002  0.182252800929695     
 -1.200000000000000E-002  0.819027366538539     
 -1.100000000000000E-002  0.876539312347340     
 -1.000000000000000E-002   3.26826662129055     
 -9.000000000000001E-003   3.74238750422865     
 -8.000000000000000E-003   2.37707938226284     
 -6.999999999999999E-003   3.82298942313754     
 -6.000000000000002E-003   3.88252348963217     
 -5.000000000000001E-003   5.64822079551937     
 -4.000000000000000E-003   12.2632634952039     
 -3.000000000000003E-003   13.0266755854610     
 -2.000000000000002E-003   14.1743070909585     
 -1.000000000000001E-003   10.8918329953839     
  0.000000000000000E+000   6.30976805373591     
  1.000000000000001E-003   3.96905250321066     
  1.999999999999998E-003   2.62733139243184     
  2.999999999999999E-003   2.72084330244715     
  4.000000000000000E-003   3.81699798301388     
  4.999999999999998E-003   1.23707922546473     
  5.999999999999998E-003   1.96653583251085     
  6.999999999999999E-003   1.12020383909396     
  8.000000000000000E-003   1.38894347186465     
  9.000000000000001E-003   1.83331904609491     
  1.000000000000000E-002   2.37813447822278     
  1.100000000000000E-002   2.11735434570073     
  1.200000000000000E-002   1.54972919240586     
  1.300000000000000E-002   2.40749952916581     
  1.400000000000000E-002   4.03899042331896     
  1.500000000000000E-002   2.45523143847065     
  1.600000000000000E-002  0.529994057897334     
  1.700000000000000E-002  0.431623609368510     
  1.800000000000000E-002  0.831840902837339     
  1.900000000000000E-002  0.412541518308062     
  2.000000000000000E-002  0.921714548408598     
  2.100000000000000E-002  0.424088642025959     
  2.200000000000000E-002  9.299811498930015E-002
  2.300000000000000E-002  0.000000000000000E+000
  2.400000000000000E-002  0.000000000000000E+000
  2.500000000000000E-002  0.000000000000000E+000
