 -2.500000000000000E-002  0.000000000000000E+000
 -2.400000000000000E-002  0.000000000000000E+000
 -2.300000000000000E-002  0.000000000000000E+000
 -2.200000000000000E-002  0.000000000000000E+000
 -2.100000000000000E-002  0.000000000000000E+000
 -2.000000000000000E-002  0.000000000000000E+000
 -1.900000000000000E-002  0.000000000000000E+000
 -1.800000000000000E-002  0.000000000000000E+000
 -1.700000000000000E-002  0.000000000000000E+000
 -1.600000000000000E-002  0.000000000000000E+000
 -1.500000000000000E-002  0.000000000000000E+000
 -1.400000000000000E-002  0.000000000000000E+000
 -1.300000000000000E-002  0.000000000000000E+000
 -1.200000000000000E-002  0.000000000000000E+000
 -1.100000000000000E-002  0.000000000000000E+000
 -1.000000000000000E-002  0.000000000000000E+000
 -9.000000000000001E-003  0.000000000000000E+000
 -8.000000000000000E-003  0.000000000000000E+000
 -6.999999999999999E-003  0.000000000000000E+000
 -6.000000000000002E-003  0.000000000000000E+000
 -5.000000000000001E-003  0.000000000000000E+000
 -4.000000000000000E-003  0.183941283787127     
 -3.000000000000003E-003   10.7394008960912     
 -2.000000000000002E-003   28.2061185254470     
 -1.000000000000001E-003   38.3819340632546     
  0.000000000000000E+000   29.6230930990544     
  1.000000000000001E-003   24.2115074281791     
  1.999999999999998E-003   21.9493796671513     
  2.999999999999999E-003   16.7877041511754     
  4.000000000000000E-003   1.14209088585993     
  4.999999999999998E-003  0.000000000000000E+000
  5.999999999999998E-003  0.000000000000000E+000
  6.999999999999999E-003  0.000000000000000E+000
  8.000000000000000E-003  0.000000000000000E+000
  9.000000000000001E-003  0.000000000000000E+000
  1.000000000000000E-002  0.000000000000000E+000
  1.100000000000000E-002  0.000000000000000E+000
  1.200000000000000E-002  0.000000000000000E+000
  1.300000000000000E-002  0.000000000000000E+000
  1.400000000000000E-002  0.000000000000000E+000
  1.500000000000000E-002  0.000000000000000E+000
  1.600000000000000E-002  0.000000000000000E+000
  1.700000000000000E-002  0.000000000000000E+000
  1.800000000000000E-002  0.000000000000000E+000
  1.900000000000000E-002  0.000000000000000E+000
  2.000000000000000E-002  0.000000000000000E+000
  2.100000000000000E-002  0.000000000000000E+000
  2.200000000000000E-002  0.000000000000000E+000
  2.300000000000000E-002  0.000000000000000E+000
  2.400000000000000E-002  0.000000000000000E+000
  2.500000000000000E-002  0.000000000000000E+000
