 -2.500000000000000E-002  0.000000000000000E+000
 -2.400000000000000E-002  0.000000000000000E+000
 -2.300000000000000E-002  0.000000000000000E+000
 -2.200000000000000E-002  0.000000000000000E+000
 -2.100000000000000E-002  0.000000000000000E+000
 -2.000000000000000E-002  0.000000000000000E+000
 -1.900000000000000E-002  0.000000000000000E+000
 -1.800000000000000E-002  0.000000000000000E+000
 -1.700000000000000E-002  0.000000000000000E+000
 -1.600000000000000E-002  0.000000000000000E+000
 -1.500000000000000E-002  0.000000000000000E+000
 -1.400000000000000E-002  0.271683169798650     
 -1.300000000000000E-002   2.77409160579803     
 -1.200000000000000E-002   1.38431032650520     
 -1.100000000000000E-002   1.51039264472748     
 -1.000000000000000E-002   1.20186346342415     
 -9.000000000000001E-003  0.627423307710962     
 -8.000000000000000E-003  0.221727707993320     
 -6.999999999999999E-003  0.919051792419942     
 -6.000000000000002E-003   1.96169089311987     
 -5.000000000000001E-003   4.72222749087801     
 -4.000000000000000E-003   3.84313151915597     
 -3.000000000000003E-003   4.42479365289935     
 -2.000000000000002E-003   6.80127010720966     
 -1.000000000000001E-003   3.63956803485983     
  0.000000000000000E+000   8.73858851407380     
  1.000000000000001E-003   27.8285076673486     
  1.999999999999998E-003   40.0205450334951     
  2.999999999999999E-003   21.2334279633035     
  4.000000000000000E-003   2.53775510527852     
  4.999999999999998E-003  0.000000000000000E+000
  5.999999999999998E-003  0.000000000000000E+000
  6.999999999999999E-003  0.000000000000000E+000
  8.000000000000000E-003  0.000000000000000E+000
  9.000000000000001E-003  0.000000000000000E+000
  1.000000000000000E-002  0.000000000000000E+000
  1.100000000000000E-002  0.000000000000000E+000
  1.200000000000000E-002  0.000000000000000E+000
  1.300000000000000E-002  0.000000000000000E+000
  1.400000000000000E-002  0.000000000000000E+000
  1.500000000000000E-002  0.000000000000000E+000
  1.600000000000000E-002  0.000000000000000E+000
  1.700000000000000E-002  0.000000000000000E+000
  1.800000000000000E-002  0.000000000000000E+000
  1.900000000000000E-002  0.000000000000000E+000
  2.000000000000000E-002  0.000000000000000E+000
  2.100000000000000E-002  0.000000000000000E+000
  2.200000000000000E-002  0.000000000000000E+000
  2.300000000000000E-002  0.000000000000000E+000
  2.400000000000000E-002  0.000000000000000E+000
  2.500000000000000E-002  0.000000000000000E+000
