 -2.500000000000000E-002  0.000000000000000E+000
 -2.400000000000000E-002  0.000000000000000E+000
 -2.300000000000000E-002  0.000000000000000E+000
 -2.200000000000000E-002  0.000000000000000E+000
 -2.100000000000000E-002  0.000000000000000E+000
 -2.000000000000000E-002  0.000000000000000E+000
 -1.900000000000000E-002  0.000000000000000E+000
 -1.800000000000000E-002  0.000000000000000E+000
 -1.700000000000000E-002  0.000000000000000E+000
 -1.600000000000000E-002  0.000000000000000E+000
 -1.500000000000000E-002  0.317491674015967     
 -1.400000000000000E-002   2.06283291630437     
 -1.300000000000000E-002  0.181678066584446     
 -1.200000000000000E-002   2.67716503721001     
 -1.100000000000000E-002  0.923902305885211     
 -1.000000000000000E-002  2.689196182023565E-002
 -9.000000000000001E-003   1.89250666806213     
 -8.000000000000000E-003  7.761137011763737E-002
 -6.999999999999999E-003  0.287516668519141     
 -6.000000000000002E-003   2.31606177174713     
 -5.000000000000001E-003   2.90219014701839     
 -4.000000000000000E-003  0.567249244755062     
 -3.000000000000003E-003  0.877714951285664     
 -2.000000000000002E-003   5.41445138281798     
 -1.000000000000001E-003   3.45886781455510     
  0.000000000000000E+000  0.539178019301533     
  1.000000000000001E-003  0.529139947284796     
  1.999999999999998E-003   7.01293222767114     
  2.999999999999999E-003   8.53578488888877     
  4.000000000000000E-003  0.882462936155296     
  4.999999999999998E-003   15.0886866181905     
  5.999999999999998E-003   4.52678338180947     
  6.999999999999999E-003  0.000000000000000E+000
  8.000000000000000E-003  0.000000000000000E+000
  9.000000000000001E-003  0.000000000000000E+000
  1.000000000000000E-002  0.000000000000000E+000
  1.100000000000000E-002  0.000000000000000E+000
  1.200000000000000E-002  0.000000000000000E+000
  1.300000000000000E-002  0.000000000000000E+000
  1.400000000000000E-002  0.000000000000000E+000
  1.500000000000000E-002  0.000000000000000E+000
  1.600000000000000E-002  0.000000000000000E+000
  1.700000000000000E-002  0.000000000000000E+000
  1.800000000000000E-002  0.000000000000000E+000
  1.900000000000000E-002  0.000000000000000E+000
  2.000000000000000E-002  0.000000000000000E+000
  2.100000000000000E-002  0.000000000000000E+000
  2.200000000000000E-002  0.000000000000000E+000
  2.300000000000000E-002  0.000000000000000E+000
  2.400000000000000E-002  0.000000000000000E+000
  2.500000000000000E-002  0.000000000000000E+000
