 -2.500000000000000E-002  0.000000000000000E+000
 -2.400000000000000E-002  0.000000000000000E+000
 -2.300000000000000E-002  0.000000000000000E+000
 -2.200000000000000E-002  0.000000000000000E+000
 -2.100000000000000E-002  0.000000000000000E+000
 -2.000000000000000E-002  0.000000000000000E+000
 -1.900000000000000E-002  0.000000000000000E+000
 -1.800000000000000E-002  0.000000000000000E+000
 -1.700000000000000E-002  0.000000000000000E+000
 -1.600000000000000E-002  0.245808224827103     
 -1.500000000000000E-002  0.542911430523259     
 -1.400000000000000E-002   1.48425516913091     
 -1.300000000000000E-002  0.239365175518723     
 -1.200000000000000E-002  0.327631652877614     
 -1.100000000000000E-002   1.21952590509598     
 -1.000000000000000E-002   1.03077319527445     
 -9.000000000000001E-003  0.682173456190664     
 -8.000000000000000E-003  0.498804095126722     
 -6.999999999999999E-003   1.57315466100109     
 -6.000000000000002E-003   8.98286199423077     
 -5.000000000000001E-003   14.3309932844224     
 -4.000000000000000E-003   16.1535847182612     
 -3.000000000000003E-003   15.4848021552120     
 -2.000000000000002E-003   11.3414089531509     
 -1.000000000000001E-003   10.7528877581291     
  0.000000000000000E+000   9.05789617846184     
  1.000000000000001E-003   14.2351774186989     
  1.999999999999998E-003   9.30946039800276     
  2.999999999999999E-003   8.27299023077215     
  4.000000000000000E-003   6.06197948594650     
  4.999999999999998E-003   10.4074780224987     
  5.999999999999998E-003   9.42162219342975     
  6.999999999999999E-003   5.04293569316949     
  8.000000000000000E-003   1.18939706186932     
  9.000000000000001E-003  0.899620831043168     
  1.000000000000000E-002   2.10424320693305     
  1.100000000000000E-002   1.11449467279413     
  1.200000000000000E-002  0.821811055188094     
  1.300000000000000E-002   2.47295767568829     
  1.400000000000000E-002   1.79488376775978     
  1.500000000000000E-002  0.573440278771237     
  1.600000000000000E-002  0.000000000000000E+000
  1.700000000000000E-002  0.000000000000000E+000
  1.800000000000000E-002  0.000000000000000E+000
  1.900000000000000E-002  0.000000000000000E+000
  2.000000000000000E-002  0.000000000000000E+000
  2.100000000000000E-002  0.000000000000000E+000
  2.200000000000000E-002  0.000000000000000E+000
  2.300000000000000E-002  0.000000000000000E+000
  2.400000000000000E-002  0.000000000000000E+000
  2.500000000000000E-002  0.000000000000000E+000
