 -2.500000000000000E-002  0.000000000000000E+000
 -2.400000000000000E-002  0.000000000000000E+000
 -2.300000000000000E-002  0.000000000000000E+000
 -2.200000000000000E-002  0.000000000000000E+000
 -2.100000000000000E-002  0.624960186459762     
 -2.000000000000000E-002   2.33960676051321     
 -1.900000000000000E-002   4.35642955574834     
 -1.800000000000000E-002   1.38779513553061     
 -1.700000000000000E-002   1.30518314749438     
 -1.600000000000000E-002   3.68186332770740     
 -1.500000000000000E-002   3.83479191037396     
 -1.400000000000000E-002   2.84590271926399     
 -1.300000000000000E-002  0.536601362422497     
 -1.200000000000000E-002   1.39967412722514     
 -1.100000000000000E-002   1.74871787885927     
 -1.000000000000000E-002   1.42723801797039     
 -9.000000000000001E-003  0.954444874774069     
 -8.000000000000000E-003   1.19024594974366     
 -6.999999999999999E-003   1.44078118165264     
 -6.000000000000002E-003   1.27876552140948     
 -5.000000000000001E-003  0.585021290137798     
 -4.000000000000000E-003  0.709314757954321     
 -3.000000000000003E-003   2.45340906390809     
 -2.000000000000002E-003   4.13790041837097     
 -1.000000000000001E-003   2.55413390769975     
  0.000000000000000E+000   2.21186502498864     
  1.000000000000001E-003   1.37078163651028     
  1.999999999999998E-003   1.83597793604120     
  2.999999999999999E-003   5.58060389988123     
  4.000000000000000E-003   4.83741424585215     
  4.999999999999998E-003   4.52140504444551     
  5.999999999999998E-003   4.93773457039642     
  6.999999999999999E-003   7.07963507672937     
  8.000000000000000E-003   8.21733731043210     
  9.000000000000001E-003   5.22911089353684     
  1.000000000000000E-002   2.21211369156288     
  1.100000000000000E-002   4.07225700361813     
  1.200000000000000E-002   7.88136113058332     
  1.300000000000000E-002   3.36097144020219     
  1.400000000000000E-002  0.000000000000000E+000
  1.500000000000000E-002  0.000000000000000E+000
  1.600000000000000E-002  0.000000000000000E+000
  1.700000000000000E-002  0.000000000000000E+000
  1.800000000000000E-002  0.000000000000000E+000
  1.900000000000000E-002  0.000000000000000E+000
  2.000000000000000E-002  0.000000000000000E+000
  2.100000000000000E-002  0.000000000000000E+000
  2.200000000000000E-002  0.000000000000000E+000
  2.300000000000000E-002  0.000000000000000E+000
  2.400000000000000E-002  0.000000000000000E+000
  2.500000000000000E-002  0.000000000000000E+000
