 -2.500000000000000E-002  0.000000000000000E+000
 -2.400000000000000E-002  0.000000000000000E+000
 -2.300000000000000E-002  0.000000000000000E+000
 -2.200000000000000E-002  0.000000000000000E+000
 -2.100000000000000E-002  0.000000000000000E+000
 -2.000000000000000E-002  0.000000000000000E+000
 -1.900000000000000E-002  0.000000000000000E+000
 -1.800000000000000E-002  0.000000000000000E+000
 -1.700000000000000E-002  0.000000000000000E+000
 -1.600000000000000E-002  0.000000000000000E+000
 -1.500000000000000E-002  0.000000000000000E+000
 -1.400000000000000E-002  0.000000000000000E+000
 -1.300000000000000E-002  0.000000000000000E+000
 -1.200000000000000E-002  0.000000000000000E+000
 -1.100000000000000E-002  0.000000000000000E+000
 -1.000000000000000E-002  0.000000000000000E+000
 -9.000000000000001E-003  0.985722159994447     
 -8.000000000000000E-003   6.62264539092431     
 -6.999999999999999E-003   10.4318625441441     
 -6.000000000000002E-003   12.2564541075607     
 -5.000000000000001E-003   9.63869208129888     
 -4.000000000000000E-003   10.2439519661144     
 -3.000000000000003E-003   6.98012702242948     
 -2.000000000000002E-003   2.78420130213455     
 -1.000000000000001E-003   4.01123315572520     
  0.000000000000000E+000   3.14817199236266     
  1.000000000000001E-003   2.98222353190552     
  1.999999999999998E-003   2.63924573333807     
  2.999999999999999E-003   3.80828149517680     
  4.000000000000000E-003   1.57168244442454     
  4.999999999999998E-003   2.40666944684828     
  5.999999999999998E-003   3.52670958502501     
  6.999999999999999E-003   4.04386923165045     
  8.000000000000000E-003   3.75497303747981     
  9.000000000000001E-003   4.42426853518738     
  1.000000000000000E-002   6.36844551718452     
  1.100000000000000E-002   7.02837128897795     
  1.200000000000000E-002   2.29031843011280     
  1.300000000000000E-002  0.000000000000000E+000
  1.400000000000000E-002  0.000000000000000E+000
  1.500000000000000E-002  0.000000000000000E+000
  1.600000000000000E-002  0.000000000000000E+000
  1.700000000000000E-002  0.000000000000000E+000
  1.800000000000000E-002  0.000000000000000E+000
  1.900000000000000E-002  0.000000000000000E+000
  2.000000000000000E-002  0.000000000000000E+000
  2.100000000000000E-002  0.000000000000000E+000
  2.200000000000000E-002  0.000000000000000E+000
  2.300000000000000E-002  0.000000000000000E+000
  2.400000000000000E-002  0.000000000000000E+000
  2.500000000000000E-002  0.000000000000000E+000
