 -2.500000000000000E-002  0.000000000000000E+000
 -2.400000000000000E-002  0.000000000000000E+000
 -2.300000000000000E-002  0.000000000000000E+000
 -2.200000000000000E-002  0.000000000000000E+000
 -2.100000000000000E-002  0.000000000000000E+000
 -2.000000000000000E-002  0.000000000000000E+000
 -1.900000000000000E-002  0.000000000000000E+000
 -1.800000000000000E-002  0.000000000000000E+000
 -1.700000000000000E-002  0.358668509250639     
 -1.600000000000000E-002  0.930730065544613     
 -1.500000000000000E-002   1.10850708491423     
 -1.400000000000000E-002   1.17614694681657     
 -1.300000000000000E-002   1.33830387757093     
 -1.200000000000000E-002  0.330887619139415     
 -1.100000000000000E-002   1.30003112025735     
 -1.000000000000000E-002   5.74800642520403     
 -9.000000000000001E-003   5.93443130410631     
 -8.000000000000000E-003   5.11408924898588     
 -6.999999999999999E-003   7.05798482051043     
 -6.000000000000002E-003   17.5055722775880     
 -5.000000000000001E-003   16.5188569088476     
 -4.000000000000000E-003   15.5644372830660     
 -3.000000000000003E-003   12.1548539208055     
 -2.000000000000002E-003   10.0702572779364     
 -1.000000000000001E-003   12.1863275093889     
  0.000000000000000E+000   9.95501129738434     
  1.000000000000001E-003   6.83935458385403     
  1.999999999999998E-003   10.7082535987901     
  2.999999999999999E-003   10.6598426443894     
  4.000000000000000E-003   8.84134365047951     
  4.999999999999998E-003   12.9855109991861     
  5.999999999999998E-003   8.84954579435219     
  6.999999999999999E-003   6.55703703931064     
  8.000000000000000E-003   3.90650866935270     
  9.000000000000001E-003   1.59998092306110     
  1.000000000000000E-002   3.56041969175316     
  1.100000000000000E-002   5.73175967793404     
  1.200000000000000E-002   5.36560432499387     
  1.300000000000000E-002   4.40497817858094     
  1.400000000000000E-002   3.03365219667891     
  1.500000000000000E-002   1.88508826272465     
  1.600000000000000E-002  0.830796267241290     
  1.700000000000000E-002  0.000000000000000E+000
  1.800000000000000E-002  0.000000000000000E+000
  1.900000000000000E-002  0.000000000000000E+000
  2.000000000000000E-002  0.000000000000000E+000
  2.100000000000000E-002  0.000000000000000E+000
  2.200000000000000E-002  0.000000000000000E+000
  2.300000000000000E-002  0.000000000000000E+000
  2.400000000000000E-002  0.000000000000000E+000
  2.500000000000000E-002  0.000000000000000E+000
