 -2.500000000000000E-002  0.000000000000000E+000
 -2.400000000000000E-002  0.000000000000000E+000
 -2.300000000000000E-002  0.000000000000000E+000
 -2.200000000000000E-002  0.000000000000000E+000
 -2.100000000000000E-002  0.000000000000000E+000
 -2.000000000000000E-002  0.000000000000000E+000
 -1.900000000000000E-002  0.000000000000000E+000
 -1.800000000000000E-002  0.000000000000000E+000
 -1.700000000000000E-002  0.000000000000000E+000
 -1.600000000000000E-002  0.000000000000000E+000
 -1.500000000000000E-002  0.000000000000000E+000
 -1.400000000000000E-002  0.000000000000000E+000
 -1.300000000000000E-002  0.000000000000000E+000
 -1.200000000000000E-002  0.000000000000000E+000
 -1.100000000000000E-002  0.000000000000000E+000
 -1.000000000000000E-002  0.000000000000000E+000
 -9.000000000000001E-003  0.000000000000000E+000
 -8.000000000000000E-003  0.000000000000000E+000
 -6.999999999999999E-003  0.724320563544789     
 -6.000000000000002E-003   4.96299676829188     
 -5.000000000000001E-003   7.45584684770234     
 -4.000000000000000E-003   12.9009744357878     
 -3.000000000000003E-003   15.4589661527645     
 -2.000000000000002E-003   16.7799910612208     
 -1.000000000000001E-003   11.4687144804598     
  0.000000000000000E+000   11.0667346228319     
  1.000000000000001E-003   11.2936067465983     
  1.999999999999998E-003   6.27196803316722     
  2.999999999999999E-003   1.36010807845211     
  4.000000000000000E-003  0.900922614488743     
  4.999999999999998E-003   2.40161194015235     
  5.999999999999998E-003  0.752132322895816     
  6.999999999999999E-003  0.789285916412037     
  8.000000000000000E-003   1.75844252801510     
  9.000000000000001E-003   1.91697045059699     
  1.000000000000000E-002   2.86846390288308     
  1.100000000000000E-002   3.80415465162012     
  1.200000000000000E-002   2.63336335519143     
  1.300000000000000E-002   1.56055007399518     
  1.400000000000000E-002  0.404844452927751     
  1.500000000000000E-002  0.000000000000000E+000
  1.600000000000000E-002  0.000000000000000E+000
  1.700000000000000E-002  0.000000000000000E+000
  1.800000000000000E-002  0.000000000000000E+000
  1.900000000000000E-002  0.000000000000000E+000
  2.000000000000000E-002  0.000000000000000E+000
  2.100000000000000E-002  0.000000000000000E+000
  2.200000000000000E-002  0.000000000000000E+000
  2.300000000000000E-002  0.000000000000000E+000
  2.400000000000000E-002  0.000000000000000E+000
  2.500000000000000E-002  0.000000000000000E+000
