 -2.500000000000000E-002  0.000000000000000E+000
 -2.400000000000000E-002  0.000000000000000E+000
 -2.300000000000000E-002  0.000000000000000E+000
 -2.200000000000000E-002  0.000000000000000E+000
 -2.100000000000000E-002  0.000000000000000E+000
 -2.000000000000000E-002  0.000000000000000E+000
 -1.900000000000000E-002  0.000000000000000E+000
 -1.800000000000000E-002  0.000000000000000E+000
 -1.700000000000000E-002  0.000000000000000E+000
 -1.600000000000000E-002  0.000000000000000E+000
 -1.500000000000000E-002  0.212461118837306     
 -1.400000000000000E-002   2.50393112282436     
 -1.300000000000000E-002   5.99151676772342     
 -1.200000000000000E-002   3.47207059250100     
 -1.100000000000000E-002   4.30351104111094     
 -1.000000000000000E-002   4.45922787214390     
 -9.000000000000001E-003   5.66803492956937     
 -8.000000000000000E-003   6.23478855396573     
 -6.999999999999999E-003   9.77822800068774     
 -6.000000000000002E-003   11.1742838947331     
 -5.000000000000001E-003   13.5956029389125     
 -4.000000000000000E-003   9.81237506812134     
 -3.000000000000003E-003   8.61196206678610     
 -2.000000000000002E-003   9.97893801539087     
 -1.000000000000001E-003   6.73536688525332     
  0.000000000000000E+000   4.65083437923323     
  1.000000000000001E-003   10.6337388028361     
  1.999999999999998E-003   9.19882642528556     
  2.999999999999999E-003   9.09705861023148     
  4.000000000000000E-003   12.1565686387243     
  4.999999999999998E-003   11.8472216972614     
  5.999999999999998E-003   23.8958998888281     
  6.999999999999999E-003   23.1621795197658     
  8.000000000000000E-003   15.1449356088252     
  9.000000000000001E-003   3.90548969948824     
  1.000000000000000E-002   1.23460811490752     
  1.100000000000000E-002  9.969746052061405E-003
  1.200000000000000E-002  0.000000000000000E+000
  1.300000000000000E-002  0.000000000000000E+000
  1.400000000000000E-002  0.000000000000000E+000
  1.500000000000000E-002  0.000000000000000E+000
  1.600000000000000E-002  0.000000000000000E+000
  1.700000000000000E-002  0.000000000000000E+000
  1.800000000000000E-002  0.000000000000000E+000
  1.900000000000000E-002  0.000000000000000E+000
  2.000000000000000E-002  0.000000000000000E+000
  2.100000000000000E-002  0.000000000000000E+000
  2.200000000000000E-002  0.000000000000000E+000
  2.300000000000000E-002  0.000000000000000E+000
  2.400000000000000E-002  0.000000000000000E+000
  2.500000000000000E-002  0.000000000000000E+000
