 -2.500000000000000E-002  0.000000000000000E+000
 -2.400000000000000E-002  0.000000000000000E+000
 -2.300000000000000E-002  0.000000000000000E+000
 -2.200000000000000E-002  0.000000000000000E+000
 -2.100000000000000E-002  0.000000000000000E+000
 -2.000000000000000E-002  0.000000000000000E+000
 -1.900000000000000E-002  0.000000000000000E+000
 -1.800000000000000E-002  0.000000000000000E+000
 -1.700000000000000E-002  0.000000000000000E+000
 -1.600000000000000E-002  0.000000000000000E+000
 -1.500000000000000E-002  0.198229406304660     
 -1.400000000000000E-002  0.644261991879238     
 -1.300000000000000E-002   1.09014661627891     
 -1.200000000000000E-002  0.633330030744977     
 -1.100000000000000E-002  0.468571736577566     
 -1.000000000000000E-002  0.839958698153159     
 -9.000000000000001E-003   1.23116395702451     
 -8.000000000000000E-003  0.506228133659548     
 -6.999999999999999E-003  0.910796586521198     
 -6.000000000000002E-003   1.12615313605098     
 -5.000000000000001E-003   1.82642721563364     
 -4.000000000000000E-003   5.55499495979548     
 -3.000000000000003E-003   15.8961514785970     
 -2.000000000000002E-003   23.5790692377829     
 -1.000000000000001E-003   26.4685333062592     
  0.000000000000000E+000   20.9329987362666     
  1.000000000000001E-003   20.8186566549017     
  1.999999999999998E-003   13.0613613449937     
  2.999999999999999E-003   3.57682615361383     
  4.000000000000000E-003   2.59041087590988     
  4.999999999999998E-003  0.699741697754194     
  5.999999999999998E-003  0.480753340422807     
  6.999999999999999E-003   1.05930248832726     
  8.000000000000000E-003  0.487434574373902     
  9.000000000000001E-003   1.42347905173935     
  1.000000000000000E-002  0.253973537508469     
  1.100000000000000E-002   1.96277900574574     
  1.200000000000000E-002   2.51243262302031     
  1.300000000000000E-002  0.918701661217263     
  1.400000000000000E-002   2.02088156876197     
  1.500000000000000E-002   2.04849720698311     
  1.600000000000000E-002  5.869298719692466E-002
  1.700000000000000E-002  0.000000000000000E+000
  1.800000000000000E-002  0.000000000000000E+000
  1.900000000000000E-002  0.000000000000000E+000
  2.000000000000000E-002  0.000000000000000E+000
  2.100000000000000E-002  0.000000000000000E+000
  2.200000000000000E-002  0.000000000000000E+000
  2.300000000000000E-002  0.000000000000000E+000
  2.400000000000000E-002  0.000000000000000E+000
  2.500000000000000E-002  0.000000000000000E+000
