 -2.500000000000000E-002  0.000000000000000E+000
 -2.400000000000000E-002  0.000000000000000E+000
 -2.300000000000000E-002  0.000000000000000E+000
 -2.200000000000000E-002  0.000000000000000E+000
 -2.100000000000000E-002  0.000000000000000E+000
 -2.000000000000000E-002  0.000000000000000E+000
 -1.900000000000000E-002  0.000000000000000E+000
 -1.800000000000000E-002  0.000000000000000E+000
 -1.700000000000000E-002  0.000000000000000E+000
 -1.600000000000000E-002  0.000000000000000E+000
 -1.500000000000000E-002  0.000000000000000E+000
 -1.400000000000000E-002  0.000000000000000E+000
 -1.300000000000000E-002  0.000000000000000E+000
 -1.200000000000000E-002  0.000000000000000E+000
 -1.100000000000000E-002  0.000000000000000E+000
 -1.000000000000000E-002  0.000000000000000E+000
 -9.000000000000001E-003  0.464893827107417     
 -8.000000000000000E-003   3.00739578936032     
 -6.999999999999999E-003   5.80950547448297     
 -6.000000000000002E-003   7.02975851626738     
 -5.000000000000001E-003   9.94904271259886     
 -4.000000000000000E-003   7.91356792845961     
 -3.000000000000003E-003   5.32640627785574     
 -2.000000000000002E-003   4.97265871725580     
 -1.000000000000001E-003   6.79347120629518     
  0.000000000000000E+000   6.03182275266248     
  1.000000000000001E-003   8.69527891375751     
  1.999999999999998E-003   8.08738085064777     
  2.999999999999999E-003   5.03643219637146     
  4.000000000000000E-003   6.17732601475713     
  4.999999999999998E-003   12.4775611941933     
  5.999999999999998E-003   9.36344265592464     
  6.999999999999999E-003   5.97977951047528     
  8.000000000000000E-003  0.108055461527098     
  9.000000000000001E-003  0.000000000000000E+000
  1.000000000000000E-002  0.000000000000000E+000
  1.100000000000000E-002  0.000000000000000E+000
  1.200000000000000E-002  0.000000000000000E+000
  1.300000000000000E-002  0.000000000000000E+000
  1.400000000000000E-002  0.000000000000000E+000
  1.500000000000000E-002  0.000000000000000E+000
  1.600000000000000E-002  0.000000000000000E+000
  1.700000000000000E-002  0.000000000000000E+000
  1.800000000000000E-002  0.000000000000000E+000
  1.900000000000000E-002  0.000000000000000E+000
  2.000000000000000E-002  0.000000000000000E+000
  2.100000000000000E-002  0.000000000000000E+000
  2.200000000000000E-002  0.000000000000000E+000
  2.300000000000000E-002  0.000000000000000E+000
  2.400000000000000E-002  0.000000000000000E+000
  2.500000000000000E-002  0.000000000000000E+000
