 -2.500000000000000E-002  0.000000000000000E+000
 -2.400000000000000E-002  0.000000000000000E+000
 -2.300000000000000E-002  0.000000000000000E+000
 -2.200000000000000E-002  0.000000000000000E+000
 -2.100000000000000E-002  0.000000000000000E+000
 -2.000000000000000E-002  0.000000000000000E+000
 -1.900000000000000E-002  0.000000000000000E+000
 -1.800000000000000E-002  0.000000000000000E+000
 -1.700000000000000E-002  0.000000000000000E+000
 -1.600000000000000E-002  0.000000000000000E+000
 -1.500000000000000E-002  0.000000000000000E+000
 -1.400000000000000E-002  0.000000000000000E+000
 -1.300000000000000E-002  0.000000000000000E+000
 -1.200000000000000E-002  0.000000000000000E+000
 -1.100000000000000E-002  0.000000000000000E+000
 -1.000000000000000E-002  0.000000000000000E+000
 -9.000000000000001E-003  0.000000000000000E+000
 -8.000000000000000E-003  0.000000000000000E+000
 -6.999999999999999E-003  0.000000000000000E+000
 -6.000000000000002E-003  0.000000000000000E+000
 -5.000000000000001E-003   1.84104229630054     
 -4.000000000000000E-003   10.2321147525609     
 -3.000000000000003E-003   16.9364207041291     
 -2.000000000000002E-003   23.7089313580411     
 -1.000000000000001E-003   30.1297317078313     
  0.000000000000000E+000   28.5918489853435     
  1.000000000000001E-003   25.9304667294675     
  1.999999999999998E-003   16.1178657902363     
  2.999999999999999E-003   4.59484183822720     
  4.000000000000000E-003   1.79454463893467     
  4.999999999999998E-003   1.11852495070827     
  5.999999999999998E-003   1.26509124810931     
  6.999999999999999E-003  0.904184583652320     
  8.000000000000000E-003  0.241010416458020     
  9.000000000000001E-003  8.962153445649532E-002
  1.000000000000000E-002  0.747684929815462     
  1.100000000000000E-002  0.390406481806284     
  1.200000000000000E-002  0.504958092437116     
  1.300000000000000E-002   1.08217951699072     
  1.400000000000000E-002   1.13687958088140     
  1.500000000000000E-002  0.229183262558411     
  1.600000000000000E-002  0.395360868159222     
  1.700000000000000E-002  0.801595424630079     
  1.800000000000000E-002  0.131870308264810     
  1.900000000000000E-002  0.000000000000000E+000
  2.000000000000000E-002  0.000000000000000E+000
  2.100000000000000E-002  0.000000000000000E+000
  2.200000000000000E-002  0.000000000000000E+000
  2.300000000000000E-002  0.000000000000000E+000
  2.400000000000000E-002  0.000000000000000E+000
  2.500000000000000E-002  0.000000000000000E+000
