 -2.500000000000000E-002  0.000000000000000E+000
 -2.400000000000000E-002  0.000000000000000E+000
 -2.300000000000000E-002  0.000000000000000E+000
 -2.200000000000000E-002  0.000000000000000E+000
 -2.100000000000000E-002  0.000000000000000E+000
 -2.000000000000000E-002  0.000000000000000E+000
 -1.900000000000000E-002  0.000000000000000E+000
 -1.800000000000000E-002  0.000000000000000E+000
 -1.700000000000000E-002  0.000000000000000E+000
 -1.600000000000000E-002  0.000000000000000E+000
 -1.500000000000000E-002  0.000000000000000E+000
 -1.400000000000000E-002  0.000000000000000E+000
 -1.300000000000000E-002  0.000000000000000E+000
 -1.200000000000000E-002  0.000000000000000E+000
 -1.100000000000000E-002  0.000000000000000E+000
 -1.000000000000000E-002  0.000000000000000E+000
 -9.000000000000001E-003  0.000000000000000E+000
 -8.000000000000000E-003  0.000000000000000E+000
 -6.999999999999999E-003   2.96458005996786     
 -6.000000000000002E-003   9.72819665341590     
 -5.000000000000001E-003   9.29362169685870     
 -4.000000000000000E-003   5.71372607261973     
 -3.000000000000003E-003   8.03747314009693     
 -2.000000000000002E-003   6.72428604382862     
 -1.000000000000001E-003   5.83611584679304     
  0.000000000000000E+000   4.57987854425242     
  1.000000000000001E-003   4.22416158184588     
  1.999999999999998E-003   2.65011452621617     
  2.999999999999999E-003   1.14440816777242     
  4.000000000000000E-003   1.26225707587011     
  4.999999999999998E-003   1.72847677988996     
  5.999999999999998E-003  0.479895593929857     
  6.999999999999999E-003  0.744395011332113     
  8.000000000000000E-003   2.69939568662079     
  9.000000000000001E-003   1.99264483594719     
  1.000000000000000E-002   3.31012101206122     
  1.100000000000000E-002   3.24328829496862     
  1.200000000000000E-002   2.77977456966501     
  1.300000000000000E-002  0.987008855014605     
  1.400000000000000E-002  8.340995103281740E-002
  1.500000000000000E-002  0.000000000000000E+000
  1.600000000000000E-002  0.000000000000000E+000
  1.700000000000000E-002  0.000000000000000E+000
  1.800000000000000E-002  0.000000000000000E+000
  1.900000000000000E-002  0.000000000000000E+000
  2.000000000000000E-002  0.000000000000000E+000
  2.100000000000000E-002  0.000000000000000E+000
  2.200000000000000E-002  0.000000000000000E+000
  2.300000000000000E-002  0.000000000000000E+000
  2.400000000000000E-002  0.000000000000000E+000
  2.500000000000000E-002  0.000000000000000E+000
