 -2.500000000000000E-002  0.000000000000000E+000
 -2.400000000000000E-002  0.000000000000000E+000
 -2.300000000000000E-002  0.000000000000000E+000
 -2.200000000000000E-002  0.000000000000000E+000
 -2.100000000000000E-002  0.000000000000000E+000
 -2.000000000000000E-002  0.000000000000000E+000
 -1.900000000000000E-002  0.000000000000000E+000
 -1.800000000000000E-002  0.000000000000000E+000
 -1.700000000000000E-002  0.000000000000000E+000
 -1.600000000000000E-002  0.000000000000000E+000
 -1.500000000000000E-002  0.000000000000000E+000
 -1.400000000000000E-002  0.000000000000000E+000
 -1.300000000000000E-002  0.000000000000000E+000
 -1.200000000000000E-002  0.000000000000000E+000
 -1.100000000000000E-002  0.000000000000000E+000
 -1.000000000000000E-002  0.548236199379238     
 -9.000000000000001E-003   2.39174427449492     
 -8.000000000000000E-003   4.32964077278119     
 -6.999999999999999E-003   4.29919152626890     
 -6.000000000000002E-003   9.03048604929985     
 -5.000000000000001E-003   9.50244748222367     
 -4.000000000000000E-003   8.83568522174667     
 -3.000000000000003E-003   7.86643214426800     
 -2.000000000000002E-003   9.60813042804036     
 -1.000000000000001E-003   12.5886913303889     
  0.000000000000000E+000   6.70484648595711     
  1.000000000000001E-003   5.87411172808116     
  1.999999999999998E-003   6.37714029625631     
  2.999999999999999E-003   3.28866945700675     
  4.000000000000000E-003  0.922017236688720     
  4.999999999999998E-003   1.96748153809665     
  5.999999999999998E-003   1.22945777183063     
  6.999999999999999E-003   2.20477400733479     
  8.000000000000000E-003   3.47854955434717     
  9.000000000000001E-003   4.07449145521012     
  1.000000000000000E-002   5.71761286662128     
  1.100000000000000E-002   4.34222601413631     
  1.200000000000000E-002   3.29504186470763     
  1.300000000000000E-002  0.701514294833659     
  1.400000000000000E-002  0.000000000000000E+000
  1.500000000000000E-002  0.000000000000000E+000
  1.600000000000000E-002  0.000000000000000E+000
  1.700000000000000E-002  0.000000000000000E+000
  1.800000000000000E-002  0.000000000000000E+000
  1.900000000000000E-002  0.000000000000000E+000
  2.000000000000000E-002  0.000000000000000E+000
  2.100000000000000E-002  0.000000000000000E+000
  2.200000000000000E-002  0.000000000000000E+000
  2.300000000000000E-002  0.000000000000000E+000
  2.400000000000000E-002  0.000000000000000E+000
  2.500000000000000E-002  0.000000000000000E+000
