 -2.500000000000000E-002  0.000000000000000E+000
 -2.400000000000000E-002  0.000000000000000E+000
 -2.300000000000000E-002  0.000000000000000E+000
 -2.200000000000000E-002  0.000000000000000E+000
 -2.100000000000000E-002  0.000000000000000E+000
 -2.000000000000000E-002  0.000000000000000E+000
 -1.900000000000000E-002  0.000000000000000E+000
 -1.800000000000000E-002  0.000000000000000E+000
 -1.700000000000000E-002  0.000000000000000E+000
 -1.600000000000000E-002  0.000000000000000E+000
 -1.500000000000000E-002  0.000000000000000E+000
 -1.400000000000000E-002  0.000000000000000E+000
 -1.300000000000000E-002  0.000000000000000E+000
 -1.200000000000000E-002  0.000000000000000E+000
 -1.100000000000000E-002  0.297823697689493     
 -1.000000000000000E-002   3.74147434160453     
 -9.000000000000001E-003   3.58642649729073     
 -8.000000000000000E-003   3.11981448293214     
 -6.999999999999999E-003   2.98101981507016     
 -6.000000000000002E-003   4.14652973094903     
 -5.000000000000001E-003   7.26281715804825     
 -4.000000000000000E-003   3.99938512032137     
 -3.000000000000003E-003   1.78341045952475     
 -2.000000000000002E-003   12.3603187348486     
 -1.000000000000001E-003   10.3325776678781     
  0.000000000000000E+000   1.81400679727078     
  1.000000000000001E-003   16.5380387623088     
  1.999999999999998E-003   18.7748282112742     
  2.999999999999999E-003   25.6496561120624     
  4.000000000000000E-003   9.15296465304102     
  4.999999999999998E-003   8.15678625671235     
  5.999999999999998E-003   4.80832150117322     
  6.999999999999999E-003  0.000000000000000E+000
  8.000000000000000E-003  0.000000000000000E+000
  9.000000000000001E-003  0.000000000000000E+000
  1.000000000000000E-002  0.000000000000000E+000
  1.100000000000000E-002  0.000000000000000E+000
  1.200000000000000E-002  0.000000000000000E+000
  1.300000000000000E-002  0.000000000000000E+000
  1.400000000000000E-002  0.000000000000000E+000
  1.500000000000000E-002  0.000000000000000E+000
  1.600000000000000E-002  0.000000000000000E+000
  1.700000000000000E-002  0.000000000000000E+000
  1.800000000000000E-002  0.000000000000000E+000
  1.900000000000000E-002  0.000000000000000E+000
  2.000000000000000E-002  0.000000000000000E+000
  2.100000000000000E-002  0.000000000000000E+000
  2.200000000000000E-002  0.000000000000000E+000
  2.300000000000000E-002  0.000000000000000E+000
  2.400000000000000E-002  0.000000000000000E+000
  2.500000000000000E-002  0.000000000000000E+000
