 -2.500000000000000E-002  0.000000000000000E+000
 -2.400000000000000E-002  0.000000000000000E+000
 -2.300000000000000E-002  0.000000000000000E+000
 -2.200000000000000E-002  0.000000000000000E+000
 -2.100000000000000E-002  0.000000000000000E+000
 -2.000000000000000E-002  0.000000000000000E+000
 -1.900000000000000E-002  0.000000000000000E+000
 -1.800000000000000E-002  0.000000000000000E+000
 -1.700000000000000E-002  0.000000000000000E+000
 -1.600000000000000E-002  0.000000000000000E+000
 -1.500000000000000E-002  0.000000000000000E+000
 -1.400000000000000E-002  0.000000000000000E+000
 -1.300000000000000E-002  0.000000000000000E+000
 -1.200000000000000E-002  0.000000000000000E+000
 -1.100000000000000E-002  0.000000000000000E+000
 -1.000000000000000E-002  0.000000000000000E+000
 -9.000000000000001E-003   1.05471897985790     
 -8.000000000000000E-003   3.95176655659950     
 -6.999999999999999E-003   7.12389449121828     
 -6.000000000000002E-003   8.81047330583817     
 -5.000000000000001E-003   8.09643318340734     
 -4.000000000000000E-003   6.80131966990294     
 -3.000000000000003E-003   7.58780442939891     
 -2.000000000000002E-003   10.3301141698223     
 -1.000000000000001E-003   13.0511489584360     
  0.000000000000000E+000   7.35206623640024     
  1.000000000000001E-003   5.50900397289777     
  1.999999999999998E-003   6.84387253429128     
  2.999999999999999E-003   3.25412794336737     
  4.000000000000000E-003   1.83110320208422     
  4.999999999999998E-003   1.23703388503648     
  5.999999999999998E-003   2.24662130674540     
  6.999999999999999E-003   2.31796392103409     
  8.000000000000000E-003   4.39076409140699     
  9.000000000000001E-003   4.20783643676454     
  1.000000000000000E-002   4.92500319739296     
  1.100000000000000E-002   4.20448945670631     
  1.200000000000000E-002   2.09824962975985     
  1.300000000000000E-002  8.241044163119302E-002
  1.400000000000000E-002  0.000000000000000E+000
  1.500000000000000E-002  0.000000000000000E+000
  1.600000000000000E-002  0.000000000000000E+000
  1.700000000000000E-002  0.000000000000000E+000
  1.800000000000000E-002  0.000000000000000E+000
  1.900000000000000E-002  0.000000000000000E+000
  2.000000000000000E-002  0.000000000000000E+000
  2.100000000000000E-002  0.000000000000000E+000
  2.200000000000000E-002  0.000000000000000E+000
  2.300000000000000E-002  0.000000000000000E+000
  2.400000000000000E-002  0.000000000000000E+000
  2.500000000000000E-002  0.000000000000000E+000
