 -2.500000000000000E-002  0.000000000000000E+000
 -2.400000000000000E-002  0.000000000000000E+000
 -2.300000000000000E-002  0.000000000000000E+000
 -2.200000000000000E-002  0.000000000000000E+000
 -2.100000000000000E-002  0.000000000000000E+000
 -2.000000000000000E-002  0.000000000000000E+000
 -1.900000000000000E-002  0.000000000000000E+000
 -1.800000000000000E-002  0.000000000000000E+000
 -1.700000000000000E-002  0.000000000000000E+000
 -1.600000000000000E-002  0.000000000000000E+000
 -1.500000000000000E-002  0.000000000000000E+000
 -1.400000000000000E-002  0.000000000000000E+000
 -1.300000000000000E-002  0.000000000000000E+000
 -1.200000000000000E-002  0.000000000000000E+000
 -1.100000000000000E-002  0.000000000000000E+000
 -1.000000000000000E-002  0.000000000000000E+000
 -9.000000000000001E-003  0.000000000000000E+000
 -8.000000000000000E-003  0.140515925101375     
 -6.999999999999999E-003   1.53327950534880     
 -6.000000000000002E-003   3.94140012330676     
 -5.000000000000001E-003   10.7401587457715     
 -4.000000000000000E-003   15.4125150261219     
 -3.000000000000003E-003   26.1537942963090     
 -2.000000000000002E-003   26.3861052881682     
 -1.000000000000001E-003   24.2912706567830     
  0.000000000000000E+000   24.9491405874996     
  1.000000000000001E-003   19.8054653005953     
  1.999999999999998E-003   13.5264757978228     
  2.999999999999999E-003   8.31965226756556     
  4.000000000000000E-003   7.29127638853975     
  4.999999999999998E-003   4.50144611854667     
  5.999999999999998E-003   1.04339151302031     
  6.999999999999999E-003   1.63246036732185     
  8.000000000000000E-003  0.966939687546458     
  9.000000000000001E-003   3.48563345559005     
  1.000000000000000E-002   1.49272011562304     
  1.100000000000000E-002   3.39060746222287     
  1.200000000000000E-002   5.36973278155765     
  1.300000000000000E-002  0.396208589637437     
  1.400000000000000E-002  0.000000000000000E+000
  1.500000000000000E-002  0.000000000000000E+000
  1.600000000000000E-002  0.000000000000000E+000
  1.700000000000000E-002  0.000000000000000E+000
  1.800000000000000E-002  0.000000000000000E+000
  1.900000000000000E-002  0.000000000000000E+000
  2.000000000000000E-002  0.000000000000000E+000
  2.100000000000000E-002  0.000000000000000E+000
  2.200000000000000E-002  0.000000000000000E+000
  2.300000000000000E-002  0.000000000000000E+000
  2.400000000000000E-002  0.000000000000000E+000
  2.500000000000000E-002  0.000000000000000E+000
