 -2.500000000000000E-002  0.000000000000000E+000
 -2.400000000000000E-002  0.000000000000000E+000
 -2.300000000000000E-002  0.000000000000000E+000
 -2.200000000000000E-002  0.000000000000000E+000
 -2.100000000000000E-002  0.000000000000000E+000
 -2.000000000000000E-002  7.714464165348696E-002
 -1.900000000000000E-002  0.817811020130490     
 -1.800000000000000E-002   1.40078290095633     
 -1.700000000000000E-002  0.716066561922930     
 -1.600000000000000E-002  0.636895182405865     
 -1.500000000000000E-002   1.41401837039792     
 -1.400000000000000E-002   1.05758042671739     
 -1.300000000000000E-002  0.733444311720975     
 -1.200000000000000E-002  0.744279523270814     
 -1.100000000000000E-002  0.682852160077076     
 -1.000000000000000E-002   1.40762222261425     
 -9.000000000000001E-003   1.10103878249951     
 -8.000000000000000E-003   3.86797354661905     
 -6.999999999999999E-003   8.58270634065603     
 -6.000000000000002E-003   10.9652345705620     
 -5.000000000000001E-003   7.49076166655563     
 -4.000000000000000E-003   6.03921828744529     
 -3.000000000000003E-003   6.30314675603784     
 -2.000000000000002E-003   7.44884877286892     
 -1.000000000000001E-003   7.78726914313606     
  0.000000000000000E+000   5.59537213737632     
  1.000000000000001E-003   10.5093402636939     
  1.999999999999998E-003   13.7135117698736     
  2.999999999999999E-003   13.8804046698803     
  4.000000000000000E-003   10.6953166015914     
  4.999999999999998E-003   3.13160336880579     
  5.999999999999998E-003   2.86424448094385     
  6.999999999999999E-003   1.99053942637856     
  8.000000000000000E-003   3.61508518735333     
  9.000000000000001E-003   5.69365254207950     
  1.000000000000000E-002   2.53266544459815     
  1.100000000000000E-002   5.13966388963792     
  1.200000000000000E-002   3.74314821187353     
  1.300000000000000E-002   1.83628492884509     
  1.400000000000000E-002  0.637111592390557     
  1.500000000000000E-002  1.137029643026449E-002
  1.600000000000000E-002  0.000000000000000E+000
  1.700000000000000E-002  0.000000000000000E+000
  1.800000000000000E-002  0.000000000000000E+000
  1.900000000000000E-002  0.000000000000000E+000
  2.000000000000000E-002  0.000000000000000E+000
  2.100000000000000E-002  0.000000000000000E+000
  2.200000000000000E-002  0.000000000000000E+000
  2.300000000000000E-002  0.000000000000000E+000
  2.400000000000000E-002  0.000000000000000E+000
  2.500000000000000E-002  0.000000000000000E+000
