 -2.500000000000000E-002  0.000000000000000E+000
 -2.400000000000000E-002  0.000000000000000E+000
 -2.300000000000000E-002  0.000000000000000E+000
 -2.200000000000000E-002  0.000000000000000E+000
 -2.100000000000000E-002  0.000000000000000E+000
 -2.000000000000000E-002  0.000000000000000E+000
 -1.900000000000000E-002  0.000000000000000E+000
 -1.800000000000000E-002  0.000000000000000E+000
 -1.700000000000000E-002  0.000000000000000E+000
 -1.600000000000000E-002  0.000000000000000E+000
 -1.500000000000000E-002  0.000000000000000E+000
 -1.400000000000000E-002  0.000000000000000E+000
 -1.300000000000000E-002  0.000000000000000E+000
 -1.200000000000000E-002  0.000000000000000E+000
 -1.100000000000000E-002  0.000000000000000E+000
 -1.000000000000000E-002  0.000000000000000E+000
 -9.000000000000001E-003  0.000000000000000E+000
 -8.000000000000000E-003  0.000000000000000E+000
 -6.999999999999999E-003  6.074547383337323E-002
 -6.000000000000002E-003   1.44490952678199     
 -5.000000000000001E-003   8.78138495574045     
 -4.000000000000000E-003   15.9506463130839     
 -3.000000000000003E-003   20.4925077423835     
 -2.000000000000002E-003   14.0378176698753     
 -1.000000000000001E-003   14.1566368132115     
  0.000000000000000E+000   14.2513475592242     
  1.000000000000001E-003   15.7485468590783     
  1.999999999999998E-003   8.54506850432202     
  2.999999999999999E-003   7.18600007602367     
  4.000000000000000E-003   5.42801716997443     
  4.999999999999998E-003   4.51173659620097     
  5.999999999999998E-003   5.27648701215221     
  6.999999999999999E-003   7.41251601704560     
  8.000000000000000E-003   4.14312176691605     
  9.000000000000001E-003  0.302979944152597     
  1.000000000000000E-002  0.000000000000000E+000
  1.100000000000000E-002  0.000000000000000E+000
  1.200000000000000E-002  0.000000000000000E+000
  1.300000000000000E-002  0.000000000000000E+000
  1.400000000000000E-002  0.000000000000000E+000
  1.500000000000000E-002  0.000000000000000E+000
  1.600000000000000E-002  0.000000000000000E+000
  1.700000000000000E-002  0.000000000000000E+000
  1.800000000000000E-002  0.000000000000000E+000
  1.900000000000000E-002  0.000000000000000E+000
  2.000000000000000E-002  0.000000000000000E+000
  2.100000000000000E-002  0.000000000000000E+000
  2.200000000000000E-002  0.000000000000000E+000
  2.300000000000000E-002  0.000000000000000E+000
  2.400000000000000E-002  0.000000000000000E+000
  2.500000000000000E-002  0.000000000000000E+000
