 -2.500000000000000E-002  0.000000000000000E+000
 -2.400000000000000E-002  0.000000000000000E+000
 -2.300000000000000E-002  0.000000000000000E+000
 -2.200000000000000E-002  0.000000000000000E+000
 -2.100000000000000E-002  0.000000000000000E+000
 -2.000000000000000E-002  0.000000000000000E+000
 -1.900000000000000E-002  0.000000000000000E+000
 -1.800000000000000E-002  0.000000000000000E+000
 -1.700000000000000E-002  0.000000000000000E+000
 -1.600000000000000E-002  0.000000000000000E+000
 -1.500000000000000E-002  0.000000000000000E+000
 -1.400000000000000E-002  0.000000000000000E+000
 -1.300000000000000E-002  0.000000000000000E+000
 -1.200000000000000E-002  0.000000000000000E+000
 -1.100000000000000E-002  0.000000000000000E+000
 -1.000000000000000E-002  0.000000000000000E+000
 -9.000000000000001E-003  0.000000000000000E+000
 -8.000000000000000E-003  6.076950741283181E-002
 -6.999999999999999E-003   2.02285883364774     
 -6.000000000000002E-003   7.77644245358338     
 -5.000000000000001E-003   9.33612583990634     
 -4.000000000000000E-003   12.5734853645369     
 -3.000000000000003E-003   21.0779092284106     
 -2.000000000000002E-003   20.5014018919928     
 -1.000000000000001E-003   16.6406835869251     
  0.000000000000000E+000   11.2577103795819     
  1.000000000000001E-003   10.9943317854143     
  1.999999999999998E-003   8.58721373326870     
  2.999999999999999E-003   3.28112481118928     
  4.000000000000000E-003   3.32414167501473     
  4.999999999999998E-003   1.61960172540773     
  5.999999999999998E-003   3.34816836859533     
  6.999999999999999E-003   2.43938771764792     
  8.000000000000000E-003   2.38812809653354     
  9.000000000000001E-003   3.90530554800869     
  1.000000000000000E-002   1.53812027827798     
  1.100000000000000E-002   4.08016899375259     
  1.200000000000000E-002   4.55284825239229     
  1.300000000000000E-002  0.901511928499397     
  1.400000000000000E-002  0.000000000000000E+000
  1.500000000000000E-002  0.000000000000000E+000
  1.600000000000000E-002  0.000000000000000E+000
  1.700000000000000E-002  0.000000000000000E+000
  1.800000000000000E-002  0.000000000000000E+000
  1.900000000000000E-002  0.000000000000000E+000
  2.000000000000000E-002  0.000000000000000E+000
  2.100000000000000E-002  0.000000000000000E+000
  2.200000000000000E-002  0.000000000000000E+000
  2.300000000000000E-002  0.000000000000000E+000
  2.400000000000000E-002  0.000000000000000E+000
  2.500000000000000E-002  0.000000000000000E+000
