 -2.500000000000000E-002  0.000000000000000E+000
 -2.400000000000000E-002  0.000000000000000E+000
 -2.300000000000000E-002  0.000000000000000E+000
 -2.200000000000000E-002  0.000000000000000E+000
 -2.100000000000000E-002  0.000000000000000E+000
 -2.000000000000000E-002  0.000000000000000E+000
 -1.900000000000000E-002  0.000000000000000E+000
 -1.800000000000000E-002  0.000000000000000E+000
 -1.700000000000000E-002  0.000000000000000E+000
 -1.600000000000000E-002  0.000000000000000E+000
 -1.500000000000000E-002  0.000000000000000E+000
 -1.400000000000000E-002  0.000000000000000E+000
 -1.300000000000000E-002  0.000000000000000E+000
 -1.200000000000000E-002  0.000000000000000E+000
 -1.100000000000000E-002  0.000000000000000E+000
 -1.000000000000000E-002  0.000000000000000E+000
 -9.000000000000001E-003  0.000000000000000E+000
 -8.000000000000000E-003  0.000000000000000E+000
 -6.999999999999999E-003  0.000000000000000E+000
 -6.000000000000002E-003  0.000000000000000E+000
 -5.000000000000001E-003   3.77986637502981     
 -4.000000000000000E-003   26.7578773239565     
 -3.000000000000003E-003   53.2461508413867     
 -2.000000000000002E-003   52.2575797405623     
 -1.000000000000001E-003   48.3286999280432     
  0.000000000000000E+000   32.8770673660342     
  1.000000000000001E-003   27.9953461840068     
  1.999999999999998E-003   25.7757180736330     
  2.999999999999999E-003   7.18994100207526     
  4.000000000000000E-003   3.95883815672741     
  4.999999999999998E-003   2.47751489387162     
  5.999999999999998E-003   2.04486282743517     
  6.999999999999999E-003   1.65952400502198     
  8.000000000000000E-003   2.69417717423758     
  9.000000000000001E-003   6.59372325017469     
  1.000000000000000E-002   6.82645964082358     
  1.100000000000000E-002   3.71313381869171     
  1.200000000000000E-002   4.24603378239202     
  1.300000000000000E-002   3.02839561589661     
  1.400000000000000E-002  0.000000000000000E+000
  1.500000000000000E-002  0.000000000000000E+000
  1.600000000000000E-002  0.000000000000000E+000
  1.700000000000000E-002  0.000000000000000E+000
  1.800000000000000E-002  0.000000000000000E+000
  1.900000000000000E-002  0.000000000000000E+000
  2.000000000000000E-002  0.000000000000000E+000
  2.100000000000000E-002  0.000000000000000E+000
  2.200000000000000E-002  0.000000000000000E+000
  2.300000000000000E-002  0.000000000000000E+000
  2.400000000000000E-002  0.000000000000000E+000
  2.500000000000000E-002  0.000000000000000E+000
