 -2.500000000000000E-002  0.000000000000000E+000
 -2.400000000000000E-002  0.000000000000000E+000
 -2.300000000000000E-002  0.000000000000000E+000
 -2.200000000000000E-002  0.000000000000000E+000
 -2.100000000000000E-002  0.000000000000000E+000
 -2.000000000000000E-002  0.000000000000000E+000
 -1.900000000000000E-002  0.000000000000000E+000
 -1.800000000000000E-002  0.000000000000000E+000
 -1.700000000000000E-002  0.336814474074541     
 -1.600000000000000E-002  0.907187445825916     
 -1.500000000000000E-002   1.10665222445947     
 -1.400000000000000E-002  0.789775855640069     
 -1.300000000000000E-002  0.649474966243216     
 -1.200000000000000E-002  0.709841327460180     
 -1.100000000000000E-002   1.26867210134782     
 -1.000000000000000E-002  0.591429374642615     
 -9.000000000000001E-003  0.357458329296830     
 -8.000000000000000E-003  0.812042560453207     
 -6.999999999999999E-003  0.251597735385243     
 -6.000000000000002E-003  0.788641124992489     
 -5.000000000000001E-003   3.96205380484289     
 -4.000000000000000E-003   11.4782897763586     
 -3.000000000000003E-003   22.6006432139435     
 -2.000000000000002E-003   21.5709263561231     
 -1.000000000000001E-003   18.2904310539536     
  0.000000000000000E+000   16.7747144461948     
  1.000000000000001E-003   11.1661083774371     
  1.999999999999998E-003   6.45607191780181     
  2.999999999999999E-003   1.83498879492979     
  4.000000000000000E-003   2.68091977721322     
  4.999999999999998E-003   1.92020098025799     
  5.999999999999998E-003   1.36226781765902     
  6.999999999999999E-003   2.58902188058914     
  8.000000000000000E-003   4.81624143075479     
  9.000000000000001E-003   5.53496356629999     
  1.000000000000000E-002   3.66707871391547     
  1.100000000000000E-002   2.78847768781115     
  1.200000000000000E-002   2.01049352503395     
  1.300000000000000E-002  0.829055640404256     
  1.400000000000000E-002   1.48336034393238     
  1.500000000000000E-002  0.276413374721847     
  1.600000000000000E-002  0.000000000000000E+000
  1.700000000000000E-002  0.000000000000000E+000
  1.800000000000000E-002  0.000000000000000E+000
  1.900000000000000E-002  0.000000000000000E+000
  2.000000000000000E-002  0.000000000000000E+000
  2.100000000000000E-002  0.000000000000000E+000
  2.200000000000000E-002  0.000000000000000E+000
  2.300000000000000E-002  0.000000000000000E+000
  2.400000000000000E-002  0.000000000000000E+000
  2.500000000000000E-002  0.000000000000000E+000
