 -2.500000000000000E-002  0.000000000000000E+000
 -2.400000000000000E-002  0.000000000000000E+000
 -2.300000000000000E-002  0.000000000000000E+000
 -2.200000000000000E-002  0.000000000000000E+000
 -2.100000000000000E-002  0.000000000000000E+000
 -2.000000000000000E-002  0.000000000000000E+000
 -1.900000000000000E-002  0.000000000000000E+000
 -1.800000000000000E-002  0.000000000000000E+000
 -1.700000000000000E-002  0.000000000000000E+000
 -1.600000000000000E-002  0.000000000000000E+000
 -1.500000000000000E-002  0.000000000000000E+000
 -1.400000000000000E-002  0.000000000000000E+000
 -1.300000000000000E-002  0.000000000000000E+000
 -1.200000000000000E-002  0.000000000000000E+000
 -1.100000000000000E-002  0.000000000000000E+000
 -1.000000000000000E-002  0.000000000000000E+000
 -9.000000000000001E-003  0.000000000000000E+000
 -8.000000000000000E-003  0.000000000000000E+000
 -6.999999999999999E-003  0.000000000000000E+000
 -6.000000000000002E-003   5.91111309063165     
 -5.000000000000001E-003   10.0075802425377     
 -4.000000000000000E-003   10.0982529974717     
 -3.000000000000003E-003   23.9956363421810     
 -2.000000000000002E-003   26.0250016428329     
 -1.000000000000001E-003   25.4129830214031     
  0.000000000000000E+000   17.2922301996717     
  1.000000000000001E-003   16.4853948212878     
  1.999999999999998E-003   19.4687178473488     
  2.999999999999999E-003   3.54044488500426     
  4.000000000000000E-003   1.91990486687667     
  4.999999999999998E-003  0.958803440210579     
  5.999999999999998E-003  0.783572795044582     
  6.999999999999999E-003   1.04137724259870     
  8.000000000000000E-003   2.23533449770940     
  9.000000000000001E-003   1.80073232722225     
  1.000000000000000E-002  0.651014568912959     
  1.100000000000000E-002   4.07325320390339     
  1.200000000000000E-002   3.93822054291928     
  1.300000000000000E-002   2.75617016023099     
  1.400000000000000E-002  0.946701264000607     
  1.500000000000000E-002  0.000000000000000E+000
  1.600000000000000E-002  0.000000000000000E+000
  1.700000000000000E-002  0.000000000000000E+000
  1.800000000000000E-002  0.000000000000000E+000
  1.900000000000000E-002  0.000000000000000E+000
  2.000000000000000E-002  0.000000000000000E+000
  2.100000000000000E-002  0.000000000000000E+000
  2.200000000000000E-002  0.000000000000000E+000
  2.300000000000000E-002  0.000000000000000E+000
  2.400000000000000E-002  0.000000000000000E+000
  2.500000000000000E-002  0.000000000000000E+000
