 -2.500000000000000E-002  0.000000000000000E+000
 -2.400000000000000E-002  0.000000000000000E+000
 -2.300000000000000E-002  0.000000000000000E+000
 -2.200000000000000E-002  0.000000000000000E+000
 -2.100000000000000E-002  0.000000000000000E+000
 -2.000000000000000E-002  0.000000000000000E+000
 -1.900000000000000E-002  0.000000000000000E+000
 -1.800000000000000E-002  0.000000000000000E+000
 -1.700000000000000E-002  0.000000000000000E+000
 -1.600000000000000E-002  0.000000000000000E+000
 -1.500000000000000E-002  0.000000000000000E+000
 -1.400000000000000E-002  0.000000000000000E+000
 -1.300000000000000E-002  0.000000000000000E+000
 -1.200000000000000E-002  0.000000000000000E+000
 -1.100000000000000E-002  0.492408304199964     
 -1.000000000000000E-002   1.63867569482785     
 -9.000000000000001E-003   1.38310600097219     
 -8.000000000000000E-003  0.132420962255848     
 -6.999999999999999E-003   3.43268763530494     
 -6.000000000000002E-003   2.14544140243921     
 -5.000000000000001E-003   1.83322229255116     
 -4.000000000000000E-003   11.0937708605922     
 -3.000000000000003E-003   16.3516773289475     
 -2.000000000000002E-003   8.87262170747012     
 -1.000000000000001E-003   2.65863510963377     
  0.000000000000000E+000   4.48403697939686     
  1.000000000000001E-003  0.782325721408362     
  1.999999999999998E-003   1.00870038420888     
  2.999999999999999E-003   1.77625961579112     
  4.000000000000000E-003   1.60773875998673     
  4.999999999999998E-003   1.76785546137708     
  5.999999999999998E-003   3.76496413410005     
  6.999999999999999E-003   3.75244604000467     
  8.000000000000000E-003   5.71310339970750     
  9.000000000000001E-003   4.51545868746374     
  1.000000000000000E-002   3.29962722166851     
  1.100000000000000E-002  0.224656295691745     
  1.200000000000000E-002  0.000000000000000E+000
  1.300000000000000E-002  0.000000000000000E+000
  1.400000000000000E-002  0.000000000000000E+000
  1.500000000000000E-002  0.000000000000000E+000
  1.600000000000000E-002  0.000000000000000E+000
  1.700000000000000E-002  0.000000000000000E+000
  1.800000000000000E-002  0.000000000000000E+000
  1.900000000000000E-002  0.000000000000000E+000
  2.000000000000000E-002  0.000000000000000E+000
  2.100000000000000E-002  0.000000000000000E+000
  2.200000000000000E-002  0.000000000000000E+000
  2.300000000000000E-002  0.000000000000000E+000
  2.400000000000000E-002  0.000000000000000E+000
  2.500000000000000E-002  0.000000000000000E+000
