 -2.500000000000000E-002  0.000000000000000E+000
 -2.400000000000000E-002  0.000000000000000E+000
 -2.300000000000000E-002  0.000000000000000E+000
 -2.200000000000000E-002  0.000000000000000E+000
 -2.100000000000000E-002  0.000000000000000E+000
 -2.000000000000000E-002  0.000000000000000E+000
 -1.900000000000000E-002  0.000000000000000E+000
 -1.800000000000000E-002  0.000000000000000E+000
 -1.700000000000000E-002  0.000000000000000E+000
 -1.600000000000000E-002  0.000000000000000E+000
 -1.500000000000000E-002  0.000000000000000E+000
 -1.400000000000000E-002  0.000000000000000E+000
 -1.300000000000000E-002  0.000000000000000E+000
 -1.200000000000000E-002  0.000000000000000E+000
 -1.100000000000000E-002  0.000000000000000E+000
 -1.000000000000000E-002  0.000000000000000E+000
 -9.000000000000001E-003  0.000000000000000E+000
 -8.000000000000000E-003  0.000000000000000E+000
 -6.999999999999999E-003  0.000000000000000E+000
 -6.000000000000002E-003  0.000000000000000E+000
 -5.000000000000001E-003  0.616837527702589     
 -4.000000000000000E-003   9.89489652807278     
 -3.000000000000003E-003   26.5371987498578     
 -2.000000000000002E-003   32.7078861808817     
 -1.000000000000001E-003   26.3182302721288     
  0.000000000000000E+000   20.5483729559691     
  1.000000000000001E-003   20.2839545040944     
  1.999999999999998E-003   23.1122506950031     
  2.999999999999999E-003   10.2494484399179     
  4.000000000000000E-003   2.98673217732450     
  4.999999999999998E-003   1.47894032372419     
  5.999999999999998E-003  0.914216014526456     
  6.999999999999999E-003  0.818461239984701     
  8.000000000000000E-003  0.868606140496341     
  9.000000000000001E-003   1.06994240311734     
  1.000000000000000E-002   1.27324891359451     
  1.100000000000000E-002   1.91307917753543     
  1.200000000000000E-002   1.92783430098131     
  1.300000000000000E-002  0.323511273689116     
  1.400000000000000E-002  0.236972181397923     
  1.500000000000000E-002  0.000000000000000E+000
  1.600000000000000E-002  0.000000000000000E+000
  1.700000000000000E-002  0.000000000000000E+000
  1.800000000000000E-002  0.000000000000000E+000
  1.900000000000000E-002  0.000000000000000E+000
  2.000000000000000E-002  0.000000000000000E+000
  2.100000000000000E-002  0.000000000000000E+000
  2.200000000000000E-002  0.000000000000000E+000
  2.300000000000000E-002  0.000000000000000E+000
  2.400000000000000E-002  0.000000000000000E+000
  2.500000000000000E-002  0.000000000000000E+000
