 -2.500000000000000E-002  0.000000000000000E+000
 -2.400000000000000E-002  0.000000000000000E+000
 -2.300000000000000E-002  0.000000000000000E+000
 -2.200000000000000E-002  0.000000000000000E+000
 -2.100000000000000E-002  0.000000000000000E+000
 -2.000000000000000E-002  0.000000000000000E+000
 -1.900000000000000E-002  0.000000000000000E+000
 -1.800000000000000E-002  0.000000000000000E+000
 -1.700000000000000E-002  0.000000000000000E+000
 -1.600000000000000E-002  0.000000000000000E+000
 -1.500000000000000E-002  0.000000000000000E+000
 -1.400000000000000E-002  0.000000000000000E+000
 -1.300000000000000E-002  0.000000000000000E+000
 -1.200000000000000E-002  0.000000000000000E+000
 -1.100000000000000E-002  0.000000000000000E+000
 -1.000000000000000E-002  0.000000000000000E+000
 -9.000000000000001E-003  0.000000000000000E+000
 -8.000000000000000E-003  0.000000000000000E+000
 -6.999999999999999E-003  1.298361287274611E-002
 -6.000000000000002E-003   9.49330134724195     
 -5.000000000000001E-003   21.2241610829606     
 -4.000000000000000E-003   20.4168318331399     
 -3.000000000000003E-003   19.5734622706418     
 -2.000000000000002E-003   12.8701738885108     
 -1.000000000000001E-003   14.0261787257950     
  0.000000000000000E+000   20.5730865542881     
  1.000000000000001E-003   11.0268224937159     
  1.999999999999998E-003   3.18151362284919     
  2.999999999999999E-003   2.18700151008588     
  4.000000000000000E-003   3.89026226956037     
  4.999999999999998E-003   1.67719940780019     
  5.999999999999998E-003   1.31905946555272     
  6.999999999999999E-003   2.37895104941177     
  8.000000000000000E-003   4.02894727607196     
  9.000000000000001E-003   7.54658925288878     
  1.000000000000000E-002   5.20099580682372     
  1.100000000000000E-002   4.37809754456595     
  1.200000000000000E-002   5.34050602162792     
  1.300000000000000E-002  0.414044963594760     
  1.400000000000000E-002  0.000000000000000E+000
  1.500000000000000E-002  0.000000000000000E+000
  1.600000000000000E-002  0.000000000000000E+000
  1.700000000000000E-002  0.000000000000000E+000
  1.800000000000000E-002  0.000000000000000E+000
  1.900000000000000E-002  0.000000000000000E+000
  2.000000000000000E-002  0.000000000000000E+000
  2.100000000000000E-002  0.000000000000000E+000
  2.200000000000000E-002  0.000000000000000E+000
  2.300000000000000E-002  0.000000000000000E+000
  2.400000000000000E-002  0.000000000000000E+000
  2.500000000000000E-002  0.000000000000000E+000
