 -2.500000000000000E-002  0.000000000000000E+000
 -2.400000000000000E-002  0.000000000000000E+000
 -2.300000000000000E-002  0.000000000000000E+000
 -2.200000000000000E-002  0.000000000000000E+000
 -2.100000000000000E-002  0.000000000000000E+000
 -2.000000000000000E-002  0.000000000000000E+000
 -1.900000000000000E-002  0.000000000000000E+000
 -1.800000000000000E-002  0.000000000000000E+000
 -1.700000000000000E-002  0.000000000000000E+000
 -1.600000000000000E-002  0.000000000000000E+000
 -1.500000000000000E-002  0.000000000000000E+000
 -1.400000000000000E-002  0.000000000000000E+000
 -1.300000000000000E-002  0.000000000000000E+000
 -1.200000000000000E-002  0.000000000000000E+000
 -1.100000000000000E-002  0.000000000000000E+000
 -1.000000000000000E-002  0.000000000000000E+000
 -9.000000000000001E-003  0.000000000000000E+000
 -8.000000000000000E-003   1.97045887007568     
 -6.999999999999999E-003   6.29820222475628     
 -6.000000000000002E-003   7.26996738107706     
 -5.000000000000001E-003   6.09583885427042     
 -4.000000000000000E-003   3.63208493936358     
 -3.000000000000003E-003   4.91379500781295     
 -2.000000000000002E-003   4.71810663522673     
 -1.000000000000001E-003   4.99443891666910     
  0.000000000000000E+000   5.58431551123259     
  1.000000000000001E-003   5.99615157807697     
  1.999999999999998E-003   3.24869999853264     
  2.999999999999999E-003   6.66760831298886     
  4.000000000000000E-003   7.24495014458905     
  4.999999999999998E-003   10.6965088925886     
  5.999999999999998E-003   5.43079729668694     
  6.999999999999999E-003   3.91161747977407     
  8.000000000000000E-003  0.195447956278442     
  9.000000000000001E-003  0.000000000000000E+000
  1.000000000000000E-002  0.000000000000000E+000
  1.100000000000000E-002  0.000000000000000E+000
  1.200000000000000E-002  0.000000000000000E+000
  1.300000000000000E-002  0.000000000000000E+000
  1.400000000000000E-002  0.000000000000000E+000
  1.500000000000000E-002  0.000000000000000E+000
  1.600000000000000E-002  0.000000000000000E+000
  1.700000000000000E-002  0.000000000000000E+000
  1.800000000000000E-002  0.000000000000000E+000
  1.900000000000000E-002  0.000000000000000E+000
  2.000000000000000E-002  0.000000000000000E+000
  2.100000000000000E-002  0.000000000000000E+000
  2.200000000000000E-002  0.000000000000000E+000
  2.300000000000000E-002  0.000000000000000E+000
  2.400000000000000E-002  0.000000000000000E+000
  2.500000000000000E-002  0.000000000000000E+000
