 -2.500000000000000E-002  0.000000000000000E+000
 -2.400000000000000E-002  0.000000000000000E+000
 -2.300000000000000E-002  0.000000000000000E+000
 -2.200000000000000E-002  0.000000000000000E+000
 -2.100000000000000E-002  0.000000000000000E+000
 -2.000000000000000E-002  0.000000000000000E+000
 -1.900000000000000E-002  0.000000000000000E+000
 -1.800000000000000E-002  0.000000000000000E+000
 -1.700000000000000E-002  0.000000000000000E+000
 -1.600000000000000E-002  0.000000000000000E+000
 -1.500000000000000E-002  0.000000000000000E+000
 -1.400000000000000E-002  0.000000000000000E+000
 -1.300000000000000E-002  0.000000000000000E+000
 -1.200000000000000E-002  0.000000000000000E+000
 -1.100000000000000E-002  0.000000000000000E+000
 -1.000000000000000E-002  0.000000000000000E+000
 -9.000000000000001E-003  0.000000000000000E+000
 -8.000000000000000E-003  0.000000000000000E+000
 -6.999999999999999E-003  0.436028443635114     
 -6.000000000000002E-003   6.48390678700005     
 -5.000000000000001E-003   14.0110255076470     
 -4.000000000000000E-003   26.9813681154891     
 -3.000000000000003E-003   62.6597871127509     
 -2.000000000000002E-003   74.6653229216906     
 -1.000000000000001E-003   63.2895788287082     
  0.000000000000000E+000   47.2604278188556     
  1.000000000000001E-003   36.4359686226944     
  1.999999999999998E-003   30.1854043920364     
  2.999999999999999E-003   8.09447450414209     
  4.000000000000000E-003   6.27960320231314     
  4.999999999999998E-003   7.37423217081642     
  5.999999999999998E-003   3.30646769148627     
  6.999999999999999E-003   4.92353991420407     
  8.000000000000000E-003   3.13117307915462     
  9.000000000000001E-003   4.20153985806244     
  1.000000000000000E-002   3.65891949953726     
  1.100000000000000E-002   6.15213559587169     
  1.200000000000000E-002   10.4265586581496     
  1.300000000000000E-002   4.88186124570421     
  1.400000000000000E-002   1.24582082003383     
  1.500000000000000E-002  1.439521001668399E-002
  1.600000000000000E-002  0.000000000000000E+000
  1.700000000000000E-002  0.000000000000000E+000
  1.800000000000000E-002  0.000000000000000E+000
  1.900000000000000E-002  0.000000000000000E+000
  2.000000000000000E-002  0.000000000000000E+000
  2.100000000000000E-002  0.000000000000000E+000
  2.200000000000000E-002  0.000000000000000E+000
  2.300000000000000E-002  0.000000000000000E+000
  2.400000000000000E-002  0.000000000000000E+000
  2.500000000000000E-002  0.000000000000000E+000
