 -2.500000000000000E-002  0.000000000000000E+000
 -2.400000000000000E-002  0.000000000000000E+000
 -2.300000000000000E-002  0.000000000000000E+000
 -2.200000000000000E-002  0.000000000000000E+000
 -2.100000000000000E-002  0.000000000000000E+000
 -2.000000000000000E-002  0.000000000000000E+000
 -1.900000000000000E-002  0.000000000000000E+000
 -1.800000000000000E-002  0.000000000000000E+000
 -1.700000000000000E-002  0.000000000000000E+000
 -1.600000000000000E-002  0.000000000000000E+000
 -1.500000000000000E-002  0.000000000000000E+000
 -1.400000000000000E-002  0.000000000000000E+000
 -1.300000000000000E-002  0.000000000000000E+000
 -1.200000000000000E-002  0.000000000000000E+000
 -1.100000000000000E-002  0.000000000000000E+000
 -1.000000000000000E-002  0.000000000000000E+000
 -9.000000000000001E-003   2.29745401338492     
 -8.000000000000000E-003   2.83845727375138     
 -6.999999999999999E-003   1.69049903883909     
 -6.000000000000002E-003   3.65145517342689     
 -5.000000000000001E-003   5.96280696106971     
 -4.000000000000000E-003   12.2853277131564     
 -3.000000000000003E-003   21.9280123605901     
 -2.000000000000002E-003   21.4245677342519     
 -1.000000000000001E-003   15.4630425055611     
  0.000000000000000E+000   14.1503405665810     
  1.000000000000001E-003   11.3404968315615     
  1.999999999999998E-003   8.80363640779100     
  2.999999999999999E-003   3.85277882561531     
  4.000000000000000E-003   1.99942277239363     
  4.999999999999998E-003   2.03044081429214     
  5.999999999999998E-003   3.73601101901856     
  6.999999999999999E-003   2.06709088540621     
  8.000000000000000E-003   3.54100288734312     
  9.000000000000001E-003   2.11896526937781     
  1.000000000000000E-002   4.61583324992264     
  1.100000000000000E-002   5.12274179890736     
  1.200000000000000E-002   2.15998282218736     
  1.300000000000000E-002  0.493863075570876     
  1.400000000000000E-002  0.000000000000000E+000
  1.500000000000000E-002  0.000000000000000E+000
  1.600000000000000E-002  0.000000000000000E+000
  1.700000000000000E-002  0.000000000000000E+000
  1.800000000000000E-002  0.000000000000000E+000
  1.900000000000000E-002  0.000000000000000E+000
  2.000000000000000E-002  0.000000000000000E+000
  2.100000000000000E-002  0.000000000000000E+000
  2.200000000000000E-002  0.000000000000000E+000
  2.300000000000000E-002  0.000000000000000E+000
  2.400000000000000E-002  0.000000000000000E+000
  2.500000000000000E-002  0.000000000000000E+000
