 -2.500000000000000E-002  0.000000000000000E+000
 -2.400000000000000E-002  0.000000000000000E+000
 -2.300000000000000E-002  0.000000000000000E+000
 -2.200000000000000E-002  0.000000000000000E+000
 -2.100000000000000E-002  0.000000000000000E+000
 -2.000000000000000E-002  0.000000000000000E+000
 -1.900000000000000E-002  0.000000000000000E+000
 -1.800000000000000E-002  0.000000000000000E+000
 -1.700000000000000E-002  0.000000000000000E+000
 -1.600000000000000E-002  0.000000000000000E+000
 -1.500000000000000E-002  0.299507159801816     
 -1.400000000000000E-002   2.69037680702991     
 -1.300000000000000E-002   1.12371296075124     
 -1.200000000000000E-002   2.00313802241450     
 -1.100000000000000E-002   1.10032966419590     
 -1.000000000000000E-002  0.543437562450269     
 -9.000000000000001E-003  0.272492021244150     
 -8.000000000000000E-003  0.258076624038492     
 -6.999999999999999E-003  0.723017707884687     
 -6.000000000000002E-003   1.11878098397198     
 -5.000000000000001E-003   2.47053506071179     
 -4.000000000000000E-003   1.31217228816424     
 -3.000000000000003E-003   1.72376309414882     
 -2.000000000000002E-003   3.21758179476660     
 -1.000000000000001E-003   4.60568896894514     
  0.000000000000000E+000   18.8632959348237     
  1.000000000000001E-003   55.7430949783829     
  1.999999999999998E-003   37.1020320650966     
  2.999999999999999E-003   6.79561451757325     
  4.000000000000000E-003  0.256751783603931     
  4.999999999999998E-003  0.000000000000000E+000
  5.999999999999998E-003  0.000000000000000E+000
  6.999999999999999E-003  0.000000000000000E+000
  8.000000000000000E-003  0.000000000000000E+000
  9.000000000000001E-003  0.000000000000000E+000
  1.000000000000000E-002  0.000000000000000E+000
  1.100000000000000E-002  0.000000000000000E+000
  1.200000000000000E-002  0.000000000000000E+000
  1.300000000000000E-002  0.000000000000000E+000
  1.400000000000000E-002  0.000000000000000E+000
  1.500000000000000E-002  0.000000000000000E+000
  1.600000000000000E-002  0.000000000000000E+000
  1.700000000000000E-002  0.000000000000000E+000
  1.800000000000000E-002  0.000000000000000E+000
  1.900000000000000E-002  0.000000000000000E+000
  2.000000000000000E-002  0.000000000000000E+000
  2.100000000000000E-002  0.000000000000000E+000
  2.200000000000000E-002  0.000000000000000E+000
  2.300000000000000E-002  0.000000000000000E+000
  2.400000000000000E-002  0.000000000000000E+000
  2.500000000000000E-002  0.000000000000000E+000
