 -2.500000000000000E-002  0.000000000000000E+000
 -2.400000000000000E-002  0.000000000000000E+000
 -2.300000000000000E-002  0.000000000000000E+000
 -2.200000000000000E-002  0.000000000000000E+000
 -2.100000000000000E-002  0.000000000000000E+000
 -2.000000000000000E-002  0.000000000000000E+000
 -1.900000000000000E-002  0.000000000000000E+000
 -1.800000000000000E-002  0.000000000000000E+000
 -1.700000000000000E-002  0.000000000000000E+000
 -1.600000000000000E-002  0.000000000000000E+000
 -1.500000000000000E-002  0.000000000000000E+000
 -1.400000000000000E-002  0.000000000000000E+000
 -1.300000000000000E-002  0.000000000000000E+000
 -1.200000000000000E-002  0.000000000000000E+000
 -1.100000000000000E-002  0.000000000000000E+000
 -1.000000000000000E-002   1.84647633524504     
 -9.000000000000001E-003   8.98809973710647     
 -8.000000000000000E-003   12.2658982493795     
 -6.999999999999999E-003   6.30986731057945     
 -6.000000000000002E-003   6.83653072851781     
 -5.000000000000001E-003   5.74645769899594     
 -4.000000000000000E-003   2.82733077767101     
 -3.000000000000003E-003   2.24761419040832     
 -2.000000000000002E-003   8.07607108447323     
 -1.000000000000001E-003   3.99855266397020     
  0.000000000000000E+000   4.25954220003318     
  1.000000000000001E-003   15.2225583742394     
  1.999999999999998E-003   9.38388716768145     
  2.999999999999999E-003   2.40766202319869     
  4.000000000000000E-003   21.3854097877611     
  4.999999999999998E-003   22.9306811880117     
  5.999999999999998E-003   14.1773026709369     
  6.999999999999999E-003   3.84317235152742     
  8.000000000000000E-003  1.368546026311166E-002
  9.000000000000001E-003  0.000000000000000E+000
  1.000000000000000E-002  0.000000000000000E+000
  1.100000000000000E-002  0.000000000000000E+000
  1.200000000000000E-002  0.000000000000000E+000
  1.300000000000000E-002  0.000000000000000E+000
  1.400000000000000E-002  0.000000000000000E+000
  1.500000000000000E-002  0.000000000000000E+000
  1.600000000000000E-002  0.000000000000000E+000
  1.700000000000000E-002  0.000000000000000E+000
  1.800000000000000E-002  0.000000000000000E+000
  1.900000000000000E-002  0.000000000000000E+000
  2.000000000000000E-002  0.000000000000000E+000
  2.100000000000000E-002  0.000000000000000E+000
  2.200000000000000E-002  0.000000000000000E+000
  2.300000000000000E-002  0.000000000000000E+000
  2.400000000000000E-002  0.000000000000000E+000
  2.500000000000000E-002  0.000000000000000E+000
