 -2.500000000000000E-002  0.000000000000000E+000
 -2.400000000000000E-002  0.000000000000000E+000
 -2.300000000000000E-002  0.000000000000000E+000
 -2.200000000000000E-002  0.000000000000000E+000
 -2.100000000000000E-002  0.000000000000000E+000
 -2.000000000000000E-002  0.000000000000000E+000
 -1.900000000000000E-002  0.000000000000000E+000
 -1.800000000000000E-002  0.000000000000000E+000
 -1.700000000000000E-002  0.000000000000000E+000
 -1.600000000000000E-002  0.000000000000000E+000
 -1.500000000000000E-002  0.521655742414886     
 -1.400000000000000E-002   1.27733633447545     
 -1.300000000000000E-002  0.752607923109670     
 -1.200000000000000E-002  0.735885074360788     
 -1.100000000000000E-002  0.259143180690250     
 -1.000000000000000E-002   1.12057431903975     
 -9.000000000000001E-003   1.29827405603542     
 -8.000000000000000E-003  0.676903369873794     
 -6.999999999999999E-003  0.722969081185399     
 -6.000000000000002E-003   1.24171979397126     
 -5.000000000000001E-003   1.99802198731840     
 -4.000000000000000E-003   5.66670623229405     
 -3.000000000000003E-003   18.1773635289140     
 -2.000000000000002E-003   31.8001328052458     
 -1.000000000000001E-003   36.4654867218233     
  0.000000000000000E+000   27.0642285778936     
  1.000000000000001E-003   26.4729943886689     
  1.999999999999998E-003   20.0792084872051     
  2.999999999999999E-003   12.5807942257412     
  4.000000000000000E-003   2.38068056574905     
  4.999999999999998E-003   1.02879210479040     
  5.999999999999998E-003   1.19824857583736     
  6.999999999999999E-003  0.940649048987470     
  8.000000000000000E-003  0.639605296412729     
  9.000000000000001E-003   1.02557012051774     
  1.000000000000000E-002  0.580444764712524     
  1.100000000000000E-002   2.00410204817545     
  1.200000000000000E-002   1.98787659641916     
  1.300000000000000E-002   2.02333357437879     
  1.400000000000000E-002   1.55567143097791     
  1.500000000000000E-002   1.22801408365843     
  1.600000000000000E-002  0.193255959122007     
  1.700000000000000E-002  0.000000000000000E+000
  1.800000000000000E-002  0.000000000000000E+000
  1.900000000000000E-002  0.000000000000000E+000
  2.000000000000000E-002  0.000000000000000E+000
  2.100000000000000E-002  0.000000000000000E+000
  2.200000000000000E-002  0.000000000000000E+000
  2.300000000000000E-002  0.000000000000000E+000
  2.400000000000000E-002  0.000000000000000E+000
  2.500000000000000E-002  0.000000000000000E+000
