 -2.500000000000000E-002  0.000000000000000E+000
 -2.400000000000000E-002  0.000000000000000E+000
 -2.300000000000000E-002  0.000000000000000E+000
 -2.200000000000000E-002  0.000000000000000E+000
 -2.100000000000000E-002  0.000000000000000E+000
 -2.000000000000000E-002  0.000000000000000E+000
 -1.900000000000000E-002  0.000000000000000E+000
 -1.800000000000000E-002  0.000000000000000E+000
 -1.700000000000000E-002  0.000000000000000E+000
 -1.600000000000000E-002  0.000000000000000E+000
 -1.500000000000000E-002  0.000000000000000E+000
 -1.400000000000000E-002  0.000000000000000E+000
 -1.300000000000000E-002  0.000000000000000E+000
 -1.200000000000000E-002  0.000000000000000E+000
 -1.100000000000000E-002  0.000000000000000E+000
 -1.000000000000000E-002  0.000000000000000E+000
 -9.000000000000001E-003  0.000000000000000E+000
 -8.000000000000000E-003  3.374789844444693E-002
 -6.999999999999999E-003   1.76642221520903     
 -6.000000000000002E-003   7.21812105690971     
 -5.000000000000001E-003   8.29193971401972     
 -4.000000000000000E-003   14.2302929644732     
 -3.000000000000003E-003   19.2629783214849     
 -2.000000000000002E-003   20.0984836780023     
 -1.000000000000001E-003   14.5290206476628     
  0.000000000000000E+000   10.8638823152797     
  1.000000000000001E-003   14.5624197023486     
  1.999999999999998E-003   8.59446003146886     
  2.999999999999999E-003   2.95739813505112     
  4.000000000000000E-003   3.36432840549344     
  4.999999999999998E-003   1.87372324817811     
  5.999999999999998E-003   3.94956592180418     
  6.999999999999999E-003   2.46777989799087     
  8.000000000000000E-003   1.75902399272210     
  9.000000000000001E-003   2.28660682745206     
  1.000000000000000E-002   1.57584301798003     
  1.100000000000000E-002   3.79187957647033     
  1.200000000000000E-002   4.97087666124960     
  1.300000000000000E-002  0.730375770304837     
  1.400000000000000E-002  0.000000000000000E+000
  1.500000000000000E-002  0.000000000000000E+000
  1.600000000000000E-002  0.000000000000000E+000
  1.700000000000000E-002  0.000000000000000E+000
  1.800000000000000E-002  0.000000000000000E+000
  1.900000000000000E-002  0.000000000000000E+000
  2.000000000000000E-002  0.000000000000000E+000
  2.100000000000000E-002  0.000000000000000E+000
  2.200000000000000E-002  0.000000000000000E+000
  2.300000000000000E-002  0.000000000000000E+000
  2.400000000000000E-002  0.000000000000000E+000
  2.500000000000000E-002  0.000000000000000E+000
