 -2.500000000000000E-002  0.000000000000000E+000
 -2.400000000000000E-002  0.000000000000000E+000
 -2.300000000000000E-002  0.000000000000000E+000
 -2.200000000000000E-002  0.000000000000000E+000
 -2.100000000000000E-002  0.000000000000000E+000
 -2.000000000000000E-002  0.000000000000000E+000
 -1.900000000000000E-002  0.000000000000000E+000
 -1.800000000000000E-002  0.000000000000000E+000
 -1.700000000000000E-002  0.000000000000000E+000
 -1.600000000000000E-002  0.000000000000000E+000
 -1.500000000000000E-002  0.000000000000000E+000
 -1.400000000000000E-002  0.832637597017632     
 -1.300000000000000E-002   3.99728643404052     
 -1.200000000000000E-002   3.89022690691107     
 -1.100000000000000E-002   3.72286721670267     
 -1.000000000000000E-002   4.17928805846438     
 -9.000000000000001E-003   4.04604697382239     
 -8.000000000000000E-003   5.51617818297067     
 -6.999999999999999E-003   4.31155226155420     
 -6.000000000000002E-003   4.51202953962691     
 -5.000000000000001E-003   8.79116007972194     
 -4.000000000000000E-003   10.6144962095117     
 -3.000000000000003E-003   9.63055351204480     
 -2.000000000000002E-003   7.54943759810632     
 -1.000000000000001E-003   9.11619558993666     
  0.000000000000000E+000   6.96696555909991     
  1.000000000000001E-003   6.95419798161032     
  1.999999999999998E-003   6.28212335935112     
  2.999999999999999E-003   6.90524584963291     
  4.000000000000000E-003   7.35546515425791     
  4.999999999999998E-003   5.79765405931370     
  5.999999999999998E-003   5.83703374412626     
  6.999999999999999E-003   9.05446903098516     
  8.000000000000000E-003   13.9334445157214     
  9.000000000000001E-003   9.04688399280592     
  1.000000000000000E-002   5.72002348115805     
  1.100000000000000E-002   1.41556818624095     
  1.200000000000000E-002  7.218892526458325E-002
  1.300000000000000E-002  0.000000000000000E+000
  1.400000000000000E-002  0.000000000000000E+000
  1.500000000000000E-002  0.000000000000000E+000
  1.600000000000000E-002  0.000000000000000E+000
  1.700000000000000E-002  0.000000000000000E+000
  1.800000000000000E-002  0.000000000000000E+000
  1.900000000000000E-002  0.000000000000000E+000
  2.000000000000000E-002  0.000000000000000E+000
  2.100000000000000E-002  0.000000000000000E+000
  2.200000000000000E-002  0.000000000000000E+000
  2.300000000000000E-002  0.000000000000000E+000
  2.400000000000000E-002  0.000000000000000E+000
  2.500000000000000E-002  0.000000000000000E+000
