 -2.500000000000000E-002  0.000000000000000E+000
 -2.400000000000000E-002  0.000000000000000E+000
 -2.300000000000000E-002  0.000000000000000E+000
 -2.200000000000000E-002  0.000000000000000E+000
 -2.100000000000000E-002  0.000000000000000E+000
 -2.000000000000000E-002  0.000000000000000E+000
 -1.900000000000000E-002  0.000000000000000E+000
 -1.800000000000000E-002  0.000000000000000E+000
 -1.700000000000000E-002  0.000000000000000E+000
 -1.600000000000000E-002  0.523236928820788     
 -1.500000000000000E-002   1.22253165674708     
 -1.400000000000000E-002   1.04135141443213     
 -1.300000000000000E-002  0.497022014434052     
 -1.200000000000000E-002  0.682817727570650     
 -1.100000000000000E-002   1.01504371430966     
 -1.000000000000000E-002   1.18405489387937     
 -9.000000000000001E-003  0.763246351234593     
 -8.000000000000000E-003   1.00267681593441     
 -6.999999999999999E-003   1.04537797498466     
 -6.000000000000002E-003   1.96680168654948     
 -5.000000000000001E-003   5.74479233707608     
 -4.000000000000000E-003   16.0532188510544     
 -3.000000000000003E-003   20.0146657586052     
 -2.000000000000002E-003   15.8457275737099     
 -1.000000000000001E-003   14.6731956736902     
  0.000000000000000E+000   9.51718697478555     
  1.000000000000001E-003   10.8682653302869     
  1.999999999999998E-003   5.67341009951542     
  2.999999999999999E-003   2.87768702747806     
  4.000000000000000E-003   1.88854817826041     
  4.999999999999998E-003   2.27462299165483     
  5.999999999999998E-003   1.63698065430585     
  6.999999999999999E-003   1.43327201954579     
  8.000000000000000E-003   1.87385551256358     
  9.000000000000001E-003   2.85690701849315     
  1.000000000000000E-002   4.46985479638306     
  1.100000000000000E-002   2.60399181537960     
  1.200000000000000E-002   3.20592901257330     
  1.300000000000000E-002   3.74402219671096     
  1.400000000000000E-002   2.10619858633634     
  1.500000000000000E-002  0.624406412694603     
  1.600000000000000E-002  0.000000000000000E+000
  1.700000000000000E-002  0.000000000000000E+000
  1.800000000000000E-002  0.000000000000000E+000
  1.900000000000000E-002  0.000000000000000E+000
  2.000000000000000E-002  0.000000000000000E+000
  2.100000000000000E-002  0.000000000000000E+000
  2.200000000000000E-002  0.000000000000000E+000
  2.300000000000000E-002  0.000000000000000E+000
  2.400000000000000E-002  0.000000000000000E+000
  2.500000000000000E-002  0.000000000000000E+000
