 -2.500000000000000E-002  0.000000000000000E+000
 -2.400000000000000E-002  0.000000000000000E+000
 -2.300000000000000E-002  0.000000000000000E+000
 -2.200000000000000E-002  0.000000000000000E+000
 -2.100000000000000E-002  0.000000000000000E+000
 -2.000000000000000E-002  0.000000000000000E+000
 -1.900000000000000E-002  0.000000000000000E+000
 -1.800000000000000E-002  0.000000000000000E+000
 -1.700000000000000E-002  0.000000000000000E+000
 -1.600000000000000E-002  0.000000000000000E+000
 -1.500000000000000E-002  0.000000000000000E+000
 -1.400000000000000E-002  0.000000000000000E+000
 -1.300000000000000E-002  0.000000000000000E+000
 -1.200000000000000E-002  0.000000000000000E+000
 -1.100000000000000E-002  0.000000000000000E+000
 -1.000000000000000E-002  0.000000000000000E+000
 -9.000000000000001E-003  0.000000000000000E+000
 -8.000000000000000E-003  0.000000000000000E+000
 -6.999999999999999E-003  0.873454912541903     
 -6.000000000000002E-003   6.38873277795654     
 -5.000000000000001E-003   10.1618886580082     
 -4.000000000000000E-003   15.5967183917790     
 -3.000000000000003E-003   15.5056002618451     
 -2.000000000000002E-003   14.4619614792843     
 -1.000000000000001E-003   10.1899307303225     
  0.000000000000000E+000   10.6336512167669     
  1.000000000000001E-003   8.91164943818826     
  1.999999999999998E-003   5.90255710920196     
  2.999999999999999E-003   1.45342312924978     
  4.000000000000000E-003   1.00986752121982     
  4.999999999999998E-003   1.41508080005150     
  5.999999999999998E-003   1.15560867204631     
  6.999999999999999E-003   1.58000850866604     
  8.000000000000000E-003   1.48446195474787     
  9.000000000000001E-003   2.56261944525233     
  1.000000000000000E-002   4.49123970542513     
  1.100000000000000E-002   4.04079464768695     
  1.200000000000000E-002   3.07489557989512     
  1.300000000000000E-002   1.75375932434265     
  1.400000000000000E-002  0.222215735521677     
  1.500000000000000E-002  0.000000000000000E+000
  1.600000000000000E-002  0.000000000000000E+000
  1.700000000000000E-002  0.000000000000000E+000
  1.800000000000000E-002  0.000000000000000E+000
  1.900000000000000E-002  0.000000000000000E+000
  2.000000000000000E-002  0.000000000000000E+000
  2.100000000000000E-002  0.000000000000000E+000
  2.200000000000000E-002  0.000000000000000E+000
  2.300000000000000E-002  0.000000000000000E+000
  2.400000000000000E-002  0.000000000000000E+000
  2.500000000000000E-002  0.000000000000000E+000
