 -2.500000000000000E-002  0.000000000000000E+000
 -2.400000000000000E-002  0.000000000000000E+000
 -2.300000000000000E-002  0.000000000000000E+000
 -2.200000000000000E-002  0.000000000000000E+000
 -2.100000000000000E-002  0.000000000000000E+000
 -2.000000000000000E-002  0.436774174930875     
 -1.900000000000000E-002  0.800212005624183     
 -1.800000000000000E-002   2.06943188964998     
 -1.700000000000000E-002  0.837234524298738     
 -1.600000000000000E-002   2.05054424398125     
 -1.500000000000000E-002   2.07868900980983     
 -1.400000000000000E-002   2.11340533021421     
 -1.300000000000000E-002   1.42144975153232     
 -1.200000000000000E-002   1.00944715132518     
 -1.100000000000000E-002   1.03179425891435     
 -1.000000000000000E-002   1.97809039591177     
 -9.000000000000001E-003   3.72246580515513     
 -8.000000000000000E-003   5.11129219201398     
 -6.999999999999999E-003   3.77103171323730     
 -6.000000000000002E-003   4.63929589441173     
 -5.000000000000001E-003   5.56004681337204     
 -4.000000000000000E-003   8.16323117596109     
 -3.000000000000003E-003   10.7125121968758     
 -2.000000000000002E-003   9.66925042456398     
 -1.000000000000001E-003   7.89446183104877     
  0.000000000000000E+000   5.64396679055887     
  1.000000000000001E-003   4.24175302891811     
  1.999999999999998E-003   9.20588881888416     
  2.999999999999999E-003   4.83817998978361     
  4.000000000000000E-003   5.75642505383698     
  4.999999999999998E-003   6.31961029828592     
  5.999999999999998E-003   2.36215623349686     
  6.999999999999999E-003   7.41337618120832     
  8.000000000000000E-003   7.86133695971332     
  9.000000000000001E-003   7.97194261000810     
  1.000000000000000E-002   8.47160878248483     
  1.100000000000000E-002   5.21994105881443     
  1.200000000000000E-002   2.38061175914977     
  1.300000000000000E-002   1.15687456557224     
  1.400000000000000E-002  0.134417086451984     
  1.500000000000000E-002  0.000000000000000E+000
  1.600000000000000E-002  0.000000000000000E+000
  1.700000000000000E-002  0.000000000000000E+000
  1.800000000000000E-002  0.000000000000000E+000
  1.900000000000000E-002  0.000000000000000E+000
  2.000000000000000E-002  0.000000000000000E+000
  2.100000000000000E-002  0.000000000000000E+000
  2.200000000000000E-002  0.000000000000000E+000
  2.300000000000000E-002  0.000000000000000E+000
  2.400000000000000E-002  0.000000000000000E+000
  2.500000000000000E-002  0.000000000000000E+000
