 -2.500000000000000E-002  0.000000000000000E+000
 -2.400000000000000E-002  0.000000000000000E+000
 -2.300000000000000E-002  0.000000000000000E+000
 -2.200000000000000E-002  0.000000000000000E+000
 -2.100000000000000E-002  0.000000000000000E+000
 -2.000000000000000E-002  0.000000000000000E+000
 -1.900000000000000E-002  0.000000000000000E+000
 -1.800000000000000E-002  0.000000000000000E+000
 -1.700000000000000E-002  0.000000000000000E+000
 -1.600000000000000E-002  0.171306849895497     
 -1.500000000000000E-002   1.02252340754201     
 -1.400000000000000E-002   1.15266906774665     
 -1.300000000000000E-002   1.11208007762488     
 -1.200000000000000E-002   1.16943638421230     
 -1.100000000000000E-002  0.757946712307632     
 -1.000000000000000E-002  0.878891215254093     
 -9.000000000000001E-003   1.17734777698197     
 -8.000000000000000E-003   1.80569628995091     
 -6.999999999999999E-003   6.38355190669255     
 -6.000000000000002E-003   18.4294112722387     
 -5.000000000000001E-003   21.0084008165186     
 -4.000000000000000E-003   16.3938925690889     
 -3.000000000000003E-003   13.9842500681877     
 -2.000000000000002E-003   10.4510704452459     
 -1.000000000000001E-003   10.9856019523501     
  0.000000000000000E+000   13.0841081433535     
  1.000000000000001E-003   11.0194197038373     
  1.999999999999998E-003   21.7962844905952     
  2.999999999999999E-003   19.9921688277465     
  4.000000000000000E-003   24.4400414540010     
  4.999999999999998E-003   21.4044709741929     
  5.999999999999998E-003   16.9987805956913     
  6.999999999999999E-003   4.45896269194558     
  8.000000000000000E-003  0.905071274502030     
  9.000000000000001E-003   1.49344953962738     
  1.000000000000000E-002  0.893735349880248     
  1.100000000000000E-002  0.874858942528543     
  1.200000000000000E-002  0.673709026635337     
  1.300000000000000E-002  7.664217362466753E-002
  1.400000000000000E-002  0.000000000000000E+000
  1.500000000000000E-002  0.000000000000000E+000
  1.600000000000000E-002  0.000000000000000E+000
  1.700000000000000E-002  0.000000000000000E+000
  1.800000000000000E-002  0.000000000000000E+000
  1.900000000000000E-002  0.000000000000000E+000
  2.000000000000000E-002  0.000000000000000E+000
  2.100000000000000E-002  0.000000000000000E+000
  2.200000000000000E-002  0.000000000000000E+000
  2.300000000000000E-002  0.000000000000000E+000
  2.400000000000000E-002  0.000000000000000E+000
  2.500000000000000E-002  0.000000000000000E+000
