 -2.500000000000000E-002  0.000000000000000E+000
 -2.400000000000000E-002  0.000000000000000E+000
 -2.300000000000000E-002  0.000000000000000E+000
 -2.200000000000000E-002  0.000000000000000E+000
 -2.100000000000000E-002  0.000000000000000E+000
 -2.000000000000000E-002  0.000000000000000E+000
 -1.900000000000000E-002  0.000000000000000E+000
 -1.800000000000000E-002  0.000000000000000E+000
 -1.700000000000000E-002  0.000000000000000E+000
 -1.600000000000000E-002  0.000000000000000E+000
 -1.500000000000000E-002  0.000000000000000E+000
 -1.400000000000000E-002  0.000000000000000E+000
 -1.300000000000000E-002  0.000000000000000E+000
 -1.200000000000000E-002  0.000000000000000E+000
 -1.100000000000000E-002  0.000000000000000E+000
 -1.000000000000000E-002  0.000000000000000E+000
 -9.000000000000001E-003  0.000000000000000E+000
 -8.000000000000000E-003  6.393756142628054E-002
 -6.999999999999999E-003   2.74188770612660     
 -6.000000000000002E-003   9.13057583096190     
 -5.000000000000001E-003   15.6639318105449     
 -4.000000000000000E-003   19.0641373148154     
 -3.000000000000003E-003   22.4906226464663     
 -2.000000000000002E-003   16.3678089408936     
 -1.000000000000001E-003   11.6203291594920     
  0.000000000000000E+000   9.26780658506940     
  1.000000000000001E-003   4.62329499872861     
  1.999999999999998E-003   1.41267001531224     
  2.999999999999999E-003   1.73191038525216     
  4.000000000000000E-003   2.48536069115624     
  4.999999999999998E-003   1.46826970921126     
  5.999999999999998E-003  0.918508571337856     
  6.999999999999999E-003   2.11941046208377     
  8.000000000000000E-003   1.61483753725727     
  9.000000000000001E-003   2.60698306475421     
  1.000000000000000E-002   2.87937368528661     
  1.100000000000000E-002   4.21121064544253     
  1.200000000000000E-002   7.24312053793307     
  1.300000000000000E-002   3.59046619534478     
  1.400000000000000E-002   2.17775397508453     
  1.500000000000000E-002  0.849161970018499     
  1.600000000000000E-002  0.000000000000000E+000
  1.700000000000000E-002  0.000000000000000E+000
  1.800000000000000E-002  0.000000000000000E+000
  1.900000000000000E-002  0.000000000000000E+000
  2.000000000000000E-002  0.000000000000000E+000
  2.100000000000000E-002  0.000000000000000E+000
  2.200000000000000E-002  0.000000000000000E+000
  2.300000000000000E-002  0.000000000000000E+000
  2.400000000000000E-002  0.000000000000000E+000
  2.500000000000000E-002  0.000000000000000E+000
