 -2.500000000000000E-002  0.000000000000000E+000
 -2.400000000000000E-002  0.000000000000000E+000
 -2.300000000000000E-002  0.000000000000000E+000
 -2.200000000000000E-002  0.000000000000000E+000
 -2.100000000000000E-002  0.000000000000000E+000
 -2.000000000000000E-002  0.000000000000000E+000
 -1.900000000000000E-002  0.000000000000000E+000
 -1.800000000000000E-002  0.000000000000000E+000
 -1.700000000000000E-002  0.000000000000000E+000
 -1.600000000000000E-002  0.000000000000000E+000
 -1.500000000000000E-002  0.000000000000000E+000
 -1.400000000000000E-002  0.000000000000000E+000
 -1.300000000000000E-002  0.000000000000000E+000
 -1.200000000000000E-002  0.000000000000000E+000
 -1.100000000000000E-002  0.000000000000000E+000
 -1.000000000000000E-002  0.000000000000000E+000
 -9.000000000000001E-003  0.000000000000000E+000
 -8.000000000000000E-003  0.249735313132672     
 -6.999999999999999E-003   2.52142456780650     
 -6.000000000000002E-003   4.96965831546160     
 -5.000000000000001E-003   9.10682935865765     
 -4.000000000000000E-003   12.0934203059630     
 -3.000000000000003E-003   26.3912353417164     
 -2.000000000000002E-003   49.9872216668034     
 -1.000000000000001E-003   54.2592195221509     
  0.000000000000000E+000   39.0686570664921     
  1.000000000000001E-003   30.0455433356808     
  1.999999999999998E-003   21.0287239019598     
  2.999999999999999E-003   13.8613796310409     
  4.000000000000000E-003   3.42518539907883     
  4.999999999999998E-003   1.60574038431232     
  5.999999999999998E-003   2.31736756521584     
  6.999999999999999E-003   3.48912820530568     
  8.000000000000000E-003   2.42355704917930     
  9.000000000000001E-003   3.32011925906851     
  1.000000000000000E-002   2.09443942806761     
  1.100000000000000E-002   4.23917547201827     
  1.200000000000000E-002   4.45253515877684     
  1.300000000000000E-002   1.85619952149896     
  1.400000000000000E-002  0.192724230612159     
  1.500000000000000E-002  0.000000000000000E+000
  1.600000000000000E-002  0.000000000000000E+000
  1.700000000000000E-002  0.000000000000000E+000
  1.800000000000000E-002  0.000000000000000E+000
  1.900000000000000E-002  0.000000000000000E+000
  2.000000000000000E-002  0.000000000000000E+000
  2.100000000000000E-002  0.000000000000000E+000
  2.200000000000000E-002  0.000000000000000E+000
  2.300000000000000E-002  0.000000000000000E+000
  2.400000000000000E-002  0.000000000000000E+000
  2.500000000000000E-002  0.000000000000000E+000
