 -2.500000000000000E-002  0.000000000000000E+000
 -2.400000000000000E-002  0.000000000000000E+000
 -2.300000000000000E-002  0.000000000000000E+000
 -2.200000000000000E-002  0.000000000000000E+000
 -2.100000000000000E-002  0.000000000000000E+000
 -2.000000000000000E-002  0.000000000000000E+000
 -1.900000000000000E-002  0.000000000000000E+000
 -1.800000000000000E-002  0.000000000000000E+000
 -1.700000000000000E-002  0.000000000000000E+000
 -1.600000000000000E-002  0.000000000000000E+000
 -1.500000000000000E-002  0.000000000000000E+000
 -1.400000000000000E-002  0.000000000000000E+000
 -1.300000000000000E-002  0.000000000000000E+000
 -1.200000000000000E-002  0.000000000000000E+000
 -1.100000000000000E-002  0.000000000000000E+000
 -1.000000000000000E-002  0.000000000000000E+000
 -9.000000000000001E-003  0.726772672091557     
 -8.000000000000000E-003   7.41522956204108     
 -6.999999999999999E-003   6.87858595085551     
 -6.000000000000002E-003   6.25428230673335     
 -5.000000000000001E-003   7.57881195879331     
 -4.000000000000000E-003   23.8956907866989     
 -3.000000000000003E-003   23.5168802005876     
 -2.000000000000002E-003   21.0086651096371     
 -1.000000000000001E-003   16.1814166199310     
  0.000000000000000E+000   18.9951971655266     
  1.000000000000001E-003   16.2939307304179     
  1.999999999999998E-003   4.83633481044850     
  2.999999999999999E-003  0.416156908160888     
  4.000000000000000E-003  0.558331161054889     
  4.999999999999998E-003   1.36546647727303     
  5.999999999999998E-003   3.40344079937634     
  6.999999999999999E-003   1.31327529621414     
  8.000000000000000E-003   5.38542151956518     
  9.000000000000001E-003   4.21014889933091     
  1.000000000000000E-002   9.43912063034065     
  1.100000000000000E-002   10.3532617982265     
  1.200000000000000E-002   4.39503664074677     
  1.300000000000000E-002  0.428051995948267     
  1.400000000000000E-002  0.000000000000000E+000
  1.500000000000000E-002  0.000000000000000E+000
  1.600000000000000E-002  0.000000000000000E+000
  1.700000000000000E-002  0.000000000000000E+000
  1.800000000000000E-002  0.000000000000000E+000
  1.900000000000000E-002  0.000000000000000E+000
  2.000000000000000E-002  0.000000000000000E+000
  2.100000000000000E-002  0.000000000000000E+000
  2.200000000000000E-002  0.000000000000000E+000
  2.300000000000000E-002  0.000000000000000E+000
  2.400000000000000E-002  0.000000000000000E+000
  2.500000000000000E-002  0.000000000000000E+000
