 -2.500000000000000E-002  0.000000000000000E+000
 -2.400000000000000E-002  0.000000000000000E+000
 -2.300000000000000E-002  0.000000000000000E+000
 -2.200000000000000E-002  0.000000000000000E+000
 -2.100000000000000E-002  0.000000000000000E+000
 -2.000000000000000E-002  0.000000000000000E+000
 -1.900000000000000E-002  0.000000000000000E+000
 -1.800000000000000E-002  0.000000000000000E+000
 -1.700000000000000E-002  0.000000000000000E+000
 -1.600000000000000E-002  0.000000000000000E+000
 -1.500000000000000E-002  0.000000000000000E+000
 -1.400000000000000E-002  0.000000000000000E+000
 -1.300000000000000E-002  0.000000000000000E+000
 -1.200000000000000E-002  0.000000000000000E+000
 -1.100000000000000E-002  8.745884369127938E-002
 -1.000000000000000E-002   2.52005245554517     
 -9.000000000000001E-003   5.31736580936153     
 -8.000000000000000E-003   6.86544048657416     
 -6.999999999999999E-003   5.06241078738333     
 -6.000000000000002E-003   4.77830888537934     
 -5.000000000000001E-003   3.16637265921715     
 -4.000000000000000E-003   4.77869033448827     
 -3.000000000000003E-003   5.77036585778839     
 -2.000000000000002E-003   5.52227755595971     
 -1.000000000000001E-003   5.41249810690234     
  0.000000000000000E+000   6.63179223610930     
  1.000000000000001E-003   6.17290092495067     
  1.999999999999998E-003   6.84696462314105     
  2.999999999999999E-003   2.24239661467195     
  4.000000000000000E-003   1.87994768046582     
  4.999999999999998E-003   1.04046084900845     
  5.999999999999998E-003   2.44551253179972     
  6.999999999999999E-003   2.48021072917682     
  8.000000000000000E-003   4.51990154936119     
  9.000000000000001E-003   4.48822397455994     
  1.000000000000000E-002   4.63446234403735     
  1.100000000000000E-002   3.93279141975226     
  1.200000000000000E-002   1.88363874808867     
  1.300000000000000E-002  3.842399258614636E-002
  1.400000000000000E-002  0.000000000000000E+000
  1.500000000000000E-002  0.000000000000000E+000
  1.600000000000000E-002  0.000000000000000E+000
  1.700000000000000E-002  0.000000000000000E+000
  1.800000000000000E-002  0.000000000000000E+000
  1.900000000000000E-002  0.000000000000000E+000
  2.000000000000000E-002  0.000000000000000E+000
  2.100000000000000E-002  0.000000000000000E+000
  2.200000000000000E-002  0.000000000000000E+000
  2.300000000000000E-002  0.000000000000000E+000
  2.400000000000000E-002  0.000000000000000E+000
  2.500000000000000E-002  0.000000000000000E+000
