 -2.500000000000000E-002  0.000000000000000E+000
 -2.400000000000000E-002  0.000000000000000E+000
 -2.300000000000000E-002  0.000000000000000E+000
 -2.200000000000000E-002  0.000000000000000E+000
 -2.100000000000000E-002  0.000000000000000E+000
 -2.000000000000000E-002  0.000000000000000E+000
 -1.900000000000000E-002  0.000000000000000E+000
 -1.800000000000000E-002  0.000000000000000E+000
 -1.700000000000000E-002  0.000000000000000E+000
 -1.600000000000000E-002  0.000000000000000E+000
 -1.500000000000000E-002  0.000000000000000E+000
 -1.400000000000000E-002  0.000000000000000E+000
 -1.300000000000000E-002  0.000000000000000E+000
 -1.200000000000000E-002  0.000000000000000E+000
 -1.100000000000000E-002  0.000000000000000E+000
 -1.000000000000000E-002  0.000000000000000E+000
 -9.000000000000001E-003  9.335015612832398E-002
 -8.000000000000000E-003   4.49688944224801     
 -6.999999999999999E-003   8.89664844864347     
 -6.000000000000002E-003   9.87397585847506     
 -5.000000000000001E-003   17.6542605783944     
 -4.000000000000000E-003   12.4545701248163     
 -3.000000000000003E-003   13.3503054143857     
 -2.000000000000002E-003   10.2040373800019     
 -1.000000000000001E-003   9.16902256732519     
  0.000000000000000E+000   3.34784250984962     
  1.000000000000001E-003   8.03906394986635     
  1.999999999999998E-003   11.2241275291568     
  2.999999999999999E-003   5.92905681918480     
  4.000000000000000E-003   7.14523053493366     
  4.999999999999998E-003   21.3386589399520     
  5.999999999999998E-003   16.0004806363785     
  6.999999999999999E-003   6.21524932828914     
  8.000000000000000E-003   2.01669061155949     
  9.000000000000001E-003  0.539456807644779     
  1.000000000000000E-002   1.83057564643960     
  1.100000000000000E-002  0.567406716326835     
  1.200000000000000E-002  0.000000000000000E+000
  1.300000000000000E-002  0.000000000000000E+000
  1.400000000000000E-002  0.000000000000000E+000
  1.500000000000000E-002  0.000000000000000E+000
  1.600000000000000E-002  0.000000000000000E+000
  1.700000000000000E-002  0.000000000000000E+000
  1.800000000000000E-002  0.000000000000000E+000
  1.900000000000000E-002  0.000000000000000E+000
  2.000000000000000E-002  0.000000000000000E+000
  2.100000000000000E-002  0.000000000000000E+000
  2.200000000000000E-002  0.000000000000000E+000
  2.300000000000000E-002  0.000000000000000E+000
  2.400000000000000E-002  0.000000000000000E+000
  2.500000000000000E-002  0.000000000000000E+000
