 -2.500000000000000E-002  0.000000000000000E+000
 -2.400000000000000E-002  0.000000000000000E+000
 -2.300000000000000E-002  0.000000000000000E+000
 -2.200000000000000E-002  0.000000000000000E+000
 -2.100000000000000E-002  0.000000000000000E+000
 -2.000000000000000E-002  0.000000000000000E+000
 -1.900000000000000E-002  0.000000000000000E+000
 -1.800000000000000E-002  0.000000000000000E+000
 -1.700000000000000E-002  0.323826177038466     
 -1.600000000000000E-002  0.341473780796566     
 -1.500000000000000E-002  0.638997130219913     
 -1.400000000000000E-002  0.985188292923180     
 -1.300000000000000E-002  0.507599726527870     
 -1.200000000000000E-002  0.924691131128618     
 -1.100000000000000E-002  0.319013218200699     
 -1.000000000000000E-002  0.575121772342232     
 -9.000000000000001E-003   1.59606853046716     
 -8.000000000000000E-003   1.40260962277588     
 -6.999999999999999E-003   2.88847871001959     
 -6.000000000000002E-003   10.6081638695676     
 -5.000000000000001E-003   11.7212181377669     
 -4.000000000000000E-003   13.3971529147305     
 -3.000000000000003E-003   8.46898128477013     
 -2.000000000000002E-003   8.27560504519325     
 -1.000000000000001E-003   9.10709508410367     
  0.000000000000000E+000   10.0193435791001     
  1.000000000000001E-003   7.57000187881612     
  1.999999999999998E-003   4.75378266624609     
  2.999999999999999E-003   8.31581379410712     
  4.000000000000000E-003   8.11075270686363     
  4.999999999999998E-003   9.66612418455485     
  5.999999999999998E-003   10.0032882534644     
  6.999999999999999E-003   7.46289203695094     
  8.000000000000000E-003   4.12584377968349     
  9.000000000000001E-003   1.69346665796040     
  1.000000000000000E-002   2.41191727281726     
  1.100000000000000E-002   2.11167594638827     
  1.200000000000000E-002  3.649281447505165E-002
  1.300000000000000E-002  0.000000000000000E+000
  1.400000000000000E-002  0.000000000000000E+000
  1.500000000000000E-002  0.000000000000000E+000
  1.600000000000000E-002  0.000000000000000E+000
  1.700000000000000E-002  0.000000000000000E+000
  1.800000000000000E-002  0.000000000000000E+000
  1.900000000000000E-002  0.000000000000000E+000
  2.000000000000000E-002  0.000000000000000E+000
  2.100000000000000E-002  0.000000000000000E+000
  2.200000000000000E-002  0.000000000000000E+000
  2.300000000000000E-002  0.000000000000000E+000
  2.400000000000000E-002  0.000000000000000E+000
  2.500000000000000E-002  0.000000000000000E+000
