 -2.500000000000000E-002  0.000000000000000E+000
 -2.400000000000000E-002  0.000000000000000E+000
 -2.300000000000000E-002  0.000000000000000E+000
 -2.200000000000000E-002  0.000000000000000E+000
 -2.100000000000000E-002  0.000000000000000E+000
 -2.000000000000000E-002  0.000000000000000E+000
 -1.900000000000000E-002  0.000000000000000E+000
 -1.800000000000000E-002  0.000000000000000E+000
 -1.700000000000000E-002  0.000000000000000E+000
 -1.600000000000000E-002  0.000000000000000E+000
 -1.500000000000000E-002  0.000000000000000E+000
 -1.400000000000000E-002  0.000000000000000E+000
 -1.300000000000000E-002  0.000000000000000E+000
 -1.200000000000000E-002  0.000000000000000E+000
 -1.100000000000000E-002  0.000000000000000E+000
 -1.000000000000000E-002  0.000000000000000E+000
 -9.000000000000001E-003  0.000000000000000E+000
 -8.000000000000000E-003  0.000000000000000E+000
 -6.999999999999999E-003  0.690348456575040     
 -6.000000000000002E-003   6.68011713162660     
 -5.000000000000001E-003   9.93252207506171     
 -4.000000000000000E-003   13.4136839915526     
 -3.000000000000003E-003   15.9458027678001     
 -2.000000000000002E-003   14.0590708014077     
 -1.000000000000001E-003   9.24716994028605     
  0.000000000000000E+000   8.95746248914755     
  1.000000000000001E-003   12.4268693842945     
  1.999999999999998E-003   5.52646593125529     
  2.999999999999999E-003   1.62271086229480     
  4.000000000000000E-003  0.731662905873747     
  4.999999999999998E-003   1.00101175954443     
  5.999999999999998E-003   1.19537514636313     
  6.999999999999999E-003   1.95432084683105     
  8.000000000000000E-003   1.92136984377169     
  9.000000000000001E-003   1.40271805891939     
  1.000000000000000E-002   4.39138707396636     
  1.100000000000000E-002   4.20659277103097     
  1.200000000000000E-002   3.26938772896310     
  1.300000000000000E-002   1.11851623876994     
  1.400000000000000E-002  0.186373794664321     
  1.500000000000000E-002  0.000000000000000E+000
  1.600000000000000E-002  0.000000000000000E+000
  1.700000000000000E-002  0.000000000000000E+000
  1.800000000000000E-002  0.000000000000000E+000
  1.900000000000000E-002  0.000000000000000E+000
  2.000000000000000E-002  0.000000000000000E+000
  2.100000000000000E-002  0.000000000000000E+000
  2.200000000000000E-002  0.000000000000000E+000
  2.300000000000000E-002  0.000000000000000E+000
  2.400000000000000E-002  0.000000000000000E+000
  2.500000000000000E-002  0.000000000000000E+000
