 -2.500000000000000E-002  0.000000000000000E+000
 -2.400000000000000E-002  0.000000000000000E+000
 -2.300000000000000E-002  0.000000000000000E+000
 -2.200000000000000E-002  0.000000000000000E+000
 -2.100000000000000E-002  0.000000000000000E+000
 -2.000000000000000E-002  0.000000000000000E+000
 -1.900000000000000E-002  0.000000000000000E+000
 -1.800000000000000E-002  0.000000000000000E+000
 -1.700000000000000E-002  0.000000000000000E+000
 -1.600000000000000E-002  0.000000000000000E+000
 -1.500000000000000E-002  0.000000000000000E+000
 -1.400000000000000E-002  0.000000000000000E+000
 -1.300000000000000E-002  0.000000000000000E+000
 -1.200000000000000E-002  0.000000000000000E+000
 -1.100000000000000E-002  0.000000000000000E+000
 -1.000000000000000E-002   1.56805420437820     
 -9.000000000000001E-003   6.08889228965881     
 -8.000000000000000E-003   6.72794141991434     
 -6.999999999999999E-003   9.22281025978978     
 -6.000000000000002E-003   9.91973587550594     
 -5.000000000000001E-003   11.0346779919391     
 -4.000000000000000E-003   9.01388494526626     
 -3.000000000000003E-003   11.2354262678096     
 -2.000000000000002E-003   15.5663844712924     
 -1.000000000000001E-003   16.5231826512879     
  0.000000000000000E+000   12.1492856550838     
  1.000000000000001E-003   9.11715902614179     
  1.999999999999998E-003   5.60956727410764     
  2.999999999999999E-003   5.96112718382218     
  4.000000000000000E-003   10.7640522751812     
  4.999999999999998E-003   18.8863002680796     
  5.999999999999998E-003   13.7891395959809     
  6.999999999999999E-003   6.28219421363845     
  8.000000000000000E-003   6.07682701927245     
  9.000000000000001E-003   5.44098559544400     
  1.000000000000000E-002   2.16804589703531     
  1.100000000000000E-002  2.364561937034568E-002
  1.200000000000000E-002  0.000000000000000E+000
  1.300000000000000E-002  0.000000000000000E+000
  1.400000000000000E-002  0.000000000000000E+000
  1.500000000000000E-002  0.000000000000000E+000
  1.600000000000000E-002  0.000000000000000E+000
  1.700000000000000E-002  0.000000000000000E+000
  1.800000000000000E-002  0.000000000000000E+000
  1.900000000000000E-002  0.000000000000000E+000
  2.000000000000000E-002  0.000000000000000E+000
  2.100000000000000E-002  0.000000000000000E+000
  2.200000000000000E-002  0.000000000000000E+000
  2.300000000000000E-002  0.000000000000000E+000
  2.400000000000000E-002  0.000000000000000E+000
  2.500000000000000E-002  0.000000000000000E+000
