 -2.500000000000000E-002  0.000000000000000E+000
 -2.400000000000000E-002  0.000000000000000E+000
 -2.300000000000000E-002  0.000000000000000E+000
 -2.200000000000000E-002  0.000000000000000E+000
 -2.100000000000000E-002  0.000000000000000E+000
 -2.000000000000000E-002  0.000000000000000E+000
 -1.900000000000000E-002  0.000000000000000E+000
 -1.800000000000000E-002  0.000000000000000E+000
 -1.700000000000000E-002  0.000000000000000E+000
 -1.600000000000000E-002  0.000000000000000E+000
 -1.500000000000000E-002  0.329313269066925     
 -1.400000000000000E-002   2.01481489999221     
 -1.300000000000000E-002   2.57423688432721     
 -1.200000000000000E-002   1.96027996786111     
 -1.100000000000000E-002   2.56766371730616     
 -1.000000000000000E-002   2.24299677003019     
 -9.000000000000001E-003   3.03333388060060     
 -8.000000000000000E-003   5.16206156419412     
 -6.999999999999999E-003   6.27570057115426     
 -6.000000000000002E-003   14.8061859977881     
 -5.000000000000001E-003   13.8503118197403     
 -4.000000000000000E-003   13.8819496727820     
 -3.000000000000003E-003   10.3353512504646     
 -2.000000000000002E-003   9.24535746239117     
 -1.000000000000001E-003   6.24503248414550     
  0.000000000000000E+000   9.01841280148455     
  1.000000000000001E-003   10.8096598064623     
  1.999999999999998E-003   8.53362303654973     
  2.999999999999999E-003   11.7027745942279     
  4.000000000000000E-003   11.8565685980128     
  4.999999999999998E-003   21.2919922970358     
  5.999999999999998E-003   22.0035882996462     
  6.999999999999999E-003   17.5225136856077     
  8.000000000000000E-003   4.75647285982613     
  9.000000000000001E-003  0.774373637576115     
  1.000000000000000E-002  7.573017172643193E-002
  1.100000000000000E-002  0.000000000000000E+000
  1.200000000000000E-002  0.000000000000000E+000
  1.300000000000000E-002  0.000000000000000E+000
  1.400000000000000E-002  0.000000000000000E+000
  1.500000000000000E-002  0.000000000000000E+000
  1.600000000000000E-002  0.000000000000000E+000
  1.700000000000000E-002  0.000000000000000E+000
  1.800000000000000E-002  0.000000000000000E+000
  1.900000000000000E-002  0.000000000000000E+000
  2.000000000000000E-002  0.000000000000000E+000
  2.100000000000000E-002  0.000000000000000E+000
  2.200000000000000E-002  0.000000000000000E+000
  2.300000000000000E-002  0.000000000000000E+000
  2.400000000000000E-002  0.000000000000000E+000
  2.500000000000000E-002  0.000000000000000E+000
