 -2.500000000000000E-002  0.000000000000000E+000
 -2.400000000000000E-002  0.000000000000000E+000
 -2.300000000000000E-002  0.000000000000000E+000
 -2.200000000000000E-002  0.000000000000000E+000
 -2.100000000000000E-002  0.000000000000000E+000
 -2.000000000000000E-002  0.000000000000000E+000
 -1.900000000000000E-002  0.000000000000000E+000
 -1.800000000000000E-002  0.000000000000000E+000
 -1.700000000000000E-002  0.000000000000000E+000
 -1.600000000000000E-002  0.771237169906964     
 -1.500000000000000E-002   2.04820375720347     
 -1.400000000000000E-002   2.46697761304893     
 -1.300000000000000E-002   1.19881583881230     
 -1.200000000000000E-002   1.23438775901470     
 -1.100000000000000E-002   1.75646805658637     
 -1.000000000000000E-002   2.28500815262418     
 -9.000000000000001E-003   1.62149696764409     
 -8.000000000000000E-003   2.92302662700434     
 -6.999999999999999E-003   1.95427365446553     
 -6.000000000000002E-003   8.77179640631673     
 -5.000000000000001E-003   9.64659517747826     
 -4.000000000000000E-003   11.9695321908427     
 -3.000000000000003E-003   11.0115936134250     
 -2.000000000000002E-003   19.0017108367415     
 -1.000000000000001E-003   17.7887849347962     
  0.000000000000000E+000   15.9395925076105     
  1.000000000000001E-003   6.18323539696198     
  1.999999999999998E-003   4.49814838924388     
  2.999999999999999E-003   5.42646113645187     
  4.000000000000000E-003   3.44502886244257     
  4.999999999999998E-003   3.07568245283572     
  5.999999999999998E-003   2.50207231905834     
  6.999999999999999E-003   1.64332554829552     
  8.000000000000000E-003   2.72389903378149     
  9.000000000000001E-003   2.07553047570191     
  1.000000000000000E-002   3.15033614641778     
  1.100000000000000E-002   4.14792046650127     
  1.200000000000000E-002   4.24218266169427     
  1.300000000000000E-002   5.42840733434810     
  1.400000000000000E-002   4.92414384828980     
  1.500000000000000E-002   2.60795107536454     
  1.600000000000000E-002  9.425358908919287E-002
  1.700000000000000E-002  0.000000000000000E+000
  1.800000000000000E-002  0.000000000000000E+000
  1.900000000000000E-002  0.000000000000000E+000
  2.000000000000000E-002  0.000000000000000E+000
  2.100000000000000E-002  0.000000000000000E+000
  2.200000000000000E-002  0.000000000000000E+000
  2.300000000000000E-002  0.000000000000000E+000
  2.400000000000000E-002  0.000000000000000E+000
  2.500000000000000E-002  0.000000000000000E+000
