 -2.500000000000000E-002  0.000000000000000E+000
 -2.400000000000000E-002  0.000000000000000E+000
 -2.300000000000000E-002  0.000000000000000E+000
 -2.200000000000000E-002  0.000000000000000E+000
 -2.100000000000000E-002  0.000000000000000E+000
 -2.000000000000000E-002  0.000000000000000E+000
 -1.900000000000000E-002  0.000000000000000E+000
 -1.800000000000000E-002  0.000000000000000E+000
 -1.700000000000000E-002  0.000000000000000E+000
 -1.600000000000000E-002  0.000000000000000E+000
 -1.500000000000000E-002  0.000000000000000E+000
 -1.400000000000000E-002  0.000000000000000E+000
 -1.300000000000000E-002  0.000000000000000E+000
 -1.200000000000000E-002  0.000000000000000E+000
 -1.100000000000000E-002  0.000000000000000E+000
 -1.000000000000000E-002  0.000000000000000E+000
 -9.000000000000001E-003  0.000000000000000E+000
 -8.000000000000000E-003  0.000000000000000E+000
 -6.999999999999999E-003  9.436843556360952E-003
 -6.000000000000002E-003   4.51243813746711     
 -5.000000000000001E-003   7.20365842987263     
 -4.000000000000000E-003   11.1501170025858     
 -3.000000000000003E-003   24.1153658679009     
 -2.000000000000002E-003   28.1447331269727     
 -1.000000000000001E-003   25.0480373587052     
  0.000000000000000E+000   17.6164252162983     
  1.000000000000001E-003   19.6546914578420     
  1.999999999999998E-003   15.5473811456968     
  2.999999999999999E-003   3.11339208125996     
  4.000000000000000E-003  0.908622507417707     
  4.999999999999998E-003   1.08806292813484     
  5.999999999999998E-003   1.27354455009561     
  6.999999999999999E-003   2.43927953627773     
  8.000000000000000E-003   1.00507304719888     
  9.000000000000001E-003   2.31472875456066     
  1.000000000000000E-002   4.74669616491497     
  1.100000000000000E-002   3.61820982437385     
  1.200000000000000E-002   2.93920628372047     
  1.300000000000000E-002  0.939861588569882     
  1.400000000000000E-002  0.121668146577562     
  1.500000000000000E-002  0.000000000000000E+000
  1.600000000000000E-002  0.000000000000000E+000
  1.700000000000000E-002  0.000000000000000E+000
  1.800000000000000E-002  0.000000000000000E+000
  1.900000000000000E-002  0.000000000000000E+000
  2.000000000000000E-002  0.000000000000000E+000
  2.100000000000000E-002  0.000000000000000E+000
  2.200000000000000E-002  0.000000000000000E+000
  2.300000000000000E-002  0.000000000000000E+000
  2.400000000000000E-002  0.000000000000000E+000
  2.500000000000000E-002  0.000000000000000E+000
