 -2.500000000000000E-002  0.000000000000000E+000
 -2.400000000000000E-002  0.000000000000000E+000
 -2.300000000000000E-002  0.000000000000000E+000
 -2.200000000000000E-002  0.000000000000000E+000
 -2.100000000000000E-002  0.000000000000000E+000
 -2.000000000000000E-002  0.000000000000000E+000
 -1.900000000000000E-002  0.000000000000000E+000
 -1.800000000000000E-002  0.269181365512664     
 -1.700000000000000E-002   1.33980982954492     
 -1.600000000000000E-002  0.157508804942415     
 -1.500000000000000E-002  0.807179103896682     
 -1.400000000000000E-002   1.64149436585723     
 -1.300000000000000E-002  0.987349657318247     
 -1.200000000000000E-002  0.352116872927839     
 -1.100000000000000E-002  0.257316143304434     
 -1.000000000000000E-002  0.379368694853704     
 -9.000000000000001E-003  0.904068217967058     
 -8.000000000000000E-003  0.860296847634211     
 -6.999999999999999E-003  0.598397901191980     
 -6.000000000000002E-003   1.38928299956014     
 -5.000000000000001E-003   6.58582365772407     
 -4.000000000000000E-003   21.2830023777338     
 -3.000000000000003E-003   44.7165451026487     
 -2.000000000000002E-003   40.7830177754058     
 -1.000000000000001E-003   37.3093474249911     
  0.000000000000000E+000   34.6875278977235     
  1.000000000000001E-003   29.8092372618563     
  1.999999999999998E-003   29.5157435206763     
  2.999999999999999E-003   14.3911868147483     
  4.000000000000000E-003   7.29023479869718     
  4.999999999999998E-003   7.67344352282243     
  5.999999999999998E-003   8.72088522984502     
  6.999999999999999E-003   5.62707575225225     
  8.000000000000000E-003   6.36724666599463     
  9.000000000000001E-003   2.96151191261315     
  1.000000000000000E-002   1.74893886187677     
  1.100000000000000E-002   5.06412932112485     
  1.200000000000000E-002   3.12265068991813     
  1.300000000000000E-002  0.198220606836172     
  1.400000000000000E-002  0.000000000000000E+000
  1.500000000000000E-002  0.000000000000000E+000
  1.600000000000000E-002  0.000000000000000E+000
  1.700000000000000E-002  0.000000000000000E+000
  1.800000000000000E-002  0.000000000000000E+000
  1.900000000000000E-002  0.000000000000000E+000
  2.000000000000000E-002  0.000000000000000E+000
  2.100000000000000E-002  0.000000000000000E+000
  2.200000000000000E-002  0.000000000000000E+000
  2.300000000000000E-002  0.000000000000000E+000
  2.400000000000000E-002  0.000000000000000E+000
  2.500000000000000E-002  0.000000000000000E+000
