 -2.500000000000000E-002  0.000000000000000E+000
 -2.400000000000000E-002  0.000000000000000E+000
 -2.300000000000000E-002  0.000000000000000E+000
 -2.200000000000000E-002  0.000000000000000E+000
 -2.100000000000000E-002  0.000000000000000E+000
 -2.000000000000000E-002  0.000000000000000E+000
 -1.900000000000000E-002  0.000000000000000E+000
 -1.800000000000000E-002  0.000000000000000E+000
 -1.700000000000000E-002  0.000000000000000E+000
 -1.600000000000000E-002  0.000000000000000E+000
 -1.500000000000000E-002  0.000000000000000E+000
 -1.400000000000000E-002  0.000000000000000E+000
 -1.300000000000000E-002  0.000000000000000E+000
 -1.200000000000000E-002  0.000000000000000E+000
 -1.100000000000000E-002  0.000000000000000E+000
 -1.000000000000000E-002  0.000000000000000E+000
 -9.000000000000001E-003  0.000000000000000E+000
 -8.000000000000000E-003  0.000000000000000E+000
 -6.999999999999999E-003  0.334764704576180     
 -6.000000000000002E-003   3.29199216127876     
 -5.000000000000001E-003   9.72064090158927     
 -4.000000000000000E-003   17.8501563051191     
 -3.000000000000003E-003   23.8899734232752     
 -2.000000000000002E-003   20.7498622852607     
 -1.000000000000001E-003   17.7389790166301     
  0.000000000000000E+000   17.0699710740820     
  1.000000000000001E-003   18.5064239773676     
  1.999999999999998E-003   10.1962028272425     
  2.999999999999999E-003   3.90335596213241     
  4.000000000000000E-003   3.76791618267808     
  4.999999999999998E-003   2.22926714028293     
  5.999999999999998E-003   2.12315840217636     
  6.999999999999999E-003   2.35266977718582     
  8.000000000000000E-003   1.53673380505461     
  9.000000000000001E-003   1.90337754817413     
  1.000000000000000E-002   1.89681383722244     
  1.100000000000000E-002   3.00350608778953     
  1.200000000000000E-002   5.76364508400600     
  1.300000000000000E-002   1.01800949687615     
  1.400000000000000E-002  0.000000000000000E+000
  1.500000000000000E-002  0.000000000000000E+000
  1.600000000000000E-002  0.000000000000000E+000
  1.700000000000000E-002  0.000000000000000E+000
  1.800000000000000E-002  0.000000000000000E+000
  1.900000000000000E-002  0.000000000000000E+000
  2.000000000000000E-002  0.000000000000000E+000
  2.100000000000000E-002  0.000000000000000E+000
  2.200000000000000E-002  0.000000000000000E+000
  2.300000000000000E-002  0.000000000000000E+000
  2.400000000000000E-002  0.000000000000000E+000
  2.500000000000000E-002  0.000000000000000E+000
