 -2.500000000000000E-002  0.000000000000000E+000
 -2.400000000000000E-002  0.000000000000000E+000
 -2.300000000000000E-002  0.000000000000000E+000
 -2.200000000000000E-002  0.000000000000000E+000
 -2.100000000000000E-002  0.000000000000000E+000
 -2.000000000000000E-002  0.000000000000000E+000
 -1.900000000000000E-002  0.000000000000000E+000
 -1.800000000000000E-002  0.000000000000000E+000
 -1.700000000000000E-002  0.000000000000000E+000
 -1.600000000000000E-002  0.135637940314730     
 -1.500000000000000E-002  0.588598423630043     
 -1.400000000000000E-002  0.851636356310993     
 -1.300000000000000E-002  0.634766999911086     
 -1.200000000000000E-002  0.497980279833148     
 -1.100000000000000E-002  0.318116844787549     
 -1.000000000000000E-002  0.702061487500714     
 -9.000000000000001E-003   1.39089528946752     
 -8.000000000000000E-003   2.05782265493444     
 -6.999999999999999E-003   8.04129309468571     
 -6.000000000000002E-003   16.4694218380998     
 -5.000000000000001E-003   12.9645729905650     
 -4.000000000000000E-003   11.8999885429956     
 -3.000000000000003E-003   11.3373481766509     
 -2.000000000000002E-003   9.45632323438034     
 -1.000000000000001E-003   10.6109865204484     
  0.000000000000000E+000   10.6382220741891     
  1.000000000000001E-003   14.7925925477004     
  1.999999999999998E-003   14.4782996121813     
  2.999999999999999E-003   15.4915953175230     
  4.000000000000000E-003   7.16225208920525     
  4.999999999999998E-003   3.60483739518775     
  5.999999999999998E-003   2.50142588533753     
  6.999999999999999E-003   2.39949763621690     
  8.000000000000000E-003   4.31756420306715     
  9.000000000000001E-003   5.11224974214277     
  1.000000000000000E-002   2.74806662189289     
  1.100000000000000E-002   5.14982560937984     
  1.200000000000000E-002   3.56843676394683     
  1.300000000000000E-002   1.81119690591387     
  1.400000000000000E-002  0.586686921599484     
  1.500000000000000E-002  0.000000000000000E+000
  1.600000000000000E-002  0.000000000000000E+000
  1.700000000000000E-002  0.000000000000000E+000
  1.800000000000000E-002  0.000000000000000E+000
  1.900000000000000E-002  0.000000000000000E+000
  2.000000000000000E-002  0.000000000000000E+000
  2.100000000000000E-002  0.000000000000000E+000
  2.200000000000000E-002  0.000000000000000E+000
  2.300000000000000E-002  0.000000000000000E+000
  2.400000000000000E-002  0.000000000000000E+000
  2.500000000000000E-002  0.000000000000000E+000
