 -2.500000000000000E-002  0.000000000000000E+000
 -2.400000000000000E-002  0.000000000000000E+000
 -2.300000000000000E-002  0.000000000000000E+000
 -2.200000000000000E-002  0.000000000000000E+000
 -2.100000000000000E-002  0.000000000000000E+000
 -2.000000000000000E-002  0.000000000000000E+000
 -1.900000000000000E-002  0.000000000000000E+000
 -1.800000000000000E-002  0.000000000000000E+000
 -1.700000000000000E-002  0.000000000000000E+000
 -1.600000000000000E-002  0.000000000000000E+000
 -1.500000000000000E-002  0.000000000000000E+000
 -1.400000000000000E-002  0.000000000000000E+000
 -1.300000000000000E-002  0.000000000000000E+000
 -1.200000000000000E-002   2.70865004404191     
 -1.100000000000000E-002   5.04424793914921     
 -1.000000000000000E-002   4.10320484936713     
 -9.000000000000001E-003   2.41817693863694     
 -8.000000000000000E-003   3.42931399667076     
 -6.999999999999999E-003   5.01506110650939     
 -6.000000000000002E-003   8.32397229495412     
 -5.000000000000001E-003   11.2050518637873     
 -4.000000000000000E-003   12.3716041939654     
 -3.000000000000003E-003   14.1055618832262     
 -2.000000000000002E-003   8.90791241185307     
 -1.000000000000001E-003   6.68093755380483     
  0.000000000000000E+000   9.49909166324189     
  1.000000000000001E-003   7.07362768073623     
  1.999999999999998E-003   3.15732409198538     
  2.999999999999999E-003   3.62274437155602     
  4.000000000000000E-003   4.46890296978696     
  4.999999999999998E-003   3.84612911816049     
  5.999999999999998E-003   4.20510059662506     
  6.999999999999999E-003   6.08022124325211     
  8.000000000000000E-003   6.98576663247580     
  9.000000000000001E-003   8.63050340354886     
  1.000000000000000E-002   10.0720248427575     
  1.100000000000000E-002   5.22733368210661     
  1.200000000000000E-002   1.27847462780079     
  1.300000000000000E-002  0.000000000000000E+000
  1.400000000000000E-002  0.000000000000000E+000
  1.500000000000000E-002  0.000000000000000E+000
  1.600000000000000E-002  0.000000000000000E+000
  1.700000000000000E-002  0.000000000000000E+000
  1.800000000000000E-002  0.000000000000000E+000
  1.900000000000000E-002  0.000000000000000E+000
  2.000000000000000E-002  0.000000000000000E+000
  2.100000000000000E-002  0.000000000000000E+000
  2.200000000000000E-002  0.000000000000000E+000
  2.300000000000000E-002  0.000000000000000E+000
  2.400000000000000E-002  0.000000000000000E+000
  2.500000000000000E-002  0.000000000000000E+000
