 -2.500000000000000E-002  0.000000000000000E+000
 -2.400000000000000E-002  0.000000000000000E+000
 -2.300000000000000E-002  0.000000000000000E+000
 -2.200000000000000E-002  0.000000000000000E+000
 -2.100000000000000E-002  0.000000000000000E+000
 -2.000000000000000E-002  0.000000000000000E+000
 -1.900000000000000E-002  0.000000000000000E+000
 -1.800000000000000E-002  0.000000000000000E+000
 -1.700000000000000E-002  0.000000000000000E+000
 -1.600000000000000E-002  0.314175046113148     
 -1.500000000000000E-002  0.919152812883204     
 -1.400000000000000E-002   3.42636863657114     
 -1.300000000000000E-002  0.737903504432512     
 -1.200000000000000E-002   1.30386308568741     
 -1.100000000000000E-002   1.52100987559371     
 -1.000000000000000E-002   2.44122430238587     
 -9.000000000000001E-003   1.66094598142716     
 -8.000000000000000E-003   1.51313858588812     
 -6.999999999999999E-003   1.64648745421581     
 -6.000000000000002E-003   2.40788544798560     
 -5.000000000000001E-003   4.70584475388951     
 -4.000000000000000E-003   13.0984616553292     
 -3.000000000000003E-003   23.6848709656182     
 -2.000000000000002E-003   21.7020672765370     
 -1.000000000000001E-003   16.8973317429760     
  0.000000000000000E+000   10.7914375224363     
  1.000000000000001E-003   7.28622462950704     
  1.999999999999998E-003   4.94260511771329     
  2.999999999999999E-003   2.64168483562683     
  4.000000000000000E-003   2.95592611106128     
  4.999999999999998E-003   2.34742693800267     
  5.999999999999998E-003   2.78505369977997     
  6.999999999999999E-003   1.44887852835756     
  8.000000000000000E-003   1.85047552573406     
  9.000000000000001E-003   1.84622667681957     
  1.000000000000000E-002   2.84444337328256     
  1.100000000000000E-002   2.94484608496537     
  1.200000000000000E-002   3.10705563702070     
  1.300000000000000E-002   4.34526102156312     
  1.400000000000000E-002   4.64553141243308     
  1.500000000000000E-002   3.55108052019149     
  1.600000000000000E-002  0.583041237971534     
  1.700000000000000E-002  0.000000000000000E+000
  1.800000000000000E-002  0.000000000000000E+000
  1.900000000000000E-002  0.000000000000000E+000
  2.000000000000000E-002  0.000000000000000E+000
  2.100000000000000E-002  0.000000000000000E+000
  2.200000000000000E-002  0.000000000000000E+000
  2.300000000000000E-002  0.000000000000000E+000
  2.400000000000000E-002  0.000000000000000E+000
  2.500000000000000E-002  0.000000000000000E+000
