 -2.500000000000000E-002  0.000000000000000E+000
 -2.400000000000000E-002  0.000000000000000E+000
 -2.300000000000000E-002  0.000000000000000E+000
 -2.200000000000000E-002  0.000000000000000E+000
 -2.100000000000000E-002  0.000000000000000E+000
 -2.000000000000000E-002  0.000000000000000E+000
 -1.900000000000000E-002  0.000000000000000E+000
 -1.800000000000000E-002  0.000000000000000E+000
 -1.700000000000000E-002  0.000000000000000E+000
 -1.600000000000000E-002  0.000000000000000E+000
 -1.500000000000000E-002  0.000000000000000E+000
 -1.400000000000000E-002  0.000000000000000E+000
 -1.300000000000000E-002  0.000000000000000E+000
 -1.200000000000000E-002  0.000000000000000E+000
 -1.100000000000000E-002  0.000000000000000E+000
 -1.000000000000000E-002  0.000000000000000E+000
 -9.000000000000001E-003  0.000000000000000E+000
 -8.000000000000000E-003  9.991120765414502E-002
 -6.999999999999999E-003   4.73546579487490     
 -6.000000000000002E-003   11.1139912183326     
 -5.000000000000001E-003   13.1809861400383     
 -4.000000000000000E-003   16.4272500857500     
 -3.000000000000003E-003   16.3843687772640     
 -2.000000000000002E-003   18.2733931219454     
 -1.000000000000001E-003   15.6962769581816     
  0.000000000000000E+000   10.5494766487215     
  1.000000000000001E-003   13.4113678656047     
  1.999999999999998E-003   7.12059976511562     
  2.999999999999999E-003   4.16307170510901     
  4.000000000000000E-003   1.45809248582132     
  4.999999999999998E-003   2.78271017332138     
  5.999999999999998E-003   2.11535265058872     
  6.999999999999999E-003   2.80835796376250     
  8.000000000000000E-003   2.24086585772884     
  9.000000000000001E-003   4.08244045579022     
  1.000000000000000E-002   2.81473804653212     
  1.100000000000000E-002   2.78267039832107     
  1.200000000000000E-002   3.42792172482985     
  1.300000000000000E-002   1.64659500144180     
  1.400000000000000E-002   2.20908167767505     
  1.500000000000000E-002   2.10512034368334     
  1.600000000000000E-002  0.186413931911964     
  1.700000000000000E-002  0.000000000000000E+000
  1.800000000000000E-002  0.000000000000000E+000
  1.900000000000000E-002  0.000000000000000E+000
  2.000000000000000E-002  0.000000000000000E+000
  2.100000000000000E-002  0.000000000000000E+000
  2.200000000000000E-002  0.000000000000000E+000
  2.300000000000000E-002  0.000000000000000E+000
  2.400000000000000E-002  0.000000000000000E+000
  2.500000000000000E-002  0.000000000000000E+000
