 -2.500000000000000E-002  0.000000000000000E+000
 -2.400000000000000E-002  0.000000000000000E+000
 -2.300000000000000E-002  0.000000000000000E+000
 -2.200000000000000E-002  0.000000000000000E+000
 -2.100000000000000E-002  0.000000000000000E+000
 -2.000000000000000E-002  0.000000000000000E+000
 -1.900000000000000E-002  0.000000000000000E+000
 -1.800000000000000E-002  0.000000000000000E+000
 -1.700000000000000E-002  0.000000000000000E+000
 -1.600000000000000E-002  0.000000000000000E+000
 -1.500000000000000E-002  0.000000000000000E+000
 -1.400000000000000E-002  0.000000000000000E+000
 -1.300000000000000E-002  0.000000000000000E+000
 -1.200000000000000E-002  0.000000000000000E+000
 -1.100000000000000E-002  0.000000000000000E+000
 -1.000000000000000E-002  0.000000000000000E+000
 -9.000000000000001E-003  0.000000000000000E+000
 -8.000000000000000E-003  0.150065149818332     
 -6.999999999999999E-003   1.68751193732319     
 -6.000000000000002E-003   5.63108603817334     
 -5.000000000000001E-003   12.2913263521623     
 -4.000000000000000E-003   20.0272147233484     
 -3.000000000000003E-003   17.7616318174628     
 -2.000000000000002E-003   12.6650171103615     
 -1.000000000000001E-003   8.76642190328967     
  0.000000000000000E+000   5.10857358193762     
  1.000000000000001E-003   2.83539429191583     
  1.999999999999998E-003   2.87399068068819     
  2.999999999999999E-003   1.58079017214932     
  4.000000000000000E-003   2.64259083052211     
  4.999999999999998E-003   2.53342945678866     
  5.999999999999998E-003   1.40471270856926     
  6.999999999999999E-003   1.75070245452508     
  8.000000000000000E-003   1.58410827319759     
  9.000000000000001E-003   2.98458309817712     
  1.000000000000000E-002   3.54199912762596     
  1.100000000000000E-002   4.05567569001752     
  1.200000000000000E-002   4.29147508547956     
  1.300000000000000E-002   3.06426779679670     
  1.400000000000000E-002  0.326461719669874     
  1.500000000000000E-002  0.000000000000000E+000
  1.600000000000000E-002  0.000000000000000E+000
  1.700000000000000E-002  0.000000000000000E+000
  1.800000000000000E-002  0.000000000000000E+000
  1.900000000000000E-002  0.000000000000000E+000
  2.000000000000000E-002  0.000000000000000E+000
  2.100000000000000E-002  0.000000000000000E+000
  2.200000000000000E-002  0.000000000000000E+000
  2.300000000000000E-002  0.000000000000000E+000
  2.400000000000000E-002  0.000000000000000E+000
  2.500000000000000E-002  0.000000000000000E+000
