 -2.500000000000000E-002  0.000000000000000E+000
 -2.400000000000000E-002  0.000000000000000E+000
 -2.300000000000000E-002  0.000000000000000E+000
 -2.200000000000000E-002  0.000000000000000E+000
 -2.100000000000000E-002  0.000000000000000E+000
 -2.000000000000000E-002  0.000000000000000E+000
 -1.900000000000000E-002  0.000000000000000E+000
 -1.800000000000000E-002  0.000000000000000E+000
 -1.700000000000000E-002  0.000000000000000E+000
 -1.600000000000000E-002  0.193816142942226     
 -1.500000000000000E-002   1.05848098653041     
 -1.400000000000000E-002   2.76173202986582     
 -1.300000000000000E-002   1.22797867054452     
 -1.200000000000000E-002  0.929664551327872     
 -1.100000000000000E-002   1.19799452745425     
 -1.000000000000000E-002   2.63548927142890     
 -9.000000000000001E-003   2.12739269068245     
 -8.000000000000000E-003   1.68509246412211     
 -6.999999999999999E-003   1.77495657059457     
 -6.000000000000002E-003   1.73306623778303     
 -5.000000000000001E-003   5.14961924074838     
 -4.000000000000000E-003   10.5605001635037     
 -3.000000000000003E-003   12.6286354796874     
 -2.000000000000002E-003   13.7288199773480     
 -1.000000000000001E-003   9.66553217163981     
  0.000000000000000E+000   9.30312386871152     
  1.000000000000001E-003   15.2294956570482     
  1.999999999999998E-003   9.17327515367810     
  2.999999999999999E-003   2.80139037008999     
  4.000000000000000E-003   2.05634829787466     
  4.999999999999998E-003   1.39235473892669     
  5.999999999999998E-003   2.60025136482188     
  6.999999999999999E-003   1.12408176269304     
  8.000000000000000E-003   1.10708461287143     
  9.000000000000001E-003   3.44588160156699     
  1.000000000000000E-002   4.09553256699253     
  1.100000000000000E-002   1.41955475778003     
  1.200000000000000E-002   3.65630639719348     
  1.300000000000000E-002   3.64569608654852     
  1.400000000000000E-002   2.45906456569919     
  1.500000000000000E-002   1.01649416043843     
  1.600000000000000E-002  9.689286086180782E-002
  1.700000000000000E-002  0.000000000000000E+000
  1.800000000000000E-002  0.000000000000000E+000
  1.900000000000000E-002  0.000000000000000E+000
  2.000000000000000E-002  0.000000000000000E+000
  2.100000000000000E-002  0.000000000000000E+000
  2.200000000000000E-002  0.000000000000000E+000
  2.300000000000000E-002  0.000000000000000E+000
  2.400000000000000E-002  0.000000000000000E+000
  2.500000000000000E-002  0.000000000000000E+000
