 -2.500000000000000E-002  0.000000000000000E+000
 -2.400000000000000E-002  0.000000000000000E+000
 -2.300000000000000E-002  0.000000000000000E+000
 -2.200000000000000E-002  0.000000000000000E+000
 -2.100000000000000E-002  0.000000000000000E+000
 -2.000000000000000E-002  2.193230161719541E-002
 -1.900000000000000E-002   1.19194617427367     
 -1.800000000000000E-002   1.84432524897052     
 -1.700000000000000E-002   1.25109265040216     
 -1.600000000000000E-002   2.25571596097481     
 -1.500000000000000E-002   2.88508570483985     
 -1.400000000000000E-002   1.49308407786086     
 -1.300000000000000E-002  0.559437162751656     
 -1.200000000000000E-002  0.877174668709954     
 -1.100000000000000E-002   2.37349188492757     
 -1.000000000000000E-002   2.32699265814988     
 -9.000000000000001E-003   2.75857961552863     
 -8.000000000000000E-003   5.07629498859534     
 -6.999999999999999E-003   5.53239547429847     
 -6.000000000000002E-003   6.09544191938442     
 -5.000000000000001E-003   7.66307998627072     
 -4.000000000000000E-003   7.51223924852475     
 -3.000000000000003E-003   7.87146179059827     
 -2.000000000000002E-003   5.53234899236751     
 -1.000000000000001E-003   5.00599978767670     
  0.000000000000000E+000   3.59187684829617     
  1.000000000000001E-003   5.86631387756417     
  1.999999999999998E-003   9.00206782865793     
  2.999999999999999E-003   6.75225812454083     
  4.000000000000000E-003   5.11837609043477     
  4.999999999999998E-003   4.14401096017162     
  5.999999999999998E-003   7.00534978232671     
  6.999999999999999E-003   8.53412252471734     
  8.000000000000000E-003   8.50701010420340     
  9.000000000000001E-003   7.63886049620731     
  1.000000000000000E-002   9.14857161386207     
  1.100000000000000E-002   5.16579891779052     
  1.200000000000000E-002   1.12972373506855     
  1.300000000000000E-002  0.624248799435699     
  1.400000000000000E-002  0.000000000000000E+000
  1.500000000000000E-002  0.000000000000000E+000
  1.600000000000000E-002  0.000000000000000E+000
  1.700000000000000E-002  0.000000000000000E+000
  1.800000000000000E-002  0.000000000000000E+000
  1.900000000000000E-002  0.000000000000000E+000
  2.000000000000000E-002  0.000000000000000E+000
  2.100000000000000E-002  0.000000000000000E+000
  2.200000000000000E-002  0.000000000000000E+000
  2.300000000000000E-002  0.000000000000000E+000
  2.400000000000000E-002  0.000000000000000E+000
  2.500000000000000E-002  0.000000000000000E+000
