 -2.500000000000000E-002  0.000000000000000E+000
 -2.400000000000000E-002  0.000000000000000E+000
 -2.300000000000000E-002  0.000000000000000E+000
 -2.200000000000000E-002  0.000000000000000E+000
 -2.100000000000000E-002  0.000000000000000E+000
 -2.000000000000000E-002  0.000000000000000E+000
 -1.900000000000000E-002  0.000000000000000E+000
 -1.800000000000000E-002  0.000000000000000E+000
 -1.700000000000000E-002  0.000000000000000E+000
 -1.600000000000000E-002  0.000000000000000E+000
 -1.500000000000000E-002  0.000000000000000E+000
 -1.400000000000000E-002  0.000000000000000E+000
 -1.300000000000000E-002  0.000000000000000E+000
 -1.200000000000000E-002  0.000000000000000E+000
 -1.100000000000000E-002  0.000000000000000E+000
 -1.000000000000000E-002  0.000000000000000E+000
 -9.000000000000001E-003  0.000000000000000E+000
 -8.000000000000000E-003  0.879902407879937     
 -6.999999999999999E-003   6.72906373265341     
 -6.000000000000002E-003   14.1366436624311     
 -5.000000000000001E-003   17.7567533271947     
 -4.000000000000000E-003   12.5145787873612     
 -3.000000000000003E-003   9.23177872186851     
 -2.000000000000002E-003   8.59780656013130     
 -1.000000000000001E-003   5.98942680660624     
  0.000000000000000E+000   2.27121063536913     
  1.000000000000001E-003   1.82147553512515     
  1.999999999999998E-003   1.58703428062099     
  2.999999999999999E-003   2.31807905836723     
  4.000000000000000E-003   2.10457101893305     
  4.999999999999998E-003  0.620449586753566     
  5.999999999999998E-003   2.63445009527208     
  6.999999999999999E-003   2.09332608714528     
  8.000000000000000E-003   3.43301911246332     
  9.000000000000001E-003   3.43318810482724     
  1.000000000000000E-002   5.73425563685194     
  1.100000000000000E-002   6.76996123257284     
  1.200000000000000E-002   4.11399980744856     
  1.300000000000000E-002   2.35198175705610     
  1.400000000000000E-002  0.263194045067060     
  1.500000000000000E-002  0.000000000000000E+000
  1.600000000000000E-002  0.000000000000000E+000
  1.700000000000000E-002  0.000000000000000E+000
  1.800000000000000E-002  0.000000000000000E+000
  1.900000000000000E-002  0.000000000000000E+000
  2.000000000000000E-002  0.000000000000000E+000
  2.100000000000000E-002  0.000000000000000E+000
  2.200000000000000E-002  0.000000000000000E+000
  2.300000000000000E-002  0.000000000000000E+000
  2.400000000000000E-002  0.000000000000000E+000
  2.500000000000000E-002  0.000000000000000E+000
