 -2.500000000000000E-002  0.000000000000000E+000
 -2.400000000000000E-002  0.000000000000000E+000
 -2.300000000000000E-002  0.000000000000000E+000
 -2.200000000000000E-002  0.000000000000000E+000
 -2.100000000000000E-002  0.000000000000000E+000
 -2.000000000000000E-002  0.000000000000000E+000
 -1.900000000000000E-002  0.000000000000000E+000
 -1.800000000000000E-002  0.000000000000000E+000
 -1.700000000000000E-002  0.000000000000000E+000
 -1.600000000000000E-002  0.111080078289958     
 -1.500000000000000E-002  0.543784359438803     
 -1.400000000000000E-002   1.54255968900306     
 -1.300000000000000E-002  0.417194779470449     
 -1.200000000000000E-002  0.766350320108292     
 -1.100000000000000E-002  0.492964457447573     
 -1.000000000000000E-002   1.22687103974034     
 -9.000000000000001E-003  0.945056928607128     
 -8.000000000000000E-003  0.670729226408887     
 -6.999999999999999E-003  0.866122231490228     
 -6.000000000000002E-003   1.06499185144672     
 -5.000000000000001E-003   2.67265062315027     
 -4.000000000000000E-003   6.85572248450118     
 -3.000000000000003E-003   18.1463301852467     
 -2.000000000000002E-003   25.3993647663380     
 -1.000000000000001E-003   24.5854754655914     
  0.000000000000000E+000   16.9416042999510     
  1.000000000000001E-003   16.7449141591023     
  1.999999999999998E-003   17.9494634410857     
  2.999999999999999E-003   5.96179045041146     
  4.000000000000000E-003   1.67880162703347     
  4.999999999999998E-003   1.01653196088492     
  5.999999999999998E-003   1.54037016263052     
  6.999999999999999E-003  0.673193150440559     
  8.000000000000000E-003  0.786662651596389     
  9.000000000000001E-003  0.994269610584675     
  1.000000000000000E-002   1.28169099853697     
  1.100000000000000E-002   1.69346974222326     
  1.200000000000000E-002   1.42334314055092     
  1.300000000000000E-002   2.15048590992976     
  1.400000000000000E-002   2.20841208345183     
  1.500000000000000E-002   1.94853685753642     
  1.600000000000000E-002  0.469601267770854     
  1.700000000000000E-002  0.000000000000000E+000
  1.800000000000000E-002  0.000000000000000E+000
  1.900000000000000E-002  0.000000000000000E+000
  2.000000000000000E-002  0.000000000000000E+000
  2.100000000000000E-002  0.000000000000000E+000
  2.200000000000000E-002  0.000000000000000E+000
  2.300000000000000E-002  0.000000000000000E+000
  2.400000000000000E-002  0.000000000000000E+000
  2.500000000000000E-002  0.000000000000000E+000
