 -2.500000000000000E-002  0.000000000000000E+000
 -2.400000000000000E-002  0.000000000000000E+000
 -2.300000000000000E-002  0.000000000000000E+000
 -2.200000000000000E-002  0.000000000000000E+000
 -2.100000000000000E-002  0.000000000000000E+000
 -2.000000000000000E-002  0.000000000000000E+000
 -1.900000000000000E-002  0.000000000000000E+000
 -1.800000000000000E-002  0.000000000000000E+000
 -1.700000000000000E-002  1.474787453071349E-002
 -1.600000000000000E-002  0.562194128809713     
 -1.500000000000000E-002   1.33831558919437     
 -1.400000000000000E-002  0.905254960907096     
 -1.300000000000000E-002  0.685963069593016     
 -1.200000000000000E-002  0.537382182323711     
 -1.100000000000000E-002   1.05279708190119     
 -1.000000000000000E-002   1.16846397047920     
 -9.000000000000001E-003  0.783362202187698     
 -8.000000000000000E-003   1.18353805929428     
 -6.999999999999999E-003  0.916958674183058     
 -6.000000000000002E-003   2.39952757337450     
 -5.000000000000001E-003   12.6211292693953     
 -4.000000000000000E-003   37.6148332978183     
 -3.000000000000003E-003   36.7289982364155     
 -2.000000000000002E-003   26.9431405333308     
 -1.000000000000001E-003   22.9127468649716     
  0.000000000000000E+000   18.5096323259672     
  1.000000000000001E-003   16.7770081009582     
  1.999999999999998E-003   6.48039178253103     
  2.999999999999999E-003   4.08799362479671     
  4.000000000000000E-003   5.25825382231734     
  4.999999999999998E-003   3.01597117449381     
  5.999999999999998E-003   3.19731829655659     
  6.999999999999999E-003   2.31449728536985     
  8.000000000000000E-003   4.58096354395172     
  9.000000000000001E-003   10.3149044613557     
  1.000000000000000E-002   5.67475387397848     
  1.100000000000000E-002   5.16455431445586     
  1.200000000000000E-002   5.82820477077438     
  1.300000000000000E-002   4.03561025305110     
  1.400000000000000E-002   2.06416375607686     
  1.500000000000000E-002  0.490205044655140     
  1.600000000000000E-002  0.000000000000000E+000
  1.700000000000000E-002  0.000000000000000E+000
  1.800000000000000E-002  0.000000000000000E+000
  1.900000000000000E-002  0.000000000000000E+000
  2.000000000000000E-002  0.000000000000000E+000
  2.100000000000000E-002  0.000000000000000E+000
  2.200000000000000E-002  0.000000000000000E+000
  2.300000000000000E-002  0.000000000000000E+000
  2.400000000000000E-002  0.000000000000000E+000
  2.500000000000000E-002  0.000000000000000E+000
