 -2.500000000000000E-002  0.000000000000000E+000
 -2.400000000000000E-002  0.000000000000000E+000
 -2.300000000000000E-002  0.000000000000000E+000
 -2.200000000000000E-002  0.000000000000000E+000
 -2.100000000000000E-002  0.000000000000000E+000
 -2.000000000000000E-002  0.000000000000000E+000
 -1.900000000000000E-002  0.000000000000000E+000
 -1.800000000000000E-002  0.000000000000000E+000
 -1.700000000000000E-002  0.000000000000000E+000
 -1.600000000000000E-002  0.000000000000000E+000
 -1.500000000000000E-002  0.000000000000000E+000
 -1.400000000000000E-002  0.000000000000000E+000
 -1.300000000000000E-002  0.000000000000000E+000
 -1.200000000000000E-002  0.000000000000000E+000
 -1.100000000000000E-002  0.000000000000000E+000
 -1.000000000000000E-002  0.000000000000000E+000
 -9.000000000000001E-003  0.000000000000000E+000
 -8.000000000000000E-003  0.000000000000000E+000
 -6.999999999999999E-003  0.000000000000000E+000
 -6.000000000000002E-003   23.6245310385692     
 -5.000000000000001E-003   21.4119454072923     
 -4.000000000000000E-003   20.7076049330225     
 -3.000000000000003E-003   8.65755884625369     
 -2.000000000000002E-003   10.4886751120042     
 -1.000000000000001E-003   12.1485578600032     
  0.000000000000000E+000   9.03712074383304     
  1.000000000000001E-003   2.38502117733084     
  1.999999999999998E-003   4.87922376475447     
  2.999999999999999E-003   5.46191684201296     
  4.000000000000000E-003   5.17834423353225     
  4.999999999999998E-003  0.623979937749205     
  5.999999999999998E-003   1.95524010364225     
  6.999999999999999E-003   2.94011508357942     
  8.000000000000000E-003   1.74220872969546     
  9.000000000000001E-003   2.62613162005155     
  1.000000000000000E-002   6.67989589343832     
  1.100000000000000E-002   1.12903534695050     
  1.200000000000000E-002  0.847580884760965     
  1.300000000000000E-002   1.97504198744243     
  1.400000000000000E-002   4.20858460522358     
  1.500000000000000E-002   2.62689916635753     
  1.600000000000000E-002   1.54722745171456     
  1.700000000000000E-002   1.70791095920237     
  1.800000000000000E-002  9.264827158334311E-002
  1.900000000000000E-002  0.000000000000000E+000
  2.000000000000000E-002  0.000000000000000E+000
  2.100000000000000E-002  0.000000000000000E+000
  2.200000000000000E-002  0.000000000000000E+000
  2.300000000000000E-002  0.000000000000000E+000
  2.400000000000000E-002  0.000000000000000E+000
  2.500000000000000E-002  0.000000000000000E+000
