 -2.500000000000000E-002  0.000000000000000E+000
 -2.400000000000000E-002  0.000000000000000E+000
 -2.300000000000000E-002  0.000000000000000E+000
 -2.200000000000000E-002  0.000000000000000E+000
 -2.100000000000000E-002  0.000000000000000E+000
 -2.000000000000000E-002  0.000000000000000E+000
 -1.900000000000000E-002  0.000000000000000E+000
 -1.800000000000000E-002  0.000000000000000E+000
 -1.700000000000000E-002  0.000000000000000E+000
 -1.600000000000000E-002  0.000000000000000E+000
 -1.500000000000000E-002  0.000000000000000E+000
 -1.400000000000000E-002  0.000000000000000E+000
 -1.300000000000000E-002  0.000000000000000E+000
 -1.200000000000000E-002  0.000000000000000E+000
 -1.100000000000000E-002  0.000000000000000E+000
 -1.000000000000000E-002   5.80918318873919     
 -9.000000000000001E-003   12.7314431058993     
 -8.000000000000000E-003   14.5628099477761     
 -6.999999999999999E-003   8.99467757026215     
 -6.000000000000002E-003   8.87789860142892     
 -5.000000000000001E-003   7.57540441607174     
 -4.000000000000000E-003   4.44015051160043     
 -3.000000000000003E-003   7.21277097012514     
 -2.000000000000002E-003   6.95692723981467     
 -1.000000000000001E-003   6.96756747205986     
  0.000000000000000E+000   5.78196399573160     
  1.000000000000001E-003   6.56493373307327     
  1.999999999999998E-003   7.89589327248342     
  2.999999999999999E-003   2.02961247801588     
  4.000000000000000E-003   3.23226637286745     
  4.999999999999998E-003   4.05275557655587     
  5.999999999999998E-003   3.67790532315151     
  6.999999999999999E-003   4.40344593170497     
  8.000000000000000E-003   8.08540252712430     
  9.000000000000001E-003   8.42167839671370     
  1.000000000000000E-002   9.91981524183815     
  1.100000000000000E-002   8.46651848845107     
  1.200000000000000E-002   4.48745192233495     
  1.300000000000000E-002  0.213543716176315     
  1.400000000000000E-002  0.000000000000000E+000
  1.500000000000000E-002  0.000000000000000E+000
  1.600000000000000E-002  0.000000000000000E+000
  1.700000000000000E-002  0.000000000000000E+000
  1.800000000000000E-002  0.000000000000000E+000
  1.900000000000000E-002  0.000000000000000E+000
  2.000000000000000E-002  0.000000000000000E+000
  2.100000000000000E-002  0.000000000000000E+000
  2.200000000000000E-002  0.000000000000000E+000
  2.300000000000000E-002  0.000000000000000E+000
  2.400000000000000E-002  0.000000000000000E+000
  2.500000000000000E-002  0.000000000000000E+000
