 -2.500000000000000E-002  0.000000000000000E+000
 -2.400000000000000E-002  0.000000000000000E+000
 -2.300000000000000E-002  0.000000000000000E+000
 -2.200000000000000E-002  0.000000000000000E+000
 -2.100000000000000E-002  0.000000000000000E+000
 -2.000000000000000E-002  0.000000000000000E+000
 -1.900000000000000E-002  0.000000000000000E+000
 -1.800000000000000E-002  0.000000000000000E+000
 -1.700000000000000E-002  2.677952768987695E-002
 -1.600000000000000E-002  0.499781399234213     
 -1.500000000000000E-002   1.36949259423528     
 -1.400000000000000E-002  0.671330777226740     
 -1.300000000000000E-002   1.04057263370862     
 -1.200000000000000E-002  0.380403288545425     
 -1.100000000000000E-002   1.50272624876774     
 -1.000000000000000E-002  0.664123530592096     
 -9.000000000000001E-003  0.981489214859877     
 -8.000000000000000E-003   1.05624066358864     
 -6.999999999999999E-003   1.24896506662923     
 -6.000000000000002E-003   2.14264573727021     
 -5.000000000000001E-003   11.5610896317503     
 -4.000000000000000E-003   33.7093462406362     
 -3.000000000000003E-003   42.0128227537617     
 -2.000000000000002E-003   36.3976840308075     
 -1.000000000000001E-003   33.5029041456287     
  0.000000000000000E+000   25.4820053022411     
  1.000000000000001E-003   18.9477331260625     
  1.999999999999998E-003   14.8113936038123     
  2.999999999999999E-003   6.31648793864008     
  4.000000000000000E-003   5.46085407291483     
  4.999999999999998E-003   2.82236554588946     
  5.999999999999998E-003   2.90277459480857     
  6.999999999999999E-003   2.23403756367266     
  8.000000000000000E-003   4.79850602720706     
  9.000000000000001E-003   10.2925053969578     
  1.000000000000000E-002   5.81832157409512     
  1.100000000000000E-002   5.22561473048109     
  1.200000000000000E-002   5.60567761162129     
  1.300000000000000E-002   4.15038883481560     
  1.400000000000000E-002   2.10001925057849     
  1.500000000000000E-002  0.377927341269745     
  1.600000000000000E-002  0.000000000000000E+000
  1.700000000000000E-002  0.000000000000000E+000
  1.800000000000000E-002  0.000000000000000E+000
  1.900000000000000E-002  0.000000000000000E+000
  2.000000000000000E-002  0.000000000000000E+000
  2.100000000000000E-002  0.000000000000000E+000
  2.200000000000000E-002  0.000000000000000E+000
  2.300000000000000E-002  0.000000000000000E+000
  2.400000000000000E-002  0.000000000000000E+000
  2.500000000000000E-002  0.000000000000000E+000
