 -2.500000000000000E-002  0.000000000000000E+000
 -2.400000000000000E-002  0.000000000000000E+000
 -2.300000000000000E-002  0.000000000000000E+000
 -2.200000000000000E-002  0.000000000000000E+000
 -2.100000000000000E-002  0.000000000000000E+000
 -2.000000000000000E-002  0.000000000000000E+000
 -1.900000000000000E-002  0.000000000000000E+000
 -1.800000000000000E-002  0.000000000000000E+000
 -1.700000000000000E-002  0.000000000000000E+000
 -1.600000000000000E-002  0.000000000000000E+000
 -1.500000000000000E-002  0.000000000000000E+000
 -1.400000000000000E-002  0.000000000000000E+000
 -1.300000000000000E-002  0.411178622284465     
 -1.200000000000000E-002  0.812612655621991     
 -1.100000000000000E-002   2.14564305440947     
 -1.000000000000000E-002   1.55973275450291     
 -9.000000000000001E-003  0.203868763382915     
 -8.000000000000000E-003   3.00279561377213     
 -6.999999999999999E-003   5.47790924717206     
 -6.000000000000002E-003   6.83746978707854     
 -5.000000000000001E-003   4.78953658315989     
 -4.000000000000000E-003   4.44660744781867     
 -3.000000000000003E-003   6.50361091437563     
 -2.000000000000002E-003   4.01790657405058     
 -1.000000000000001E-003   4.68878384983740     
  0.000000000000000E+000   5.10547967535687     
  1.000000000000001E-003   7.63784389044850     
  1.999999999999998E-003   4.69329193655263     
  2.999999999999999E-003   6.23761216806075     
  4.000000000000000E-003   8.80218694945927     
  4.999999999999998E-003   11.8068216486836     
  5.999999999999998E-003   8.66573197552789     
  6.999999999999999E-003   7.22924588844382     
  8.000000000000000E-003  0.000000000000000E+000
  9.000000000000001E-003  0.000000000000000E+000
  1.000000000000000E-002  0.000000000000000E+000
  1.100000000000000E-002  0.000000000000000E+000
  1.200000000000000E-002  0.000000000000000E+000
  1.300000000000000E-002  0.000000000000000E+000
  1.400000000000000E-002  0.000000000000000E+000
  1.500000000000000E-002  0.000000000000000E+000
  1.600000000000000E-002  0.000000000000000E+000
  1.700000000000000E-002  0.000000000000000E+000
  1.800000000000000E-002  0.000000000000000E+000
  1.900000000000000E-002  0.000000000000000E+000
  2.000000000000000E-002  0.000000000000000E+000
  2.100000000000000E-002  0.000000000000000E+000
  2.200000000000000E-002  0.000000000000000E+000
  2.300000000000000E-002  0.000000000000000E+000
  2.400000000000000E-002  0.000000000000000E+000
  2.500000000000000E-002  0.000000000000000E+000
