 -2.500000000000000E-002  0.000000000000000E+000
 -2.400000000000000E-002  0.000000000000000E+000
 -2.300000000000000E-002  0.000000000000000E+000
 -2.200000000000000E-002  0.000000000000000E+000
 -2.100000000000000E-002  0.000000000000000E+000
 -2.000000000000000E-002  0.000000000000000E+000
 -1.900000000000000E-002  0.000000000000000E+000
 -1.800000000000000E-002  0.000000000000000E+000
 -1.700000000000000E-002  0.000000000000000E+000
 -1.600000000000000E-002  0.334300527380668     
 -1.500000000000000E-002  0.774704514746853     
 -1.400000000000000E-002   1.57346626485895     
 -1.300000000000000E-002  0.336622880192744     
 -1.200000000000000E-002  0.766229064136494     
 -1.100000000000000E-002   1.30043719682168     
 -1.000000000000000E-002   3.74005753255380     
 -9.000000000000001E-003   3.53338296833820     
 -8.000000000000000E-003   2.85199227166681     
 -6.999999999999999E-003   4.40058040962802     
 -6.000000000000002E-003   4.38376313132613     
 -5.000000000000001E-003   6.97346215268251     
 -4.000000000000000E-003   6.84406702142445     
 -3.000000000000003E-003   8.64184057306068     
 -2.000000000000002E-003   8.09876077964858     
 -1.000000000000001E-003   7.14193015512613     
  0.000000000000000E+000   5.56315961489853     
  1.000000000000001E-003   2.39140500648561     
  1.999999999999998E-003   2.35534079834381     
  2.999999999999999E-003   3.88596556650062     
  4.000000000000000E-003   1.60913686369945     
  4.999999999999998E-003   1.56759588688125     
  5.999999999999998E-003   2.64495208070243     
  6.999999999999999E-003   1.11745376208892     
  8.000000000000000E-003   1.14346119720667     
  9.000000000000001E-003   1.76756968028445     
  1.000000000000000E-002   2.15098576957423     
  1.100000000000000E-002   2.05128061775435     
  1.200000000000000E-002   1.76660852508847     
  1.300000000000000E-002   3.04038178842553     
  1.400000000000000E-002   3.86532245247890     
  1.500000000000000E-002   1.86931384719954     
  1.600000000000000E-002  0.451943037848267     
  1.700000000000000E-002  0.134782673788634     
  1.800000000000000E-002  0.966710906318305     
  1.900000000000000E-002  0.437657207556535     
  2.000000000000000E-002  0.973440906128935     
  2.100000000000000E-002  6.758436715386423E-002
  2.200000000000000E-002  0.000000000000000E+000
  2.300000000000000E-002  0.000000000000000E+000
  2.400000000000000E-002  0.000000000000000E+000
  2.500000000000000E-002  0.000000000000000E+000
