 -2.500000000000000E-002  0.000000000000000E+000
 -2.400000000000000E-002  0.000000000000000E+000
 -2.300000000000000E-002  0.000000000000000E+000
 -2.200000000000000E-002  0.000000000000000E+000
 -2.100000000000000E-002  0.000000000000000E+000
 -2.000000000000000E-002  0.000000000000000E+000
 -1.900000000000000E-002  0.000000000000000E+000
 -1.800000000000000E-002  0.000000000000000E+000
 -1.700000000000000E-002  0.000000000000000E+000
 -1.600000000000000E-002  0.000000000000000E+000
 -1.500000000000000E-002  0.000000000000000E+000
 -1.400000000000000E-002  0.000000000000000E+000
 -1.300000000000000E-002  0.000000000000000E+000
 -1.200000000000000E-002  0.000000000000000E+000
 -1.100000000000000E-002  0.000000000000000E+000
 -1.000000000000000E-002  0.000000000000000E+000
 -9.000000000000001E-003  0.000000000000000E+000
 -8.000000000000000E-003  0.000000000000000E+000
 -6.999999999999999E-003   1.70682933014685     
 -6.000000000000002E-003   11.9875594407285     
 -5.000000000000001E-003   15.0338829559428     
 -4.000000000000000E-003   17.1147706203270     
 -3.000000000000003E-003   24.5945713092529     
 -2.000000000000002E-003   33.7277414022126     
 -1.000000000000001E-003   33.2804804847015     
  0.000000000000000E+000   27.8359559168260     
  1.000000000000001E-003   23.6186427034959     
  1.999999999999998E-003   22.8173699412090     
  2.999999999999999E-003   16.4233279106384     
  4.000000000000000E-003   12.0779943306622     
  4.999999999999998E-003   20.5510242628468     
  5.999999999999998E-003   15.9029837453632     
  6.999999999999999E-003   4.43957564564632     
  8.000000000000000E-003  0.000000000000000E+000
  9.000000000000001E-003  0.000000000000000E+000
  1.000000000000000E-002  0.000000000000000E+000
  1.100000000000000E-002  0.000000000000000E+000
  1.200000000000000E-002  0.000000000000000E+000
  1.300000000000000E-002  0.000000000000000E+000
  1.400000000000000E-002  0.000000000000000E+000
  1.500000000000000E-002  0.000000000000000E+000
  1.600000000000000E-002  0.000000000000000E+000
  1.700000000000000E-002  0.000000000000000E+000
  1.800000000000000E-002  0.000000000000000E+000
  1.900000000000000E-002  0.000000000000000E+000
  2.000000000000000E-002  0.000000000000000E+000
  2.100000000000000E-002  0.000000000000000E+000
  2.200000000000000E-002  0.000000000000000E+000
  2.300000000000000E-002  0.000000000000000E+000
  2.400000000000000E-002  0.000000000000000E+000
  2.500000000000000E-002  0.000000000000000E+000
