 -2.500000000000000E-002  0.000000000000000E+000
 -2.400000000000000E-002  0.000000000000000E+000
 -2.300000000000000E-002  0.000000000000000E+000
 -2.200000000000000E-002  0.000000000000000E+000
 -2.100000000000000E-002  0.000000000000000E+000
 -2.000000000000000E-002  0.000000000000000E+000
 -1.900000000000000E-002  0.000000000000000E+000
 -1.800000000000000E-002  0.000000000000000E+000
 -1.700000000000000E-002  0.000000000000000E+000
 -1.600000000000000E-002  0.000000000000000E+000
 -1.500000000000000E-002  0.000000000000000E+000
 -1.400000000000000E-002  0.000000000000000E+000
 -1.300000000000000E-002  0.000000000000000E+000
 -1.200000000000000E-002  0.000000000000000E+000
 -1.100000000000000E-002  0.000000000000000E+000
 -1.000000000000000E-002  0.000000000000000E+000
 -9.000000000000001E-003  0.000000000000000E+000
 -8.000000000000000E-003  0.000000000000000E+000
 -6.999999999999999E-003  0.882028886717103     
 -6.000000000000002E-003   6.61751365173378     
 -5.000000000000001E-003   14.2793307262352     
 -4.000000000000000E-003   24.9272997778224     
 -3.000000000000003E-003   64.1458803030156     
 -2.000000000000002E-003   80.2950052931520     
 -1.000000000000001E-003   77.7745897911557     
  0.000000000000000E+000   54.5076998021753     
  1.000000000000001E-003   50.0089105074571     
  1.999999999999998E-003   45.5653835151154     
  2.999999999999999E-003   16.9043213260076     
  4.000000000000000E-003   4.65552824421002     
  4.999999999999998E-003   4.11054982249543     
  5.999999999999998E-003   3.80782142375081     
  6.999999999999999E-003   5.25037995404276     
  8.000000000000000E-003   5.13760303944389     
  9.000000000000001E-003   4.45043810850129     
  1.000000000000000E-002   3.81884527984165     
  1.100000000000000E-002   7.80927417604158     
  1.200000000000000E-002   9.20600470055773     
  1.300000000000000E-002   2.39469352990955     
  1.400000000000000E-002  5.378140618185048E-003
  1.500000000000000E-002  0.000000000000000E+000
  1.600000000000000E-002  0.000000000000000E+000
  1.700000000000000E-002  0.000000000000000E+000
  1.800000000000000E-002  0.000000000000000E+000
  1.900000000000000E-002  0.000000000000000E+000
  2.000000000000000E-002  0.000000000000000E+000
  2.100000000000000E-002  0.000000000000000E+000
  2.200000000000000E-002  0.000000000000000E+000
  2.300000000000000E-002  0.000000000000000E+000
  2.400000000000000E-002  0.000000000000000E+000
  2.500000000000000E-002  0.000000000000000E+000
