 -2.500000000000000E-002  0.000000000000000E+000
 -2.400000000000000E-002  0.000000000000000E+000
 -2.300000000000000E-002  0.000000000000000E+000
 -2.200000000000000E-002  0.000000000000000E+000
 -2.100000000000000E-002  0.000000000000000E+000
 -2.000000000000000E-002  0.000000000000000E+000
 -1.900000000000000E-002  0.000000000000000E+000
 -1.800000000000000E-002  0.000000000000000E+000
 -1.700000000000000E-002  0.000000000000000E+000
 -1.600000000000000E-002  0.000000000000000E+000
 -1.500000000000000E-002  0.000000000000000E+000
 -1.400000000000000E-002  0.000000000000000E+000
 -1.300000000000000E-002  0.000000000000000E+000
 -1.200000000000000E-002  0.000000000000000E+000
 -1.100000000000000E-002  0.000000000000000E+000
 -1.000000000000000E-002  0.122603883202903     
 -9.000000000000001E-003  0.775396760198761     
 -8.000000000000000E-003   1.12658878055030     
 -6.999999999999999E-003   1.43091426465821     
 -6.000000000000002E-003  0.886401923851218     
 -5.000000000000001E-003   1.12851328234886     
 -4.000000000000000E-003   3.38266384059920     
 -3.000000000000003E-003   20.5620333676342     
 -2.000000000000002E-003   30.4319749653741     
 -1.000000000000001E-003   39.6087344862567     
  0.000000000000000E+000   25.7298321260776     
  1.000000000000001E-003   22.8603504936264     
  1.999999999999998E-003   28.6005127607793     
  2.999999999999999E-003   19.4979051757341     
  4.000000000000000E-003   3.33401714836453     
  4.999999999999998E-003   1.09800752800332     
  5.999999999999998E-003   1.23232762014794     
  6.999999999999999E-003   1.96585156553402     
  8.000000000000000E-003  0.719725556722145     
  9.000000000000001E-003  0.429802614108334     
  1.000000000000000E-002  0.225949805387543     
  1.100000000000000E-002  0.521290262236990     
  1.200000000000000E-002  0.502067555081262     
  1.300000000000000E-002  0.149235439293416     
  1.400000000000000E-002  8.614879422882198E-002
  1.500000000000000E-002  0.000000000000000E+000
  1.600000000000000E-002  0.000000000000000E+000
  1.700000000000000E-002  0.000000000000000E+000
  1.800000000000000E-002  0.000000000000000E+000
  1.900000000000000E-002  0.000000000000000E+000
  2.000000000000000E-002  0.000000000000000E+000
  2.100000000000000E-002  0.000000000000000E+000
  2.200000000000000E-002  0.000000000000000E+000
  2.300000000000000E-002  0.000000000000000E+000
  2.400000000000000E-002  0.000000000000000E+000
  2.500000000000000E-002  0.000000000000000E+000
