 -2.500000000000000E-002  0.000000000000000E+000
 -2.400000000000000E-002  0.000000000000000E+000
 -2.300000000000000E-002  0.000000000000000E+000
 -2.200000000000000E-002  0.000000000000000E+000
 -2.100000000000000E-002  0.000000000000000E+000
 -2.000000000000000E-002  0.000000000000000E+000
 -1.900000000000000E-002  0.000000000000000E+000
 -1.800000000000000E-002  0.000000000000000E+000
 -1.700000000000000E-002  0.000000000000000E+000
 -1.600000000000000E-002  0.000000000000000E+000
 -1.500000000000000E-002  0.000000000000000E+000
 -1.400000000000000E-002  0.000000000000000E+000
 -1.300000000000000E-002  0.000000000000000E+000
 -1.200000000000000E-002  0.000000000000000E+000
 -1.100000000000000E-002  0.153424232821543     
 -1.000000000000000E-002   2.51551048442838     
 -9.000000000000001E-003   6.51761463648469     
 -8.000000000000000E-003   2.64738061743060     
 -6.999999999999999E-003   5.53784343010141     
 -6.000000000000002E-003   5.44632640831351     
 -5.000000000000001E-003   4.59303639463994     
 -4.000000000000000E-003   5.94422392256831     
 -3.000000000000003E-003   14.9843686154428     
 -2.000000000000002E-003   29.7269936920560     
 -1.000000000000001E-003   31.2163954582468     
  0.000000000000000E+000   23.3273357559393     
  1.000000000000001E-003   14.8879665458421     
  1.999999999999998E-003   9.46288886395486     
  2.999999999999999E-003   3.54988569000225     
  4.000000000000000E-003   3.42875693355007     
  4.999999999999998E-003   2.42497728504364     
  5.999999999999998E-003  0.916112717783425     
  6.999999999999999E-003   1.75620249759785     
  8.000000000000000E-003   1.27816758601853     
  9.000000000000001E-003   1.19895763306583     
  1.000000000000000E-002   1.97505353758146     
  1.100000000000000E-002  0.959439626959170     
  1.200000000000000E-002  0.694157434127669     
  1.300000000000000E-002  0.469532033902990     
  1.400000000000000E-002   1.56927872862725     
  1.500000000000000E-002   2.98685070555873     
  1.600000000000000E-002  0.693786547082756     
  1.700000000000000E-002   1.07892404704127     
  1.800000000000000E-002  0.930168586559909     
  1.900000000000000E-002   1.26667935122708     
  2.000000000000000E-002   1.43032492423931     
  2.100000000000000E-002   1.31623764892726     
  2.200000000000000E-002  0.364977426833440     
  2.300000000000000E-002  0.000000000000000E+000
  2.400000000000000E-002  0.000000000000000E+000
  2.500000000000000E-002  0.000000000000000E+000
