 -2.500000000000000E-002  0.000000000000000E+000
 -2.400000000000000E-002  0.000000000000000E+000
 -2.300000000000000E-002  0.000000000000000E+000
 -2.200000000000000E-002  0.000000000000000E+000
 -2.100000000000000E-002  0.000000000000000E+000
 -2.000000000000000E-002  0.000000000000000E+000
 -1.900000000000000E-002  0.000000000000000E+000
 -1.800000000000000E-002  0.000000000000000E+000
 -1.700000000000000E-002  0.338723164229561     
 -1.600000000000000E-002  0.969868211620521     
 -1.500000000000000E-002   1.09783309826534     
 -1.400000000000000E-002   1.39834257371891     
 -1.300000000000000E-002  0.637876130884751     
 -1.200000000000000E-002  0.328796487592443     
 -1.100000000000000E-002   1.27719118801255     
 -1.000000000000000E-002  0.622320375310637     
 -9.000000000000001E-003   1.06349702111720     
 -8.000000000000000E-003  0.534304656827036     
 -6.999999999999999E-003  0.260642846107971     
 -6.000000000000002E-003  0.726287454132627     
 -5.000000000000001E-003   1.38454165626347     
 -4.000000000000000E-003   8.43586241203890     
 -3.000000000000003E-003   20.9926909644159     
 -2.000000000000002E-003   21.1866755644837     
 -1.000000000000001E-003   16.2920039533349     
  0.000000000000000E+000   14.1445889780124     
  1.000000000000001E-003   11.5491237397054     
  1.999999999999998E-003   9.09457675521191     
  2.999999999999999E-003   1.80769060520578     
  4.000000000000000E-003   1.67165563220628     
  4.999999999999998E-003   1.62210997888083     
  5.999999999999998E-003   2.04859880191020     
  6.999999999999999E-003   3.99748043373357     
  8.000000000000000E-003   2.61338395191957     
  9.000000000000001E-003   4.14266009242954     
  1.000000000000000E-002   4.92563156771900     
  1.100000000000000E-002   3.43773053096337     
  1.200000000000000E-002   2.25012244564394     
  1.300000000000000E-002  0.512838728101848     
  1.400000000000000E-002  0.000000000000000E+000
  1.500000000000000E-002  0.000000000000000E+000
  1.600000000000000E-002  0.000000000000000E+000
  1.700000000000000E-002  0.000000000000000E+000
  1.800000000000000E-002  0.000000000000000E+000
  1.900000000000000E-002  0.000000000000000E+000
  2.000000000000000E-002  0.000000000000000E+000
  2.100000000000000E-002  0.000000000000000E+000
  2.200000000000000E-002  0.000000000000000E+000
  2.300000000000000E-002  0.000000000000000E+000
  2.400000000000000E-002  0.000000000000000E+000
  2.500000000000000E-002  0.000000000000000E+000
