 -2.500000000000000E-002  0.000000000000000E+000
 -2.400000000000000E-002  0.000000000000000E+000
 -2.300000000000000E-002  0.000000000000000E+000
 -2.200000000000000E-002  0.000000000000000E+000
 -2.100000000000000E-002  0.000000000000000E+000
 -2.000000000000000E-002  0.000000000000000E+000
 -1.900000000000000E-002  0.323355796807571     
 -1.800000000000000E-002   1.21546680869552     
 -1.700000000000000E-002  0.398088832474518     
 -1.600000000000000E-002   1.09329932059179     
 -1.500000000000000E-002   1.29734522446686     
 -1.400000000000000E-002  0.936305885636914     
 -1.300000000000000E-002  0.245883515249708     
 -1.200000000000000E-002  0.295096102423230     
 -1.100000000000000E-002  0.747415771383654     
 -1.000000000000000E-002  0.986344552852544     
 -9.000000000000001E-003  0.670580931029843     
 -8.000000000000000E-003  0.580638454715997     
 -6.999999999999999E-003   5.04392284718198     
 -6.000000000000002E-003   9.17782547388015     
 -5.000000000000001E-003   8.66042403816182     
 -4.000000000000000E-003   6.97234767869262     
 -3.000000000000003E-003   8.23802383599126     
 -2.000000000000002E-003   10.5349599638740     
 -1.000000000000001E-003   8.71999298107261     
  0.000000000000000E+000   10.0489750743480     
  1.000000000000001E-003   15.4891804571539     
  1.999999999999998E-003   13.4073856168299     
  2.999999999999999E-003   13.0807578629106     
  4.000000000000000E-003   13.5106751482201     
  4.999999999999998E-003   4.72564003564110     
  5.999999999999998E-003   5.49831425789116     
  6.999999999999999E-003   4.47578783938529     
  8.000000000000000E-003   2.91591354652291     
  9.000000000000001E-003   5.31954537367886     
  1.000000000000000E-002   3.51499926749953     
  1.100000000000000E-002  0.568077504736118     
  1.200000000000000E-002  0.000000000000000E+000
  1.300000000000000E-002  0.000000000000000E+000
  1.400000000000000E-002  0.000000000000000E+000
  1.500000000000000E-002  0.000000000000000E+000
  1.600000000000000E-002  0.000000000000000E+000
  1.700000000000000E-002  0.000000000000000E+000
  1.800000000000000E-002  0.000000000000000E+000
  1.900000000000000E-002  0.000000000000000E+000
  2.000000000000000E-002  0.000000000000000E+000
  2.100000000000000E-002  0.000000000000000E+000
  2.200000000000000E-002  0.000000000000000E+000
  2.300000000000000E-002  0.000000000000000E+000
  2.400000000000000E-002  0.000000000000000E+000
  2.500000000000000E-002  0.000000000000000E+000
