 -2.500000000000000E-002  0.000000000000000E+000
 -2.400000000000000E-002  0.000000000000000E+000
 -2.300000000000000E-002  0.000000000000000E+000
 -2.200000000000000E-002  0.000000000000000E+000
 -2.100000000000000E-002  0.000000000000000E+000
 -2.000000000000000E-002  0.000000000000000E+000
 -1.900000000000000E-002  0.000000000000000E+000
 -1.800000000000000E-002  0.000000000000000E+000
 -1.700000000000000E-002  0.000000000000000E+000
 -1.600000000000000E-002  0.000000000000000E+000
 -1.500000000000000E-002  0.000000000000000E+000
 -1.400000000000000E-002  0.000000000000000E+000
 -1.300000000000000E-002  0.000000000000000E+000
 -1.200000000000000E-002  0.000000000000000E+000
 -1.100000000000000E-002  7.497686744364182E-002
 -1.000000000000000E-002   1.28139075538983     
 -9.000000000000001E-003   3.22259870124994     
 -8.000000000000000E-003   1.33153020916036     
 -6.999999999999999E-003   2.77364604561393     
 -6.000000000000002E-003   2.70462280378072     
 -5.000000000000001E-003   2.26874277672681     
 -4.000000000000000E-003   3.15677788091044     
 -3.000000000000003E-003   14.9382671670497     
 -2.000000000000002E-003   46.8044550131412     
 -1.000000000000001E-003   63.9207995923744     
  0.000000000000000E+000   50.0803439171428     
  1.000000000000001E-003   40.6267102897094     
  1.999999999999998E-003   24.8766594769704     
  2.999999999999999E-003   19.7580079747696     
  4.000000000000000E-003   1.87426613567642     
  4.999999999999998E-003   1.28181862450392     
  5.999999999999998E-003  0.437903216799797     
  6.999999999999999E-003  0.874258684948046     
  8.000000000000000E-003  0.598580049588711     
  9.000000000000001E-003  0.616414807120713     
  1.000000000000000E-002   1.01521981587385     
  1.100000000000000E-002  0.423441411191025     
  1.200000000000000E-002  0.416427782864487     
  1.300000000000000E-002  0.232198400947066     
  1.400000000000000E-002  0.736061574366945     
  1.500000000000000E-002   1.48334098046698     
  1.600000000000000E-002  0.388264339362715     
  1.700000000000000E-002  0.541938182916589     
  1.800000000000000E-002  0.449209385916641     
  1.900000000000000E-002  0.662967136023059     
  2.000000000000000E-002  0.666736820012619     
  2.100000000000000E-002  0.696457816099218     
  2.200000000000000E-002  0.192575363888165     
  2.300000000000000E-002  0.000000000000000E+000
  2.400000000000000E-002  0.000000000000000E+000
  2.500000000000000E-002  0.000000000000000E+000
