 -2.500000000000000E-002  0.000000000000000E+000
 -2.400000000000000E-002  0.000000000000000E+000
 -2.300000000000000E-002  0.000000000000000E+000
 -2.200000000000000E-002  0.000000000000000E+000
 -2.100000000000000E-002  0.000000000000000E+000
 -2.000000000000000E-002  0.000000000000000E+000
 -1.900000000000000E-002  0.000000000000000E+000
 -1.800000000000000E-002  0.000000000000000E+000
 -1.700000000000000E-002  0.000000000000000E+000
 -1.600000000000000E-002  0.000000000000000E+000
 -1.500000000000000E-002  0.000000000000000E+000
 -1.400000000000000E-002  0.000000000000000E+000
 -1.300000000000000E-002  0.000000000000000E+000
 -1.200000000000000E-002  0.000000000000000E+000
 -1.100000000000000E-002  8.150092280216399E-002
 -1.000000000000000E-002   1.28277300369495     
 -9.000000000000001E-003   3.23972515955346     
 -8.000000000000000E-003   1.34876415447819     
 -6.999999999999999E-003   2.77337315936151     
 -6.000000000000002E-003   2.69150330780447     
 -5.000000000000001E-003   2.34989587918986     
 -4.000000000000000E-003   3.86110845540315     
 -3.000000000000003E-003   11.3950307568696     
 -2.000000000000002E-003   15.5864681232052     
 -1.000000000000001E-003   17.3241572046490     
  0.000000000000000E+000   12.3381443714511     
  1.000000000000001E-003   11.3798084822093     
  1.999999999999998E-003   11.1965276613323     
  2.999999999999999E-003   2.48746095591953     
  4.000000000000000E-003   1.90235366256184     
  4.999999999999998E-003   1.05137541142601     
  5.999999999999998E-003  0.420970718180901     
  6.999999999999999E-003  0.910800673139535     
  8.000000000000000E-003  0.662534879916272     
  9.000000000000001E-003  0.611811448539638     
  1.000000000000000E-002  0.959383979007215     
  1.100000000000000E-002  0.524579429348084     
  1.200000000000000E-002  0.273378199956657     
  1.300000000000000E-002  0.234599664406169     
  1.400000000000000E-002  0.885689429596022     
  1.500000000000000E-002   1.44607282913200     
  1.600000000000000E-002  0.315794462970116     
  1.700000000000000E-002  0.519343613895696     
  1.800000000000000E-002  0.478932397677297     
  1.900000000000000E-002  0.610107602322696     
  2.000000000000000E-002  0.745351256023273     
  2.100000000000000E-002  0.632732604165555     
  2.200000000000000E-002  0.177686139811173     
  2.300000000000000E-002  0.000000000000000E+000
  2.400000000000000E-002  0.000000000000000E+000
  2.500000000000000E-002  0.000000000000000E+000
