 -2.500000000000000E-002  0.000000000000000E+000
 -2.400000000000000E-002  0.000000000000000E+000
 -2.300000000000000E-002  0.000000000000000E+000
 -2.200000000000000E-002  0.000000000000000E+000
 -2.100000000000000E-002  0.000000000000000E+000
 -2.000000000000000E-002  0.000000000000000E+000
 -1.900000000000000E-002  0.000000000000000E+000
 -1.800000000000000E-002  0.000000000000000E+000
 -1.700000000000000E-002  0.000000000000000E+000
 -1.600000000000000E-002  0.000000000000000E+000
 -1.500000000000000E-002  0.000000000000000E+000
 -1.400000000000000E-002  0.594160247973141     
 -1.300000000000000E-002   2.77049567956210     
 -1.200000000000000E-002   5.96020918953947     
 -1.100000000000000E-002   3.18895008852900     
 -1.000000000000000E-002   3.78488709044009     
 -9.000000000000001E-003   4.28049758104019     
 -8.000000000000000E-003   5.34485869470817     
 -6.999999999999999E-003   7.13774346909170     
 -6.000000000000002E-003   7.60710133418656     
 -5.000000000000001E-003   7.68524646860167     
 -4.000000000000000E-003   6.25517655241549     
 -3.000000000000003E-003   7.05060401427518     
 -2.000000000000002E-003   4.90727189696689     
 -1.000000000000001E-003   5.86734179082071     
  0.000000000000000E+000   4.61838209557455     
  1.000000000000001E-003   4.09585177750095     
  1.999999999999998E-003   4.45633247088823     
  2.999999999999999E-003   5.20105283260060     
  4.000000000000000E-003   6.28804603896039     
  4.999999999999998E-003   7.73134530231315     
  5.999999999999998E-003   4.89188526117648     
  6.999999999999999E-003   12.9313103970659     
  8.000000000000000E-003   12.4370803580243     
  9.000000000000001E-003   8.67779917669231     
  1.000000000000000E-002   3.04898586766543     
  1.100000000000000E-002   2.31912245809784     
  1.200000000000000E-002   1.07069186528952     
  1.300000000000000E-002  0.000000000000000E+000
  1.400000000000000E-002  0.000000000000000E+000
  1.500000000000000E-002  0.000000000000000E+000
  1.600000000000000E-002  0.000000000000000E+000
  1.700000000000000E-002  0.000000000000000E+000
  1.800000000000000E-002  0.000000000000000E+000
  1.900000000000000E-002  0.000000000000000E+000
  2.000000000000000E-002  0.000000000000000E+000
  2.100000000000000E-002  0.000000000000000E+000
  2.200000000000000E-002  0.000000000000000E+000
  2.300000000000000E-002  0.000000000000000E+000
  2.400000000000000E-002  0.000000000000000E+000
  2.500000000000000E-002  0.000000000000000E+000
