 -2.500000000000000E-002  0.000000000000000E+000
 -2.400000000000000E-002  0.000000000000000E+000
 -2.300000000000000E-002  0.000000000000000E+000
 -2.200000000000000E-002  0.000000000000000E+000
 -2.100000000000000E-002  0.000000000000000E+000
 -2.000000000000000E-002  0.000000000000000E+000
 -1.900000000000000E-002  0.000000000000000E+000
 -1.800000000000000E-002  0.429380052761319     
 -1.700000000000000E-002   1.30982921586333     
 -1.600000000000000E-002  8.625824310668828E-002
 -1.500000000000000E-002   1.36353020318557     
 -1.400000000000000E-002   1.36083033981076     
 -1.300000000000000E-002  0.922415621055642     
 -1.200000000000000E-002  0.173542569117238     
 -1.100000000000000E-002  0.308199918669488     
 -1.000000000000000E-002  0.486063161124804     
 -9.000000000000001E-003   1.16802016313757     
 -8.000000000000000E-003  0.758801782367315     
 -6.999999999999999E-003   1.13468224611662     
 -6.000000000000002E-003   5.60078610613401     
 -5.000000000000001E-003   10.5171117212895     
 -4.000000000000000E-003   17.2373350413785     
 -3.000000000000003E-003   26.9511109748021     
 -2.000000000000002E-003   29.6969928960415     
 -1.000000000000001E-003   27.0816723440868     
  0.000000000000000E+000   22.2032692248678     
  1.000000000000001E-003   22.5391544509771     
  1.999999999999998E-003   22.9997713457336     
  2.999999999999999E-003   14.9268611629322     
  4.000000000000000E-003   11.7576806060165     
  4.999999999999998E-003   11.7250034888829     
  5.999999999999998E-003   5.57217794897937     
  6.999999999999999E-003   4.09246612168873     
  8.000000000000000E-003   4.48493377680010     
  9.000000000000001E-003   1.60573390158803     
  1.000000000000000E-002   4.51892084176319     
  1.100000000000000E-002   4.70494477055710     
  1.200000000000000E-002  0.712129759164494     
  1.300000000000000E-002  0.000000000000000E+000
  1.400000000000000E-002  0.000000000000000E+000
  1.500000000000000E-002  0.000000000000000E+000
  1.600000000000000E-002  0.000000000000000E+000
  1.700000000000000E-002  0.000000000000000E+000
  1.800000000000000E-002  0.000000000000000E+000
  1.900000000000000E-002  0.000000000000000E+000
  2.000000000000000E-002  0.000000000000000E+000
  2.100000000000000E-002  0.000000000000000E+000
  2.200000000000000E-002  0.000000000000000E+000
  2.300000000000000E-002  0.000000000000000E+000
  2.400000000000000E-002  0.000000000000000E+000
  2.500000000000000E-002  0.000000000000000E+000
