 -2.500000000000000E-002  0.000000000000000E+000
 -2.400000000000000E-002  0.000000000000000E+000
 -2.300000000000000E-002  0.000000000000000E+000
 -2.200000000000000E-002  0.000000000000000E+000
 -2.100000000000000E-002  0.000000000000000E+000
 -2.000000000000000E-002  0.000000000000000E+000
 -1.900000000000000E-002  0.340556217016974     
 -1.800000000000000E-002   1.46212660259312     
 -1.700000000000000E-002  0.119459148895738     
 -1.600000000000000E-002   1.35015367748692     
 -1.500000000000000E-002   1.76978372509180     
 -1.400000000000000E-002  0.745423335855637     
 -1.300000000000000E-002  4.190729305981719E-002
 -1.200000000000000E-002  0.296806137345286     
 -1.100000000000000E-002  0.835245559968097     
 -1.000000000000000E-002   2.86003624899370     
 -9.000000000000001E-003   3.88521368154823     
 -8.000000000000000E-003   2.19730372172523     
 -6.999999999999999E-003   1.94808688792699     
 -6.000000000000002E-003   1.57876090720610     
 -5.000000000000001E-003   2.36086442654235     
 -4.000000000000000E-003   2.63064897891874     
 -3.000000000000003E-003   3.61040779274071     
 -2.000000000000002E-003   3.05982933460130     
 -1.000000000000001E-003   2.50790783677511     
  0.000000000000000E+000   3.18480364331609     
  1.000000000000001E-003   1.15803059164995     
  1.999999999999998E-003   2.61259879168755     
  2.999999999999999E-003   2.61900474806427     
  4.000000000000000E-003   3.03281325499118     
  4.999999999999998E-003   2.10258311154715     
  5.999999999999998E-003   1.21251409131907     
  6.999999999999999E-003   4.84300627947470     
  8.000000000000000E-003   3.38807839441230     
  9.000000000000001E-003   3.52819658708957     
  1.000000000000000E-002   6.45221762797706     
  1.100000000000000E-002   3.18437862853986     
  1.200000000000000E-002   1.20874532289182     
  1.300000000000000E-002  5.114741274760147E-002
  1.400000000000000E-002  0.000000000000000E+000
  1.500000000000000E-002  0.000000000000000E+000
  1.600000000000000E-002  0.000000000000000E+000
  1.700000000000000E-002  0.000000000000000E+000
  1.800000000000000E-002  0.000000000000000E+000
  1.900000000000000E-002  0.000000000000000E+000
  2.000000000000000E-002  0.000000000000000E+000
  2.100000000000000E-002  0.000000000000000E+000
  2.200000000000000E-002  0.000000000000000E+000
  2.300000000000000E-002  0.000000000000000E+000
  2.400000000000000E-002  0.000000000000000E+000
  2.500000000000000E-002  0.000000000000000E+000
