 -2.500000000000000E-002  0.000000000000000E+000
 -2.400000000000000E-002  0.000000000000000E+000
 -2.300000000000000E-002  0.000000000000000E+000
 -2.200000000000000E-002  0.000000000000000E+000
 -2.100000000000000E-002  0.000000000000000E+000
 -2.000000000000000E-002  0.000000000000000E+000
 -1.900000000000000E-002  0.000000000000000E+000
 -1.800000000000000E-002  0.000000000000000E+000
 -1.700000000000000E-002  0.000000000000000E+000
 -1.600000000000000E-002  0.633945731595672     
 -1.500000000000000E-002   2.37761900179846     
 -1.400000000000000E-002   2.96856453401069     
 -1.300000000000000E-002   1.44455552560136     
 -1.200000000000000E-002   1.82204175422228     
 -1.100000000000000E-002   2.00355417508450     
 -1.000000000000000E-002   2.54564325007972     
 -9.000000000000001E-003   1.95869731379855     
 -8.000000000000000E-003  0.996725046164532     
 -6.999999999999999E-003  0.401363667644232     
 -6.000000000000002E-003  0.487173310652182     
 -5.000000000000001E-003   1.16535469657945     
 -4.000000000000000E-003  0.803501491504950     
 -3.000000000000003E-003   1.34866749331213     
 -2.000000000000002E-003  6.087300795129380E-002
 -1.000000000000001E-003  1.852757905839252E-002
  0.000000000000000E+000  0.836695456381842     
  1.000000000000001E-003   1.07831423996057     
  1.999999999999998E-003  0.499516266810168     
  2.999999999999999E-003   1.15689095262957     
  4.000000000000000E-003  0.733891941014743     
  4.999999999999998E-003  0.706732990947829     
  5.999999999999998E-003   1.39022210273648     
  6.999999999999999E-003  0.917417664068398     
  8.000000000000000E-003   1.44266097719390     
  9.000000000000001E-003  0.433118284033373     
  1.000000000000000E-002  0.950353682683297     
  1.100000000000000E-002   1.22948395992861     
  1.200000000000000E-002   2.30884786507680     
  1.300000000000000E-002   2.32448781457174     
  1.400000000000000E-002   2.72211829071641     
  1.500000000000000E-002   1.36818069695619     
  1.600000000000000E-002   2.05339247450154     
  1.700000000000000E-002  8.014676073014779E-002
  1.800000000000000E-002  0.000000000000000E+000
  1.900000000000000E-002  0.000000000000000E+000
  2.000000000000000E-002  0.000000000000000E+000
  2.100000000000000E-002  0.000000000000000E+000
  2.200000000000000E-002  0.000000000000000E+000
  2.300000000000000E-002  0.000000000000000E+000
  2.400000000000000E-002  0.000000000000000E+000
  2.500000000000000E-002  0.000000000000000E+000
