 -2.500000000000000E-002  0.000000000000000E+000
 -2.400000000000000E-002  0.000000000000000E+000
 -2.300000000000000E-002  0.000000000000000E+000
 -2.200000000000000E-002  0.000000000000000E+000
 -2.100000000000000E-002  0.000000000000000E+000
 -2.000000000000000E-002  0.000000000000000E+000
 -1.900000000000000E-002  0.000000000000000E+000
 -1.800000000000000E-002  0.000000000000000E+000
 -1.700000000000000E-002  0.000000000000000E+000
 -1.600000000000000E-002  0.000000000000000E+000
 -1.500000000000000E-002  0.000000000000000E+000
 -1.400000000000000E-002  0.000000000000000E+000
 -1.300000000000000E-002  0.000000000000000E+000
 -1.200000000000000E-002  0.000000000000000E+000
 -1.100000000000000E-002  0.116034526675978     
 -1.000000000000000E-002  0.312223388651367     
 -9.000000000000001E-003   1.71225866641202     
 -8.000000000000000E-003  0.581530021301084     
 -6.999999999999999E-003  0.285543292828785     
 -6.000000000000002E-003   4.70089944080296     
 -5.000000000000001E-003   13.7294942700632     
 -4.000000000000000E-003   16.9907341339476     
 -3.000000000000003E-003   20.1969319846799     
 -2.000000000000002E-003   15.9574732714436     
 -1.000000000000001E-003   14.0903167775401     
  0.000000000000000E+000   13.0259486015920     
  1.000000000000001E-003   7.84935452271673     
  1.999999999999998E-003   12.2526256171529     
  2.999999999999999E-003   7.97790507407164     
  4.000000000000000E-003   5.89772133883354     
  4.999999999999998E-003   7.71339002539163     
  5.999999999999998E-003   6.82640418747189     
  6.999999999999999E-003   3.95490751547507     
  8.000000000000000E-003   4.54735965707600     
  9.000000000000001E-003  0.554700987907091     
  1.000000000000000E-002  0.368893684969259     
  1.100000000000000E-002  0.251429012995730     
  1.200000000000000E-002   1.20240795362389     
  1.300000000000000E-002   1.38694321835792     
  1.400000000000000E-002  0.200339942959835     
  1.500000000000000E-002  0.530634946072073     
  1.600000000000000E-002  0.318896886510309     
  1.700000000000000E-002  0.342657052475979     
  1.800000000000000E-002  0.466556284652856     
  1.900000000000000E-002  1.737153471408902E-004
  2.000000000000000E-002  0.000000000000000E+000
  2.100000000000000E-002  0.000000000000000E+000
  2.200000000000000E-002  0.000000000000000E+000
  2.300000000000000E-002  0.000000000000000E+000
  2.400000000000000E-002  0.000000000000000E+000
  2.500000000000000E-002  0.000000000000000E+000
