 -2.500000000000000E-002  0.000000000000000E+000
 -2.400000000000000E-002  0.000000000000000E+000
 -2.300000000000000E-002  0.000000000000000E+000
 -2.200000000000000E-002  0.000000000000000E+000
 -2.100000000000000E-002  0.000000000000000E+000
 -2.000000000000000E-002  0.000000000000000E+000
 -1.900000000000000E-002  0.000000000000000E+000
 -1.800000000000000E-002  0.000000000000000E+000
 -1.700000000000000E-002  0.000000000000000E+000
 -1.600000000000000E-002  0.000000000000000E+000
 -1.500000000000000E-002  0.000000000000000E+000
 -1.400000000000000E-002  0.000000000000000E+000
 -1.300000000000000E-002  0.000000000000000E+000
 -1.200000000000000E-002  0.000000000000000E+000
 -1.100000000000000E-002  0.000000000000000E+000
 -1.000000000000000E-002  0.000000000000000E+000
 -9.000000000000001E-003  0.000000000000000E+000
 -8.000000000000000E-003   1.52700661561780     
 -6.999999999999999E-003   4.50258689228149     
 -6.000000000000002E-003   5.81827791080418     
 -5.000000000000001E-003   8.07650572100944     
 -4.000000000000000E-003   15.0486578181330     
 -3.000000000000003E-003   21.2643130167471     
 -2.000000000000002E-003   21.7888055015385     
 -1.000000000000001E-003   19.1263107562519     
  0.000000000000000E+000   18.7290703933685     
  1.000000000000001E-003   16.5479141693459     
  1.999999999999998E-003   15.9265298282086     
  2.999999999999999E-003   7.68586639143950     
  4.000000000000000E-003   6.46628372185419     
  4.999999999999998E-003   3.35059661163548     
  5.999999999999998E-003   1.75142861993844     
  6.999999999999999E-003   2.20262690828047     
  8.000000000000000E-003   1.64787160627033     
  9.000000000000001E-003   3.31873979843165     
  1.000000000000000E-002   1.46098358645754     
  1.100000000000000E-002   4.14509606357744     
  1.200000000000000E-002   4.69976792128993     
  1.300000000000000E-002  0.214440147518687     
  1.400000000000000E-002  0.000000000000000E+000
  1.500000000000000E-002  0.000000000000000E+000
  1.600000000000000E-002  0.000000000000000E+000
  1.700000000000000E-002  0.000000000000000E+000
  1.800000000000000E-002  0.000000000000000E+000
  1.900000000000000E-002  0.000000000000000E+000
  2.000000000000000E-002  0.000000000000000E+000
  2.100000000000000E-002  0.000000000000000E+000
  2.200000000000000E-002  0.000000000000000E+000
  2.300000000000000E-002  0.000000000000000E+000
  2.400000000000000E-002  0.000000000000000E+000
  2.500000000000000E-002  0.000000000000000E+000
