 -2.500000000000000E-002  0.000000000000000E+000
 -2.400000000000000E-002  0.000000000000000E+000
 -2.300000000000000E-002  0.000000000000000E+000
 -2.200000000000000E-002  0.000000000000000E+000
 -2.100000000000000E-002  0.000000000000000E+000
 -2.000000000000000E-002  0.000000000000000E+000
 -1.900000000000000E-002  0.000000000000000E+000
 -1.800000000000000E-002  0.000000000000000E+000
 -1.700000000000000E-002  0.000000000000000E+000
 -1.600000000000000E-002  0.000000000000000E+000
 -1.500000000000000E-002  0.000000000000000E+000
 -1.400000000000000E-002  0.000000000000000E+000
 -1.300000000000000E-002  0.000000000000000E+000
 -1.200000000000000E-002  0.000000000000000E+000
 -1.100000000000000E-002  0.230288853286491     
 -1.000000000000000E-002   1.35109342601488     
 -9.000000000000001E-003   1.46090772069863     
 -8.000000000000000E-003  0.588649352952017     
 -6.999999999999999E-003   1.39110175023049     
 -6.000000000000002E-003  0.631530691462285     
 -5.000000000000001E-003   2.22065052557949     
 -4.000000000000000E-003   7.79987866517120     
 -3.000000000000003E-003   9.27317493956603     
 -2.000000000000002E-003   14.0030687085253     
 -1.000000000000001E-003   13.0420496255522     
  0.000000000000000E+000   11.5671735044220     
  1.000000000000001E-003   13.0698198751807     
  1.999999999999998E-003   3.35977165780587     
  2.999999999999999E-003   1.04036935326496     
  4.000000000000000E-003   1.10308642174776     
  4.999999999999998E-003   1.64251146775996     
  5.999999999999998E-003  0.712524127419075     
  6.999999999999999E-003  0.562094696995602     
  8.000000000000000E-003  0.273917539004841     
  9.000000000000001E-003   1.02457034433843     
  1.000000000000000E-002  0.916078207885784     
  1.100000000000000E-002  0.519298545135986     
  1.200000000000000E-002  0.411774188420590     
  1.300000000000000E-002   1.23197617239846     
  1.400000000000000E-002  0.317429780446331     
  1.500000000000000E-002  0.317095737972567     
  1.600000000000000E-002  0.333673675406525     
  1.700000000000000E-002   1.47713209009231     
  1.800000000000000E-002  0.559808355263222     
  1.900000000000000E-002  0.195074777988669     
  2.000000000000000E-002  0.511177071456619     
  2.100000000000000E-002  7.162815055471353E-002
  2.200000000000000E-002  0.000000000000000E+000
  2.300000000000000E-002  0.000000000000000E+000
  2.400000000000000E-002  0.000000000000000E+000
  2.500000000000000E-002  0.000000000000000E+000
