 -2.500000000000000E-002  0.000000000000000E+000
 -2.400000000000000E-002  0.000000000000000E+000
 -2.300000000000000E-002  0.000000000000000E+000
 -2.200000000000000E-002  0.000000000000000E+000
 -2.100000000000000E-002  0.000000000000000E+000
 -2.000000000000000E-002  0.000000000000000E+000
 -1.900000000000000E-002  0.000000000000000E+000
 -1.800000000000000E-002  0.000000000000000E+000
 -1.700000000000000E-002  0.000000000000000E+000
 -1.600000000000000E-002  0.000000000000000E+000
 -1.500000000000000E-002  0.000000000000000E+000
 -1.400000000000000E-002  0.000000000000000E+000
 -1.300000000000000E-002  0.000000000000000E+000
 -1.200000000000000E-002  0.000000000000000E+000
 -1.100000000000000E-002  0.000000000000000E+000
 -1.000000000000000E-002  0.000000000000000E+000
 -9.000000000000001E-003  0.000000000000000E+000
 -8.000000000000000E-003  0.000000000000000E+000
 -6.999999999999999E-003  0.180183815555013     
 -6.000000000000002E-003   4.42066340795501     
 -5.000000000000001E-003   6.69991661439908     
 -4.000000000000000E-003   17.5236590801777     
 -3.000000000000003E-003   22.3419653219747     
 -2.000000000000002E-003   20.1733603282155     
 -1.000000000000001E-003   17.9381943345393     
  0.000000000000000E+000   14.0062816224145     
  1.000000000000001E-003   8.42591166546797     
  1.999999999999998E-003   3.17010281934654     
  2.999999999999999E-003   1.05165677280972     
  4.000000000000000E-003   1.45714102432430     
  4.999999999999998E-003  0.300164294645783     
  5.999999999999998E-003  0.710876796269110     
  6.999999999999999E-003  0.921821551167792     
  8.000000000000000E-003   1.37257733418128     
  9.000000000000001E-003   1.90254316125096     
  1.000000000000000E-002   2.37145407276496     
  1.100000000000000E-002   4.89541621160777     
  1.200000000000000E-002   4.05130010634240     
  1.300000000000000E-002   2.40104681749782     
  1.400000000000000E-002   2.24397860771978     
  1.500000000000000E-002  9.629423937301121E-002
  1.600000000000000E-002  0.000000000000000E+000
  1.700000000000000E-002  0.000000000000000E+000
  1.800000000000000E-002  0.000000000000000E+000
  1.900000000000000E-002  0.000000000000000E+000
  2.000000000000000E-002  0.000000000000000E+000
  2.100000000000000E-002  0.000000000000000E+000
  2.200000000000000E-002  0.000000000000000E+000
  2.300000000000000E-002  0.000000000000000E+000
  2.400000000000000E-002  0.000000000000000E+000
  2.500000000000000E-002  0.000000000000000E+000
