 -2.500000000000000E-002  0.000000000000000E+000
 -2.400000000000000E-002  0.000000000000000E+000
 -2.300000000000000E-002  0.000000000000000E+000
 -2.200000000000000E-002  0.000000000000000E+000
 -2.100000000000000E-002  0.000000000000000E+000
 -2.000000000000000E-002  0.000000000000000E+000
 -1.900000000000000E-002  0.000000000000000E+000
 -1.800000000000000E-002  0.000000000000000E+000
 -1.700000000000000E-002  0.000000000000000E+000
 -1.600000000000000E-002  0.000000000000000E+000
 -1.500000000000000E-002  0.000000000000000E+000
 -1.400000000000000E-002  0.000000000000000E+000
 -1.300000000000000E-002  0.000000000000000E+000
 -1.200000000000000E-002  0.000000000000000E+000
 -1.100000000000000E-002  0.000000000000000E+000
 -1.000000000000000E-002  0.136231231073590     
 -9.000000000000001E-003   2.56254992092776     
 -8.000000000000000E-003   6.90117432580448     
 -6.999999999999999E-003   6.90672264390028     
 -6.000000000000002E-003   6.06995379983510     
 -5.000000000000001E-003   5.11375089371099     
 -4.000000000000000E-003   7.03883826963053     
 -3.000000000000003E-003   9.77514403287369     
 -2.000000000000002E-003   9.83952481323677     
 -1.000000000000001E-003   16.4858064565575     
  0.000000000000000E+000   21.6324674597507     
  1.000000000000001E-003   21.6691198942405     
  1.999999999999998E-003   17.3394321738907     
  2.999999999999999E-003   20.5763354770308     
  4.000000000000000E-003   11.8440408429447     
  4.999999999999998E-003   4.25555225014803     
  5.999999999999998E-003   2.72222136060160     
  6.999999999999999E-003   4.98787878490269     
  8.000000000000000E-003   3.85933327703989     
  9.000000000000001E-003   1.62762456045653     
  1.000000000000000E-002  8.967753144313152E-002
  1.100000000000000E-002  0.000000000000000E+000
  1.200000000000000E-002  0.000000000000000E+000
  1.300000000000000E-002  0.000000000000000E+000
  1.400000000000000E-002  0.000000000000000E+000
  1.500000000000000E-002  0.000000000000000E+000
  1.600000000000000E-002  0.000000000000000E+000
  1.700000000000000E-002  0.000000000000000E+000
  1.800000000000000E-002  0.000000000000000E+000
  1.900000000000000E-002  0.000000000000000E+000
  2.000000000000000E-002  0.000000000000000E+000
  2.100000000000000E-002  0.000000000000000E+000
  2.200000000000000E-002  0.000000000000000E+000
  2.300000000000000E-002  0.000000000000000E+000
  2.400000000000000E-002  0.000000000000000E+000
  2.500000000000000E-002  0.000000000000000E+000
