 -2.500000000000000E-002  0.000000000000000E+000
 -2.400000000000000E-002  0.000000000000000E+000
 -2.300000000000000E-002  0.000000000000000E+000
 -2.200000000000000E-002  0.000000000000000E+000
 -2.100000000000000E-002  0.000000000000000E+000
 -2.000000000000000E-002  0.000000000000000E+000
 -1.900000000000000E-002  0.000000000000000E+000
 -1.800000000000000E-002  0.000000000000000E+000
 -1.700000000000000E-002  0.000000000000000E+000
 -1.600000000000000E-002  0.000000000000000E+000
 -1.500000000000000E-002  0.000000000000000E+000
 -1.400000000000000E-002  0.000000000000000E+000
 -1.300000000000000E-002  0.000000000000000E+000
 -1.200000000000000E-002  0.497233367871071     
 -1.100000000000000E-002  0.711595630948642     
 -1.000000000000000E-002   2.02956070706437     
 -9.000000000000001E-003   1.67496776292143     
 -8.000000000000000E-003  6.959491240064829E-002
 -6.999999999999999E-003   1.37751135813172     
 -6.000000000000002E-003   3.13670523427374     
 -5.000000000000001E-003   5.53300338231121     
 -4.000000000000000E-003   6.52132297676897     
 -3.000000000000003E-003   18.7652888080386     
 -2.000000000000002E-003   21.2808571944563     
 -1.000000000000001E-003   16.7588378324126     
  0.000000000000000E+000   10.8983451001021     
  1.000000000000001E-003   12.2126808729066     
  1.999999999999998E-003   14.4792006628608     
  2.999999999999999E-003   4.73379260024280     
  4.000000000000000E-003   2.75547097567769     
  4.999999999999998E-003   2.75321404701738     
  5.999999999999998E-003   6.63233600305119     
  6.999999999999999E-003   4.70543476598321     
  8.000000000000000E-003   9.62529030978122     
  9.000000000000001E-003   1.71596549477783     
  1.000000000000000E-002  0.000000000000000E+000
  1.100000000000000E-002  0.000000000000000E+000
  1.200000000000000E-002  0.000000000000000E+000
  1.300000000000000E-002  0.000000000000000E+000
  1.400000000000000E-002  0.000000000000000E+000
  1.500000000000000E-002  0.000000000000000E+000
  1.600000000000000E-002  0.000000000000000E+000
  1.700000000000000E-002  0.000000000000000E+000
  1.800000000000000E-002  0.000000000000000E+000
  1.900000000000000E-002  0.000000000000000E+000
  2.000000000000000E-002  0.000000000000000E+000
  2.100000000000000E-002  0.000000000000000E+000
  2.200000000000000E-002  0.000000000000000E+000
  2.300000000000000E-002  0.000000000000000E+000
  2.400000000000000E-002  0.000000000000000E+000
  2.500000000000000E-002  0.000000000000000E+000
