 -2.500000000000000E-002  0.000000000000000E+000
 -2.400000000000000E-002  0.000000000000000E+000
 -2.300000000000000E-002  0.000000000000000E+000
 -2.200000000000000E-002  0.000000000000000E+000
 -2.100000000000000E-002  0.000000000000000E+000
 -2.000000000000000E-002  0.000000000000000E+000
 -1.900000000000000E-002  0.301458370316315     
 -1.800000000000000E-002   1.30446583056676     
 -1.700000000000000E-002  0.857518755436251     
 -1.600000000000000E-002  0.748946824449315     
 -1.500000000000000E-002  0.725767686511380     
 -1.400000000000000E-002   1.42766109752166     
 -1.300000000000000E-002  0.837937635855832     
 -1.200000000000000E-002  0.811483767877676     
 -1.100000000000000E-002  0.796865903471719     
 -1.000000000000000E-002  0.693603302818285     
 -9.000000000000001E-003   1.78243508721339     
 -8.000000000000000E-003   2.89318476237822     
 -6.999999999999999E-003   8.04086979269036     
 -6.000000000000002E-003   6.87872846315185     
 -5.000000000000001E-003   5.39516586512917     
 -4.000000000000000E-003   5.99546940093386     
 -3.000000000000003E-003   5.39417914000300     
 -2.000000000000002E-003   5.89891617011199     
 -1.000000000000001E-003   4.70718691780742     
  0.000000000000000E+000   6.75708825237040     
  1.000000000000001E-003   8.65746275873009     
  1.999999999999998E-003   12.7083729169220     
  2.999999999999999E-003   18.5391780412308     
  4.000000000000000E-003   23.4184822146600     
  4.999999999999998E-003   13.9883893676232     
  5.999999999999998E-003   3.20300103812149     
  6.999999999999999E-003   1.50168147547306     
  8.000000000000000E-003   1.21145421031025     
  9.000000000000001E-003   2.16957589118885     
  1.000000000000000E-002   2.68654216294853     
  1.100000000000000E-002  0.224916896176909     
  1.200000000000000E-002  0.000000000000000E+000
  1.300000000000000E-002  0.000000000000000E+000
  1.400000000000000E-002  0.000000000000000E+000
  1.500000000000000E-002  0.000000000000000E+000
  1.600000000000000E-002  0.000000000000000E+000
  1.700000000000000E-002  0.000000000000000E+000
  1.800000000000000E-002  0.000000000000000E+000
  1.900000000000000E-002  0.000000000000000E+000
  2.000000000000000E-002  0.000000000000000E+000
  2.100000000000000E-002  0.000000000000000E+000
  2.200000000000000E-002  0.000000000000000E+000
  2.300000000000000E-002  0.000000000000000E+000
  2.400000000000000E-002  0.000000000000000E+000
  2.500000000000000E-002  0.000000000000000E+000
