 -2.500000000000000E-002  0.000000000000000E+000
 -2.400000000000000E-002  0.000000000000000E+000
 -2.300000000000000E-002  0.000000000000000E+000
 -2.200000000000000E-002  0.000000000000000E+000
 -2.100000000000000E-002  0.000000000000000E+000
 -2.000000000000000E-002  0.000000000000000E+000
 -1.900000000000000E-002  0.000000000000000E+000
 -1.800000000000000E-002  0.000000000000000E+000
 -1.700000000000000E-002  0.000000000000000E+000
 -1.600000000000000E-002  0.000000000000000E+000
 -1.500000000000000E-002  0.000000000000000E+000
 -1.400000000000000E-002  0.000000000000000E+000
 -1.300000000000000E-002  3.459690846628289E-002
 -1.200000000000000E-002  0.573863091533718     
 -1.100000000000000E-002   1.35399626962492     
 -1.000000000000000E-002   1.87591689231517     
 -9.000000000000001E-003   1.12742683805991     
 -8.000000000000000E-003   1.36748280080043     
 -6.999999999999999E-003   4.83672738076394     
 -6.000000000000002E-003   8.42075456725200     
 -5.000000000000001E-003   8.47817680327760     
 -4.000000000000000E-003   10.1997362588247     
 -3.000000000000003E-003   7.50010166213735     
 -2.000000000000002E-003   7.10237367325732     
 -1.000000000000001E-003   5.57738369889505     
  0.000000000000000E+000   5.18057941167501     
  1.000000000000001E-003   9.64822538628540     
  1.999999999999998E-003   8.85794280103921     
  2.999999999999999E-003   4.99691930525144     
  4.000000000000000E-003   4.64905167397681     
  4.999999999999998E-003   7.91053181612437     
  5.999999999999998E-003   10.9759117612473     
  6.999999999999999E-003   6.96903532267565     
  8.000000000000000E-003   6.97989220047074     
  9.000000000000001E-003  0.111203476045652     
  1.000000000000000E-002  0.000000000000000E+000
  1.100000000000000E-002  0.000000000000000E+000
  1.200000000000000E-002  0.000000000000000E+000
  1.300000000000000E-002  0.000000000000000E+000
  1.400000000000000E-002  0.000000000000000E+000
  1.500000000000000E-002  0.000000000000000E+000
  1.600000000000000E-002  0.000000000000000E+000
  1.700000000000000E-002  0.000000000000000E+000
  1.800000000000000E-002  0.000000000000000E+000
  1.900000000000000E-002  0.000000000000000E+000
  2.000000000000000E-002  0.000000000000000E+000
  2.100000000000000E-002  0.000000000000000E+000
  2.200000000000000E-002  0.000000000000000E+000
  2.300000000000000E-002  0.000000000000000E+000
  2.400000000000000E-002  0.000000000000000E+000
  2.500000000000000E-002  0.000000000000000E+000
