 -2.500000000000000E-002  0.000000000000000E+000
 -2.400000000000000E-002  0.000000000000000E+000
 -2.300000000000000E-002  0.000000000000000E+000
 -2.200000000000000E-002  0.000000000000000E+000
 -2.100000000000000E-002  0.000000000000000E+000
 -2.000000000000000E-002  0.000000000000000E+000
 -1.900000000000000E-002  0.000000000000000E+000
 -1.800000000000000E-002  0.000000000000000E+000
 -1.700000000000000E-002  0.000000000000000E+000
 -1.600000000000000E-002  0.157522656140497     
 -1.500000000000000E-002  0.388180329698356     
 -1.400000000000000E-002   1.83273498590911     
 -1.300000000000000E-002  0.212402028252040     
 -1.200000000000000E-002  0.550119440018854     
 -1.100000000000000E-002  0.910935632011577     
 -1.000000000000000E-002   1.20889695103358     
 -9.000000000000001E-003  0.901997976935986     
 -8.000000000000000E-003  0.621744147904390     
 -6.999999999999999E-003  0.781749544537075     
 -6.000000000000002E-003   1.26881823109430     
 -5.000000000000001E-003   1.97638611887355     
 -4.000000000000000E-003   5.53489869807215     
 -3.000000000000003E-003   19.6123556560876     
 -2.000000000000002E-003   47.1180678040690     
 -1.000000000000001E-003   59.1049997744800     
  0.000000000000000E+000   46.8104667580172     
  1.000000000000001E-003   36.6883787661456     
  1.999999999999998E-003   25.0788766760610     
  2.999999999999999E-003   18.3734163327226     
  4.000000000000000E-003   1.77536757537599     
  4.999999999999998E-003   1.02478631002593     
  5.999999999999998E-003   1.39063001860981     
  6.999999999999999E-003  0.981774879849828     
  8.000000000000000E-003  0.920196068258861     
  9.000000000000001E-003   1.05649294979435     
  1.000000000000000E-002   1.08229002402856     
  1.100000000000000E-002   1.37346749520598     
  1.200000000000000E-002   1.77112810749939     
  1.300000000000000E-002   1.86068485639093     
  1.400000000000000E-002   2.40003705333629     
  1.500000000000000E-002   1.98083955960760     
  1.600000000000000E-002  0.401836593952241     
  1.700000000000000E-002  0.000000000000000E+000
  1.800000000000000E-002  0.000000000000000E+000
  1.900000000000000E-002  0.000000000000000E+000
  2.000000000000000E-002  0.000000000000000E+000
  2.100000000000000E-002  0.000000000000000E+000
  2.200000000000000E-002  0.000000000000000E+000
  2.300000000000000E-002  0.000000000000000E+000
  2.400000000000000E-002  0.000000000000000E+000
  2.500000000000000E-002  0.000000000000000E+000
