 -2.500000000000000E-002  0.000000000000000E+000
 -2.400000000000000E-002  0.000000000000000E+000
 -2.300000000000000E-002  0.000000000000000E+000
 -2.200000000000000E-002  0.000000000000000E+000
 -2.100000000000000E-002  0.000000000000000E+000
 -2.000000000000000E-002  0.000000000000000E+000
 -1.900000000000000E-002  0.000000000000000E+000
 -1.800000000000000E-002  0.000000000000000E+000
 -1.700000000000000E-002  0.000000000000000E+000
 -1.600000000000000E-002  0.000000000000000E+000
 -1.500000000000000E-002  0.000000000000000E+000
 -1.400000000000000E-002  0.000000000000000E+000
 -1.300000000000000E-002  0.000000000000000E+000
 -1.200000000000000E-002  0.000000000000000E+000
 -1.100000000000000E-002  0.000000000000000E+000
 -1.000000000000000E-002  0.000000000000000E+000
 -9.000000000000001E-003  9.957330758715231E-002
 -8.000000000000000E-003   4.18419655526622     
 -6.999999999999999E-003   10.9800990006711     
 -6.000000000000002E-003   15.9068521548693     
 -5.000000000000001E-003   14.6915523706050     
 -4.000000000000000E-003   12.8939063214213     
 -3.000000000000003E-003   8.88912136080730     
 -2.000000000000002E-003   11.0011898541156     
 -1.000000000000001E-003   10.9117645340370     
  0.000000000000000E+000   9.70036927923987     
  1.000000000000001E-003   12.1787426007084     
  1.999999999999998E-003   17.0890368063171     
  2.999999999999999E-003   19.2243045986805     
  4.000000000000000E-003   27.7051599999565     
  4.999999999999998E-003   20.0841460997519     
  5.999999999999998E-003   12.1948830252796     
  6.999999999999999E-003  0.171152130686081     
  8.000000000000000E-003  0.000000000000000E+000
  9.000000000000001E-003  0.000000000000000E+000
  1.000000000000000E-002  0.000000000000000E+000
  1.100000000000000E-002  0.000000000000000E+000
  1.200000000000000E-002  0.000000000000000E+000
  1.300000000000000E-002  0.000000000000000E+000
  1.400000000000000E-002  0.000000000000000E+000
  1.500000000000000E-002  0.000000000000000E+000
  1.600000000000000E-002  0.000000000000000E+000
  1.700000000000000E-002  0.000000000000000E+000
  1.800000000000000E-002  0.000000000000000E+000
  1.900000000000000E-002  0.000000000000000E+000
  2.000000000000000E-002  0.000000000000000E+000
  2.100000000000000E-002  0.000000000000000E+000
  2.200000000000000E-002  0.000000000000000E+000
  2.300000000000000E-002  0.000000000000000E+000
  2.400000000000000E-002  0.000000000000000E+000
  2.500000000000000E-002  0.000000000000000E+000
