 -2.500000000000000E-002  0.000000000000000E+000
 -2.400000000000000E-002  0.000000000000000E+000
 -2.300000000000000E-002  0.000000000000000E+000
 -2.200000000000000E-002  0.000000000000000E+000
 -2.100000000000000E-002  0.000000000000000E+000
 -2.000000000000000E-002  0.000000000000000E+000
 -1.900000000000000E-002  0.000000000000000E+000
 -1.800000000000000E-002  0.000000000000000E+000
 -1.700000000000000E-002  0.374005342519469     
 -1.600000000000000E-002  0.992801338735458     
 -1.500000000000000E-002   1.14260959885367     
 -1.400000000000000E-002  0.790160146267872     
 -1.300000000000000E-002   1.03471323699852     
 -1.200000000000000E-002  0.677633413642127     
 -1.100000000000000E-002  0.782193806889419     
 -1.000000000000000E-002  0.583304588917806     
 -9.000000000000001E-003  0.732690479321228     
 -8.000000000000000E-003   1.21205452093414     
 -6.999999999999999E-003  0.336880955404984     
 -6.000000000000002E-003  0.274723179794151     
 -5.000000000000001E-003  0.849419412448465     
 -4.000000000000000E-003   6.41345725366281     
 -3.000000000000003E-003   21.5982056338692     
 -2.000000000000002E-003   26.1418875316585     
 -1.000000000000001E-003   20.1915093865964     
  0.000000000000000E+000   18.0637346001032     
  1.000000000000001E-003   15.7728078392589     
  1.999999999999998E-003   9.04668182027439     
  2.999999999999999E-003   1.90049711151638     
  4.000000000000000E-003   1.65157145324377     
  4.999999999999998E-003   1.41418934833158     
  5.999999999999998E-003   1.27064130507354     
  6.999999999999999E-003   3.09382331171732     
  8.000000000000000E-003   4.23025944789685     
  9.000000000000001E-003   3.13515014220003     
  1.000000000000000E-002   3.33637648414869     
  1.100000000000000E-002   3.23874560837843     
  1.200000000000000E-002   2.64370529212989     
  1.300000000000000E-002   1.67082852119471     
  1.400000000000000E-002  0.202807888018154     
  1.500000000000000E-002  0.000000000000000E+000
  1.600000000000000E-002  0.000000000000000E+000
  1.700000000000000E-002  0.000000000000000E+000
  1.800000000000000E-002  0.000000000000000E+000
  1.900000000000000E-002  0.000000000000000E+000
  2.000000000000000E-002  0.000000000000000E+000
  2.100000000000000E-002  0.000000000000000E+000
  2.200000000000000E-002  0.000000000000000E+000
  2.300000000000000E-002  0.000000000000000E+000
  2.400000000000000E-002  0.000000000000000E+000
  2.500000000000000E-002  0.000000000000000E+000
