 -2.500000000000000E-002  0.000000000000000E+000
 -2.400000000000000E-002  0.000000000000000E+000
 -2.300000000000000E-002  0.000000000000000E+000
 -2.200000000000000E-002  0.000000000000000E+000
 -2.100000000000000E-002  0.000000000000000E+000
 -2.000000000000000E-002  0.000000000000000E+000
 -1.900000000000000E-002  0.000000000000000E+000
 -1.800000000000000E-002  0.000000000000000E+000
 -1.700000000000000E-002  0.000000000000000E+000
 -1.600000000000000E-002  0.000000000000000E+000
 -1.500000000000000E-002  0.000000000000000E+000
 -1.400000000000000E-002  0.000000000000000E+000
 -1.300000000000000E-002  0.000000000000000E+000
 -1.200000000000000E-002  0.000000000000000E+000
 -1.100000000000000E-002  0.000000000000000E+000
 -1.000000000000000E-002  0.000000000000000E+000
 -9.000000000000001E-003  0.000000000000000E+000
 -8.000000000000000E-003  0.000000000000000E+000
 -6.999999999999999E-003  0.652546096927885     
 -6.000000000000002E-003   3.06917762574983     
 -5.000000000000001E-003   6.50501263353924     
 -4.000000000000000E-003   13.3225930533186     
 -3.000000000000003E-003   40.0600315366361     
 -2.000000000000002E-003   82.9064210129229     
 -1.000000000000001E-003   101.050504710828     
  0.000000000000000E+000   79.2963565768236     
  1.000000000000001E-003   63.8358395150654     
  1.999999999999998E-003   42.2927035224803     
  2.999999999999999E-003   30.0503773391166     
  4.000000000000000E-003   3.23198910241998     
  4.999999999999998E-003   1.68641666992270     
  5.999999999999998E-003   2.60336238529567     
  6.999999999999999E-003   3.47726217396801     
  8.000000000000000E-003   2.30724825665645     
  9.000000000000001E-003   3.42482616944210     
  1.000000000000000E-002   1.74865292725802     
  1.100000000000000E-002   3.89197525057054     
  1.200000000000000E-002   5.22006274337513     
  1.300000000000000E-002  0.959270697683111     
  1.400000000000000E-002  0.000000000000000E+000
  1.500000000000000E-002  0.000000000000000E+000
  1.600000000000000E-002  0.000000000000000E+000
  1.700000000000000E-002  0.000000000000000E+000
  1.800000000000000E-002  0.000000000000000E+000
  1.900000000000000E-002  0.000000000000000E+000
  2.000000000000000E-002  0.000000000000000E+000
  2.100000000000000E-002  0.000000000000000E+000
  2.200000000000000E-002  0.000000000000000E+000
  2.300000000000000E-002  0.000000000000000E+000
  2.400000000000000E-002  0.000000000000000E+000
  2.500000000000000E-002  0.000000000000000E+000
