 -2.500000000000000E-002  0.000000000000000E+000
 -2.400000000000000E-002  0.000000000000000E+000
 -2.300000000000000E-002  0.000000000000000E+000
 -2.200000000000000E-002  0.000000000000000E+000
 -2.100000000000000E-002  0.000000000000000E+000
 -2.000000000000000E-002  0.000000000000000E+000
 -1.900000000000000E-002  0.000000000000000E+000
 -1.800000000000000E-002  0.000000000000000E+000
 -1.700000000000000E-002  0.000000000000000E+000
 -1.600000000000000E-002  0.000000000000000E+000
 -1.500000000000000E-002  0.306063065921972     
 -1.400000000000000E-002  0.812328108826960     
 -1.300000000000000E-002  0.899041216242761     
 -1.200000000000000E-002  0.580349736570351     
 -1.100000000000000E-002  0.343737872437956     
 -1.000000000000000E-002   1.38738241389178     
 -9.000000000000001E-003  0.924920279328359     
 -8.000000000000000E-003  0.395018925772093     
 -6.999999999999999E-003  0.955929120916003     
 -6.000000000000002E-003   1.08792047132830     
 -5.000000000000001E-003   2.59164997313666     
 -4.000000000000000E-003   9.18750812005539     
 -3.000000000000003E-003   17.2544261614122     
 -2.000000000000002E-003   18.2521668728219     
 -1.000000000000001E-003   15.1053459613794     
  0.000000000000000E+000   14.0050830692496     
  1.000000000000001E-003   16.8272294791676     
  1.999999999999998E-003   16.9371519594643     
  2.999999999999999E-003   6.75773887207407     
  4.000000000000000E-003   1.75080362338274     
  4.999999999999998E-003   1.31266435291323     
  5.999999999999998E-003  0.360785088110834     
  6.999999999999999E-003   1.02667833089438     
  8.000000000000000E-003  0.510474789070080     
  9.000000000000001E-003  0.596867735704844     
  1.000000000000000E-002   1.46734951417941     
  1.100000000000000E-002   1.08900455422823     
  1.200000000000000E-002   2.07043830762942     
  1.300000000000000E-002  0.902179342301950     
  1.400000000000000E-002   1.32185961323959     
  1.500000000000000E-002   1.92072074691035     
  1.600000000000000E-002  0.776342321437268     
  1.700000000000000E-002  0.000000000000000E+000
  1.800000000000000E-002  0.000000000000000E+000
  1.900000000000000E-002  0.000000000000000E+000
  2.000000000000000E-002  0.000000000000000E+000
  2.100000000000000E-002  0.000000000000000E+000
  2.200000000000000E-002  0.000000000000000E+000
  2.300000000000000E-002  0.000000000000000E+000
  2.400000000000000E-002  0.000000000000000E+000
  2.500000000000000E-002  0.000000000000000E+000
