 -2.500000000000000E-002  0.000000000000000E+000
 -2.400000000000000E-002  0.000000000000000E+000
 -2.300000000000000E-002  0.000000000000000E+000
 -2.200000000000000E-002  0.000000000000000E+000
 -2.100000000000000E-002  0.000000000000000E+000
 -2.000000000000000E-002  0.000000000000000E+000
 -1.900000000000000E-002  0.000000000000000E+000
 -1.800000000000000E-002  0.000000000000000E+000
 -1.700000000000000E-002  0.000000000000000E+000
 -1.600000000000000E-002  0.000000000000000E+000
 -1.500000000000000E-002  0.000000000000000E+000
 -1.400000000000000E-002  0.000000000000000E+000
 -1.300000000000000E-002  0.000000000000000E+000
 -1.200000000000000E-002  0.000000000000000E+000
 -1.100000000000000E-002  0.000000000000000E+000
 -1.000000000000000E-002  0.000000000000000E+000
 -9.000000000000001E-003  0.000000000000000E+000
 -8.000000000000000E-003  0.270475638968079     
 -6.999999999999999E-003   5.30412990664573     
 -6.000000000000002E-003   10.8061627364748     
 -5.000000000000001E-003   14.6628820673143     
 -4.000000000000000E-003   19.8799035848111     
 -3.000000000000003E-003   48.2087101092316     
 -2.000000000000002E-003   84.1632276113460     
 -1.000000000000001E-003   93.6436090725450     
  0.000000000000000E+000   75.3003421981430     
  1.000000000000001E-003   56.6590630794548     
  1.999999999999998E-003   55.1511316380966     
  2.999999999999999E-003   33.3135095627797     
  4.000000000000000E-003   3.91914577789154     
  4.999999999999998E-003   3.62387106160616     
  5.999999999999998E-003   4.26219908403223     
  6.999999999999999E-003   4.29345110619047     
  8.000000000000000E-003   5.93529861306115     
  9.000000000000001E-003   5.59025249342215     
  1.000000000000000E-002   8.30334597314015     
  1.100000000000000E-002   9.16430156199304     
  1.200000000000000E-002   1.36198712285258     
  1.300000000000000E-002  0.000000000000000E+000
  1.400000000000000E-002  0.000000000000000E+000
  1.500000000000000E-002  0.000000000000000E+000
  1.600000000000000E-002  0.000000000000000E+000
  1.700000000000000E-002  0.000000000000000E+000
  1.800000000000000E-002  0.000000000000000E+000
  1.900000000000000E-002  0.000000000000000E+000
  2.000000000000000E-002  0.000000000000000E+000
  2.100000000000000E-002  0.000000000000000E+000
  2.200000000000000E-002  0.000000000000000E+000
  2.300000000000000E-002  0.000000000000000E+000
  2.400000000000000E-002  0.000000000000000E+000
  2.500000000000000E-002  0.000000000000000E+000
