 -2.500000000000000E-002  0.000000000000000E+000
 -2.400000000000000E-002  0.000000000000000E+000
 -2.300000000000000E-002  0.000000000000000E+000
 -2.200000000000000E-002  0.000000000000000E+000
 -2.100000000000000E-002  0.000000000000000E+000
 -2.000000000000000E-002  0.000000000000000E+000
 -1.900000000000000E-002  0.000000000000000E+000
 -1.800000000000000E-002  0.000000000000000E+000
 -1.700000000000000E-002  0.000000000000000E+000
 -1.600000000000000E-002  0.000000000000000E+000
 -1.500000000000000E-002  0.000000000000000E+000
 -1.400000000000000E-002  0.000000000000000E+000
 -1.300000000000000E-002  0.000000000000000E+000
 -1.200000000000000E-002  0.000000000000000E+000
 -1.100000000000000E-002  3.906953726437494E-002
 -1.000000000000000E-002  0.949251892778997     
 -9.000000000000001E-003   1.92344175514342     
 -8.000000000000000E-003   1.06977701246622     
 -6.999999999999999E-003   6.73612919507393     
 -6.000000000000002E-003   10.7726521879446     
 -5.000000000000001E-003   12.7513056013718     
 -4.000000000000000E-003   7.71838020175369     
 -3.000000000000003E-003   6.63021210813591     
 -2.000000000000002E-003   8.69704503120647     
 -1.000000000000001E-003   6.36391259551733     
  0.000000000000000E+000   10.0105588161160     
  1.000000000000001E-003   10.4312171775216     
  1.999999999999998E-003   10.5632376316121     
  2.999999999999999E-003   9.77529933030200     
  4.000000000000000E-003   13.9301935248539     
  4.999999999999998E-003   11.5654770416777     
  5.999999999999998E-003   10.1018099202793     
  6.999999999999999E-003   1.56489635140355     
  8.000000000000000E-003   1.10148485182583     
  9.000000000000001E-003   2.83815248113270     
  1.000000000000000E-002  0.429165754618525     
  1.100000000000000E-002  0.000000000000000E+000
  1.200000000000000E-002  0.000000000000000E+000
  1.300000000000000E-002  0.000000000000000E+000
  1.400000000000000E-002  0.000000000000000E+000
  1.500000000000000E-002  0.000000000000000E+000
  1.600000000000000E-002  0.000000000000000E+000
  1.700000000000000E-002  0.000000000000000E+000
  1.800000000000000E-002  0.000000000000000E+000
  1.900000000000000E-002  0.000000000000000E+000
  2.000000000000000E-002  0.000000000000000E+000
  2.100000000000000E-002  0.000000000000000E+000
  2.200000000000000E-002  0.000000000000000E+000
  2.300000000000000E-002  0.000000000000000E+000
  2.400000000000000E-002  0.000000000000000E+000
  2.500000000000000E-002  0.000000000000000E+000
