 -2.500000000000000E-002  0.000000000000000E+000
 -2.400000000000000E-002  0.000000000000000E+000
 -2.300000000000000E-002  0.000000000000000E+000
 -2.200000000000000E-002  0.000000000000000E+000
 -2.100000000000000E-002  0.000000000000000E+000
 -2.000000000000000E-002  0.000000000000000E+000
 -1.900000000000000E-002  0.000000000000000E+000
 -1.800000000000000E-002  0.178207553429935     
 -1.700000000000000E-002   1.27479693736705     
 -1.600000000000000E-002  0.313485509203011     
 -1.500000000000000E-002  0.732352468525258     
 -1.400000000000000E-002   1.49184609861169     
 -1.300000000000000E-002   1.22040644171574     
 -1.200000000000000E-002  0.393998900679261     
 -1.100000000000000E-002  0.196577087236065     
 -1.000000000000000E-002  0.358437204223294     
 -9.000000000000001E-003  0.942195134885876     
 -8.000000000000000E-003  0.909634394697599     
 -6.999999999999999E-003   1.17388661876872     
 -6.000000000000002E-003   4.73083018205285     
 -5.000000000000001E-003   5.43200004921144     
 -4.000000000000000E-003   21.6438384107481     
 -3.000000000000003E-003   46.9462088901824     
 -2.000000000000002E-003   62.8359729591675     
 -1.000000000000001E-003   56.2623537479264     
  0.000000000000000E+000   46.3756526289159     
  1.000000000000001E-003   34.0312648841416     
  1.999999999999998E-003   29.3732420600142     
  2.999999999999999E-003   14.6878985672823     
  4.000000000000000E-003   18.1162930750442     
  4.999999999999998E-003   12.7665032605333     
  5.999999999999998E-003   8.53780125154934     
  6.999999999999999E-003   6.82825572396804     
  8.000000000000000E-003   5.79471335100384     
  9.000000000000001E-003   2.46469911386503     
  1.000000000000000E-002   4.79208712830634     
  1.100000000000000E-002   5.34480828951273     
  1.200000000000000E-002   1.92846254078448     
  1.300000000000000E-002  8.300953644661788E-002
  1.400000000000000E-002  0.000000000000000E+000
  1.500000000000000E-002  0.000000000000000E+000
  1.600000000000000E-002  0.000000000000000E+000
  1.700000000000000E-002  0.000000000000000E+000
  1.800000000000000E-002  0.000000000000000E+000
  1.900000000000000E-002  0.000000000000000E+000
  2.000000000000000E-002  0.000000000000000E+000
  2.100000000000000E-002  0.000000000000000E+000
  2.200000000000000E-002  0.000000000000000E+000
  2.300000000000000E-002  0.000000000000000E+000
  2.400000000000000E-002  0.000000000000000E+000
  2.500000000000000E-002  0.000000000000000E+000
