 -2.500000000000000E-002  0.000000000000000E+000
 -2.400000000000000E-002  0.000000000000000E+000
 -2.300000000000000E-002  0.000000000000000E+000
 -2.200000000000000E-002  0.000000000000000E+000
 -2.100000000000000E-002  0.000000000000000E+000
 -2.000000000000000E-002  0.000000000000000E+000
 -1.900000000000000E-002  0.000000000000000E+000
 -1.800000000000000E-002  0.702175385922656     
 -1.700000000000000E-002   1.06431461407735     
 -1.600000000000000E-002  0.140687440069792     
 -1.500000000000000E-002   1.50532221026457     
 -1.400000000000000E-002   1.33219223706341     
 -1.300000000000000E-002  0.730196727654100     
 -1.200000000000000E-002  0.828461118400201     
 -1.100000000000000E-002   1.70453884221454     
 -1.000000000000000E-002   3.67950292867578     
 -9.000000000000001E-003   6.19742484378539     
 -8.000000000000000E-003   4.85174101330928     
 -6.999999999999999E-003   5.22462347022956     
 -6.000000000000002E-003   6.80650085698584     
 -5.000000000000001E-003   5.57929844934680     
 -4.000000000000000E-003   7.57644012509107     
 -3.000000000000003E-003   18.1575612551052     
 -2.000000000000002E-003   20.2596853646245     
 -1.000000000000001E-003   18.8705436937729     
  0.000000000000000E+000   13.3715697161907     
  1.000000000000001E-003   11.4275336324017     
  1.999999999999998E-003   6.50372499252686     
  2.999999999999999E-003   4.82042151564223     
  4.000000000000000E-003   6.28859836488037     
  4.999999999999998E-003   5.98531473719210     
  5.999999999999998E-003   4.21757201356222     
  6.999999999999999E-003   4.46427485883638     
  8.000000000000000E-003   5.49775293432389     
  9.000000000000001E-003   3.66306103883875     
  1.000000000000000E-002   3.30220005468918     
  1.100000000000000E-002   6.34119222121916     
  1.200000000000000E-002   3.43166890840417     
  1.300000000000000E-002   2.32909103785655     
  1.400000000000000E-002   1.46262947188053     
  1.500000000000000E-002   1.33436365709215     
  1.600000000000000E-002  0.953059978626966     
  1.700000000000000E-002  0.581992944541673     
  1.800000000000000E-002  0.715102159869362     
  1.900000000000000E-002  0.530595184832045     
  2.000000000000000E-002  0.000000000000000E+000
  2.100000000000000E-002  0.000000000000000E+000
  2.200000000000000E-002  0.000000000000000E+000
  2.300000000000000E-002  0.000000000000000E+000
  2.400000000000000E-002  0.000000000000000E+000
  2.500000000000000E-002  0.000000000000000E+000
