 -2.500000000000000E-002  0.000000000000000E+000
 -2.400000000000000E-002  0.000000000000000E+000
 -2.300000000000000E-002  0.000000000000000E+000
 -2.200000000000000E-002  0.000000000000000E+000
 -2.100000000000000E-002  0.000000000000000E+000
 -2.000000000000000E-002  0.000000000000000E+000
 -1.900000000000000E-002  0.000000000000000E+000
 -1.800000000000000E-002  0.000000000000000E+000
 -1.700000000000000E-002  0.000000000000000E+000
 -1.600000000000000E-002  0.000000000000000E+000
 -1.500000000000000E-002  0.000000000000000E+000
 -1.400000000000000E-002  0.000000000000000E+000
 -1.300000000000000E-002  0.000000000000000E+000
 -1.200000000000000E-002  0.000000000000000E+000
 -1.100000000000000E-002  0.000000000000000E+000
 -1.000000000000000E-002  0.000000000000000E+000
 -9.000000000000001E-003  0.000000000000000E+000
 -8.000000000000000E-003  0.000000000000000E+000
 -6.999999999999999E-003  0.473877170579874     
 -6.000000000000002E-003   7.08886178071339     
 -5.000000000000001E-003   16.4777966724857     
 -4.000000000000000E-003   17.9772463689132     
 -3.000000000000003E-003   13.5459233918679     
 -2.000000000000002E-003   11.5299860967033     
 -1.000000000000001E-003   16.2219864045641     
  0.000000000000000E+000   16.9557350262187     
  1.000000000000001E-003   12.8088423015389     
  1.999999999999998E-003   7.47437838137857     
  2.999999999999999E-003   5.29848910939472     
  4.000000000000000E-003   5.16069363120543     
  4.999999999999998E-003   3.22227442082625     
  5.999999999999998E-003  0.909434271706429     
  6.999999999999999E-003  0.580048731686544     
  8.000000000000000E-003   1.83396711236773     
  9.000000000000001E-003   1.51542470942708     
  1.000000000000000E-002   2.56361608359844     
  1.100000000000000E-002   2.52275170382528     
  1.200000000000000E-002   3.71020822229450     
  1.300000000000000E-002   2.17767050959851     
  1.400000000000000E-002   1.52437698784924     
  1.500000000000000E-002  0.818850911256284     
  1.600000000000000E-002  0.000000000000000E+000
  1.700000000000000E-002  0.000000000000000E+000
  1.800000000000000E-002  0.000000000000000E+000
  1.900000000000000E-002  0.000000000000000E+000
  2.000000000000000E-002  0.000000000000000E+000
  2.100000000000000E-002  0.000000000000000E+000
  2.200000000000000E-002  0.000000000000000E+000
  2.300000000000000E-002  0.000000000000000E+000
  2.400000000000000E-002  0.000000000000000E+000
  2.500000000000000E-002  0.000000000000000E+000
