 -2.500000000000000E-002  0.000000000000000E+000
 -2.400000000000000E-002  0.000000000000000E+000
 -2.300000000000000E-002  0.000000000000000E+000
 -2.200000000000000E-002  0.000000000000000E+000
 -2.100000000000000E-002  0.000000000000000E+000
 -2.000000000000000E-002  0.000000000000000E+000
 -1.900000000000000E-002  0.000000000000000E+000
 -1.800000000000000E-002  0.663854703478359     
 -1.700000000000000E-002   2.59266863872614     
 -1.600000000000000E-002  0.276456657795504     
 -1.500000000000000E-002   2.29903023667939     
 -1.400000000000000E-002   2.79459912730243     
 -1.300000000000000E-002   2.07002303806893     
 -1.200000000000000E-002  0.530387597949249     
 -1.100000000000000E-002  0.516323120174473     
 -1.000000000000000E-002  0.730910616062931     
 -9.000000000000001E-003   2.33730281030841     
 -8.000000000000000E-003   1.71474376005301     
 -6.999999999999999E-003   7.25954797145928     
 -6.000000000000002E-003   12.7629470603575     
 -5.000000000000001E-003   9.41381860015313     
 -4.000000000000000E-003   13.2109928918298     
 -3.000000000000003E-003   11.9905707156136     
 -2.000000000000002E-003   8.48220945711025     
 -1.000000000000001E-003   8.11643068213707     
  0.000000000000000E+000   5.51692181884370     
  1.000000000000001E-003   3.75988492436884     
  1.999999999999998E-003   2.58257726932361     
  2.999999999999999E-003   7.62423405449369     
  4.000000000000000E-003   6.20026356797461     
  4.999999999999998E-003   6.68965579574444     
  5.999999999999998E-003   2.30042630023837     
  6.999999999999999E-003   6.16109848939781     
  8.000000000000000E-003   9.20271203542297     
  9.000000000000001E-003   5.57090753590885     
  1.000000000000000E-002   9.36427428734572     
  1.100000000000000E-002   9.79143739251010     
  1.200000000000000E-002   2.64224016730306     
  1.300000000000000E-002  2.786758646830425E-004
  1.400000000000000E-002  0.000000000000000E+000
  1.500000000000000E-002  0.000000000000000E+000
  1.600000000000000E-002  0.000000000000000E+000
  1.700000000000000E-002  0.000000000000000E+000
  1.800000000000000E-002  0.000000000000000E+000
  1.900000000000000E-002  0.000000000000000E+000
  2.000000000000000E-002  0.000000000000000E+000
  2.100000000000000E-002  0.000000000000000E+000
  2.200000000000000E-002  0.000000000000000E+000
  2.300000000000000E-002  0.000000000000000E+000
  2.400000000000000E-002  0.000000000000000E+000
  2.500000000000000E-002  0.000000000000000E+000
