 -2.500000000000000E-002  0.000000000000000E+000
 -2.400000000000000E-002  0.000000000000000E+000
 -2.300000000000000E-002  0.000000000000000E+000
 -2.200000000000000E-002  0.000000000000000E+000
 -2.100000000000000E-002  0.000000000000000E+000
 -2.000000000000000E-002  0.000000000000000E+000
 -1.900000000000000E-002  0.000000000000000E+000
 -1.800000000000000E-002  0.000000000000000E+000
 -1.700000000000000E-002  0.000000000000000E+000
 -1.600000000000000E-002  0.000000000000000E+000
 -1.500000000000000E-002  0.000000000000000E+000
 -1.400000000000000E-002  0.000000000000000E+000
 -1.300000000000000E-002  7.589474412139707E-003
 -1.200000000000000E-002   3.20895866956550     
 -1.100000000000000E-002   5.18783699312927     
 -1.000000000000000E-002   3.80200450738586     
 -9.000000000000001E-003   2.52588372998395     
 -8.000000000000000E-003   4.28316758677952     
 -6.999999999999999E-003   9.47179286398990     
 -6.000000000000002E-003   8.75883675170632     
 -5.000000000000001E-003   7.26951633703650     
 -4.000000000000000E-003   8.27137173580039     
 -3.000000000000003E-003   11.5137984874389     
 -2.000000000000002E-003   5.04211581272525     
 -1.000000000000001E-003   3.00113195045577     
  0.000000000000000E+000   3.38712287256008     
  1.000000000000001E-003   5.37307649540211     
  1.999999999999998E-003   3.40618397003229     
  2.999999999999999E-003   3.53172020217902     
  4.000000000000000E-003   4.18175293428122     
  4.999999999999998E-003   3.50784510693050     
  5.999999999999998E-003   4.83817961075733     
  6.999999999999999E-003   6.03285706750333     
  8.000000000000000E-003   6.78466509357301     
  9.000000000000001E-003   9.28998446919172     
  1.000000000000000E-002   9.88272153138516     
  1.100000000000000E-002   4.35374919071775     
  1.200000000000000E-002   1.20205655507711     
  1.300000000000000E-002  0.000000000000000E+000
  1.400000000000000E-002  0.000000000000000E+000
  1.500000000000000E-002  0.000000000000000E+000
  1.600000000000000E-002  0.000000000000000E+000
  1.700000000000000E-002  0.000000000000000E+000
  1.800000000000000E-002  0.000000000000000E+000
  1.900000000000000E-002  0.000000000000000E+000
  2.000000000000000E-002  0.000000000000000E+000
  2.100000000000000E-002  0.000000000000000E+000
  2.200000000000000E-002  0.000000000000000E+000
  2.300000000000000E-002  0.000000000000000E+000
  2.400000000000000E-002  0.000000000000000E+000
  2.500000000000000E-002  0.000000000000000E+000
