 -2.500000000000000E-002  0.000000000000000E+000
 -2.400000000000000E-002  0.000000000000000E+000
 -2.300000000000000E-002  0.000000000000000E+000
 -2.200000000000000E-002  0.000000000000000E+000
 -2.100000000000000E-002  0.000000000000000E+000
 -2.000000000000000E-002  0.000000000000000E+000
 -1.900000000000000E-002  0.000000000000000E+000
 -1.800000000000000E-002  0.000000000000000E+000
 -1.700000000000000E-002  0.000000000000000E+000
 -1.600000000000000E-002  0.000000000000000E+000
 -1.500000000000000E-002   1.76242217684431     
 -1.400000000000000E-002   5.63337538152888     
 -1.300000000000000E-002   6.85259944068297     
 -1.200000000000000E-002   7.16708198352428     
 -1.100000000000000E-002   4.21355758000295     
 -1.000000000000000E-002   6.72714364838669     
 -9.000000000000001E-003   6.24960797907849     
 -8.000000000000000E-003   1.65216956612491     
 -6.999999999999999E-003   2.91044155072904     
 -6.000000000000002E-003   4.49025404037756     
 -5.000000000000001E-003   4.57646607690457     
 -4.000000000000000E-003   3.24303474237604     
 -3.000000000000003E-003   3.92357020156841     
 -2.000000000000002E-003   1.42216158772469     
 -1.000000000000001E-003   1.48541266270704     
  0.000000000000000E+000   2.28436078365323     
  1.000000000000001E-003   4.72500144533418     
  1.999999999999998E-003   8.30040281044703     
  2.999999999999999E-003   8.28186867450627     
  4.000000000000000E-003   6.93523298789392     
  4.999999999999998E-003   10.7560661674446     
  5.999999999999998E-003   8.14896742530872     
  6.999999999999999E-003   10.0227147944112     
  8.000000000000000E-003   9.56577104111736     
  9.000000000000001E-003   3.48390857659218     
  1.000000000000000E-002   2.27755024195698     
  1.100000000000000E-002   1.95477321638358     
  1.200000000000000E-002   4.10158311207606     
  1.300000000000000E-002   1.68103467633339     
  1.400000000000000E-002   4.75906847121978     
  1.500000000000000E-002   1.34978695676077     
  1.600000000000000E-002  0.000000000000000E+000
  1.700000000000000E-002  0.000000000000000E+000
  1.800000000000000E-002  0.000000000000000E+000
  1.900000000000000E-002  0.000000000000000E+000
  2.000000000000000E-002  0.000000000000000E+000
  2.100000000000000E-002  0.000000000000000E+000
  2.200000000000000E-002  0.000000000000000E+000
  2.300000000000000E-002  0.000000000000000E+000
  2.400000000000000E-002  0.000000000000000E+000
  2.500000000000000E-002  0.000000000000000E+000
