 -2.500000000000000E-002  0.000000000000000E+000
 -2.400000000000000E-002  0.000000000000000E+000
 -2.300000000000000E-002  0.000000000000000E+000
 -2.200000000000000E-002  0.000000000000000E+000
 -2.100000000000000E-002  0.000000000000000E+000
 -2.000000000000000E-002  0.000000000000000E+000
 -1.900000000000000E-002  0.000000000000000E+000
 -1.800000000000000E-002  0.000000000000000E+000
 -1.700000000000000E-002  0.000000000000000E+000
 -1.600000000000000E-002  0.000000000000000E+000
 -1.500000000000000E-002  0.000000000000000E+000
 -1.400000000000000E-002  0.000000000000000E+000
 -1.300000000000000E-002  0.000000000000000E+000
 -1.200000000000000E-002  0.000000000000000E+000
 -1.100000000000000E-002  0.000000000000000E+000
 -1.000000000000000E-002   1.88775795639788     
 -9.000000000000001E-003   5.56811372656895     
 -8.000000000000000E-003   6.59412142918115     
 -6.999999999999999E-003   6.45661081367414     
 -6.000000000000002E-003   8.72693569160048     
 -5.000000000000001E-003   5.46002159666402     
 -4.000000000000000E-003   8.01772446412648     
 -3.000000000000003E-003   4.65454207194115     
 -2.000000000000002E-003   4.17177468502075     
 -1.000000000000001E-003   5.34860855368413     
  0.000000000000000E+000   4.61450146100669     
  1.000000000000001E-003   4.44897182240490     
  1.999999999999998E-003   4.16679381532280     
  2.999999999999999E-003   6.41437421844245     
  4.000000000000000E-003   6.31650105529767     
  4.999999999999998E-003   6.02875545623392     
  5.999999999999998E-003   6.78015985495128     
  6.999999999999999E-003   4.42065106199353     
  8.000000000000000E-003   6.74575715306872     
  9.000000000000001E-003   6.01002108168306     
  1.000000000000000E-002   3.34131060909772     
  1.100000000000000E-002  0.474111421638131     
  1.200000000000000E-002  0.000000000000000E+000
  1.300000000000000E-002  0.000000000000000E+000
  1.400000000000000E-002  0.000000000000000E+000
  1.500000000000000E-002  0.000000000000000E+000
  1.600000000000000E-002  0.000000000000000E+000
  1.700000000000000E-002  0.000000000000000E+000
  1.800000000000000E-002  0.000000000000000E+000
  1.900000000000000E-002  0.000000000000000E+000
  2.000000000000000E-002  0.000000000000000E+000
  2.100000000000000E-002  0.000000000000000E+000
  2.200000000000000E-002  0.000000000000000E+000
  2.300000000000000E-002  0.000000000000000E+000
  2.400000000000000E-002  0.000000000000000E+000
  2.500000000000000E-002  0.000000000000000E+000
