 -2.500000000000000E-002  0.000000000000000E+000
 -2.400000000000000E-002  0.000000000000000E+000
 -2.300000000000000E-002  0.000000000000000E+000
 -2.200000000000000E-002  0.000000000000000E+000
 -2.100000000000000E-002  0.000000000000000E+000
 -2.000000000000000E-002  0.000000000000000E+000
 -1.900000000000000E-002  0.000000000000000E+000
 -1.800000000000000E-002  0.000000000000000E+000
 -1.700000000000000E-002  0.000000000000000E+000
 -1.600000000000000E-002  0.000000000000000E+000
 -1.500000000000000E-002  0.000000000000000E+000
 -1.400000000000000E-002  0.000000000000000E+000
 -1.300000000000000E-002  0.000000000000000E+000
 -1.200000000000000E-002  0.000000000000000E+000
 -1.100000000000000E-002  0.000000000000000E+000
 -1.000000000000000E-002  0.000000000000000E+000
 -9.000000000000001E-003  0.000000000000000E+000
 -8.000000000000000E-003  0.000000000000000E+000
 -6.999999999999999E-003  0.000000000000000E+000
 -6.000000000000002E-003  0.162095880096256     
 -5.000000000000001E-003   2.76129152893147     
 -4.000000000000000E-003   14.7437649252650     
 -3.000000000000003E-003   20.2621592303675     
 -2.000000000000002E-003   24.1170851121125     
 -1.000000000000001E-003   20.8922119537116     
  0.000000000000000E+000   19.3460665350117     
  1.000000000000001E-003   19.8903580242308     
  1.999999999999998E-003   14.2394858643004     
  2.999999999999999E-003   4.43517363614550     
  4.000000000000000E-003   2.60281941209115     
  4.999999999999998E-003   1.56676421811224     
  5.999999999999998E-003  0.411365771719043     
  6.999999999999999E-003  0.518776163030438     
  8.000000000000000E-003   1.77016920016594     
  9.000000000000001E-003  0.515770913105383     
  1.000000000000000E-002  0.956988749649013     
  1.100000000000000E-002   1.13470952069309     
  1.200000000000000E-002   1.65493901629960     
  1.300000000000000E-002   1.65967431360425     
  1.400000000000000E-002   1.42064197720991     
  1.500000000000000E-002  0.735438054147086     
  1.600000000000000E-002  0.000000000000000E+000
  1.700000000000000E-002  0.000000000000000E+000
  1.800000000000000E-002  0.000000000000000E+000
  1.900000000000000E-002  0.000000000000000E+000
  2.000000000000000E-002  0.000000000000000E+000
  2.100000000000000E-002  0.000000000000000E+000
  2.200000000000000E-002  0.000000000000000E+000
  2.300000000000000E-002  0.000000000000000E+000
  2.400000000000000E-002  0.000000000000000E+000
  2.500000000000000E-002  0.000000000000000E+000
