 -2.500000000000000E-002  0.000000000000000E+000
 -2.400000000000000E-002  0.000000000000000E+000
 -2.300000000000000E-002  0.000000000000000E+000
 -2.200000000000000E-002  0.000000000000000E+000
 -2.100000000000000E-002  0.000000000000000E+000
 -2.000000000000000E-002  0.000000000000000E+000
 -1.900000000000000E-002  0.000000000000000E+000
 -1.800000000000000E-002  0.000000000000000E+000
 -1.700000000000000E-002  0.000000000000000E+000
 -1.600000000000000E-002  0.000000000000000E+000
 -1.500000000000000E-002  0.000000000000000E+000
 -1.400000000000000E-002  0.000000000000000E+000
 -1.300000000000000E-002  0.000000000000000E+000
 -1.200000000000000E-002  0.000000000000000E+000
 -1.100000000000000E-002  0.000000000000000E+000
 -1.000000000000000E-002  0.000000000000000E+000
 -9.000000000000001E-003  0.000000000000000E+000
 -8.000000000000000E-003   2.71267831548148     
 -6.999999999999999E-003   9.20177047496044     
 -6.000000000000002E-003   12.8005174926294     
 -5.000000000000001E-003   21.7601831061091     
 -4.000000000000000E-003   26.1516947557835     
 -3.000000000000003E-003   25.1470207025721     
 -2.000000000000002E-003   22.3947142235420     
 -1.000000000000001E-003   16.3694648534440     
  0.000000000000000E+000   21.6868759096121     
  1.000000000000001E-003   11.3983210011198     
  1.999999999999998E-003   14.0922096936352     
  2.999999999999999E-003   16.6532617472897     
  4.000000000000000E-003   10.3233832470399     
  4.999999999999998E-003   5.18581021520328     
  5.999999999999998E-003   6.47916964402109     
  6.999999999999999E-003   5.08422714293132     
  8.000000000000000E-003   3.78973333329308     
  9.000000000000001E-003   4.09708258298009     
  1.000000000000000E-002   5.87708220718417     
  1.100000000000000E-002   9.53656499862588     
  1.200000000000000E-002   3.63556145084947     
  1.300000000000000E-002  0.382632901693109     
  1.400000000000000E-002  0.000000000000000E+000
  1.500000000000000E-002  0.000000000000000E+000
  1.600000000000000E-002  0.000000000000000E+000
  1.700000000000000E-002  0.000000000000000E+000
  1.800000000000000E-002  0.000000000000000E+000
  1.900000000000000E-002  0.000000000000000E+000
  2.000000000000000E-002  0.000000000000000E+000
  2.100000000000000E-002  0.000000000000000E+000
  2.200000000000000E-002  0.000000000000000E+000
  2.300000000000000E-002  0.000000000000000E+000
  2.400000000000000E-002  0.000000000000000E+000
  2.500000000000000E-002  0.000000000000000E+000
