 -2.500000000000000E-002  0.000000000000000E+000
 -2.400000000000000E-002  0.000000000000000E+000
 -2.300000000000000E-002  0.000000000000000E+000
 -2.200000000000000E-002  0.000000000000000E+000
 -2.100000000000000E-002  0.000000000000000E+000
 -2.000000000000000E-002  0.000000000000000E+000
 -1.900000000000000E-002  0.000000000000000E+000
 -1.800000000000000E-002  0.000000000000000E+000
 -1.700000000000000E-002  0.000000000000000E+000
 -1.600000000000000E-002  0.000000000000000E+000
 -1.500000000000000E-002  0.000000000000000E+000
 -1.400000000000000E-002  0.000000000000000E+000
 -1.300000000000000E-002  0.000000000000000E+000
 -1.200000000000000E-002  0.000000000000000E+000
 -1.100000000000000E-002  0.000000000000000E+000
 -1.000000000000000E-002  0.000000000000000E+000
 -9.000000000000001E-003  0.000000000000000E+000
 -8.000000000000000E-003  0.000000000000000E+000
 -6.999999999999999E-003  0.000000000000000E+000
 -6.000000000000002E-003   2.40495933464583     
 -5.000000000000001E-003   6.36527155347086     
 -4.000000000000000E-003   25.0890766740771     
 -3.000000000000003E-003   22.2803590641482     
 -2.000000000000002E-003   17.5186572173564     
 -1.000000000000001E-003   18.9341507692399     
  0.000000000000000E+000   10.2176999124242     
  1.000000000000001E-003   6.44385297809898     
  1.999999999999998E-003   2.86528943173529     
  2.999999999999999E-003   1.96117790989303     
  4.000000000000000E-003   4.03971872515693     
  4.999999999999998E-003   1.89117278732212     
  5.999999999999998E-003   1.63040831616639     
  6.999999999999999E-003   1.65039812642081     
  8.000000000000000E-003   1.87797445846459     
  9.000000000000001E-003   4.63677554455194     
  1.000000000000000E-002   3.52486455628257     
  1.100000000000000E-002   1.94190756967358     
  1.200000000000000E-002   4.18331604113159     
  1.300000000000000E-002   2.77445941928763     
  1.400000000000000E-002  3.518961045204095E-002
  1.500000000000000E-002  0.000000000000000E+000
  1.600000000000000E-002  0.000000000000000E+000
  1.700000000000000E-002  0.000000000000000E+000
  1.800000000000000E-002  0.000000000000000E+000
  1.900000000000000E-002  0.000000000000000E+000
  2.000000000000000E-002  0.000000000000000E+000
  2.100000000000000E-002  0.000000000000000E+000
  2.200000000000000E-002  0.000000000000000E+000
  2.300000000000000E-002  0.000000000000000E+000
  2.400000000000000E-002  0.000000000000000E+000
  2.500000000000000E-002  0.000000000000000E+000
