 -2.500000000000000E-002  0.000000000000000E+000
 -2.400000000000000E-002  0.000000000000000E+000
 -2.300000000000000E-002  0.000000000000000E+000
 -2.200000000000000E-002  0.000000000000000E+000
 -2.100000000000000E-002  0.000000000000000E+000
 -2.000000000000000E-002  0.000000000000000E+000
 -1.900000000000000E-002  0.000000000000000E+000
 -1.800000000000000E-002  0.790486398076452     
 -1.700000000000000E-002  0.976003601923549     
 -1.600000000000000E-002  0.000000000000000E+000
 -1.500000000000000E-002   1.68945293266458     
 -1.400000000000000E-002   1.19726712173775     
 -1.300000000000000E-002  0.759014772887146     
 -1.200000000000000E-002  0.217361903028607     
 -1.100000000000000E-002  0.317674779710809     
 -1.000000000000000E-002  0.491184835125424     
 -9.000000000000001E-003   1.06108730249139     
 -8.000000000000000E-003  0.824080741698867     
 -6.999999999999999E-003   3.48460182915061     
 -6.000000000000002E-003   9.32839089201872     
 -5.000000000000001E-003   13.8772082930202     
 -4.000000000000000E-003   11.0094995191488     
 -3.000000000000003E-003   9.05624689528449     
 -2.000000000000002E-003   10.6200737266788     
 -1.000000000000001E-003   15.1117180056881     
  0.000000000000000E+000   13.8471190976213     
  1.000000000000001E-003   10.7786250727034     
  1.999999999999998E-003   11.2387321331917     
  2.999999999999999E-003   12.7261452300411     
  4.000000000000000E-003   13.0378132984722     
  4.999999999999998E-003   8.85018830539801     
  5.999999999999998E-003   2.44082025182307     
  6.999999999999999E-003   2.73364186276936     
  8.000000000000000E-003   3.97661878953171     
  9.000000000000001E-003   1.60810697173346     
  1.000000000000000E-002   2.10374948466245     
  1.100000000000000E-002   6.76398926944272     
  1.200000000000000E-002   1.70251500645299     
  1.300000000000000E-002  0.104441675822447     
  1.400000000000000E-002  0.000000000000000E+000
  1.500000000000000E-002  0.000000000000000E+000
  1.600000000000000E-002  0.000000000000000E+000
  1.700000000000000E-002  0.000000000000000E+000
  1.800000000000000E-002  0.000000000000000E+000
  1.900000000000000E-002  0.000000000000000E+000
  2.000000000000000E-002  0.000000000000000E+000
  2.100000000000000E-002  0.000000000000000E+000
  2.200000000000000E-002  0.000000000000000E+000
  2.300000000000000E-002  0.000000000000000E+000
  2.400000000000000E-002  0.000000000000000E+000
  2.500000000000000E-002  0.000000000000000E+000
