 -2.500000000000000E-002  0.000000000000000E+000
 -2.400000000000000E-002  0.000000000000000E+000
 -2.300000000000000E-002  0.000000000000000E+000
 -2.200000000000000E-002  0.000000000000000E+000
 -2.100000000000000E-002  0.000000000000000E+000
 -2.000000000000000E-002  0.000000000000000E+000
 -1.900000000000000E-002  0.000000000000000E+000
 -1.800000000000000E-002  5.446206417160021E-002
 -1.700000000000000E-002  0.543084843927818     
 -1.600000000000000E-002   1.40152581917995     
 -1.500000000000000E-002  0.749137721179549     
 -1.400000000000000E-002  0.671124351279735     
 -1.300000000000000E-002  0.801799079030035     
 -1.200000000000000E-002   1.02070896905242     
 -1.100000000000000E-002  0.965334468663971     
 -1.000000000000000E-002  0.457278665676423     
 -9.000000000000001E-003  0.666831293840162     
 -8.000000000000000E-003  0.896958350826391     
 -6.999999999999999E-003   2.55923613300998     
 -6.000000000000002E-003   7.15618283970844     
 -5.000000000000001E-003   7.28646442482956     
 -4.000000000000000E-003   8.12954635713585     
 -3.000000000000003E-003   6.93977033173213     
 -2.000000000000002E-003   6.22079063042382     
 -1.000000000000001E-003   8.07149051087743     
  0.000000000000000E+000   6.01233812707284     
  1.000000000000001E-003   4.26864220975869     
  1.999999999999998E-003   1.95948388367967     
  2.999999999999999E-003   2.74353557476322     
  4.000000000000000E-003   1.66600763255324     
  4.999999999999998E-003   2.12209713896847     
  5.999999999999998E-003   2.48128826287173     
  6.999999999999999E-003   3.26349944489042     
  8.000000000000000E-003   5.74039084010452     
  9.000000000000001E-003   4.04665947131513     
  1.000000000000000E-002   3.74297095908068     
  1.100000000000000E-002   3.39627060769112     
  1.200000000000000E-002   1.84328229405148     
  1.300000000000000E-002   1.42022286841626     
  1.400000000000000E-002  0.282263830237309     
  1.500000000000000E-002  0.000000000000000E+000
  1.600000000000000E-002  0.000000000000000E+000
  1.700000000000000E-002  0.000000000000000E+000
  1.800000000000000E-002  0.000000000000000E+000
  1.900000000000000E-002  0.000000000000000E+000
  2.000000000000000E-002  0.000000000000000E+000
  2.100000000000000E-002  0.000000000000000E+000
  2.200000000000000E-002  0.000000000000000E+000
  2.300000000000000E-002  0.000000000000000E+000
  2.400000000000000E-002  0.000000000000000E+000
  2.500000000000000E-002  0.000000000000000E+000
