 -2.500000000000000E-002  0.000000000000000E+000
 -2.400000000000000E-002  0.000000000000000E+000
 -2.300000000000000E-002  0.000000000000000E+000
 -2.200000000000000E-002  0.000000000000000E+000
 -2.100000000000000E-002  0.000000000000000E+000
 -2.000000000000000E-002  0.000000000000000E+000
 -1.900000000000000E-002  0.000000000000000E+000
 -1.800000000000000E-002  0.000000000000000E+000
 -1.700000000000000E-002  0.000000000000000E+000
 -1.600000000000000E-002  0.000000000000000E+000
 -1.500000000000000E-002  0.000000000000000E+000
 -1.400000000000000E-002  0.000000000000000E+000
 -1.300000000000000E-002  0.000000000000000E+000
 -1.200000000000000E-002  0.000000000000000E+000
 -1.100000000000000E-002  0.000000000000000E+000
 -1.000000000000000E-002  0.372498122822586     
 -9.000000000000001E-003   3.68604773117449     
 -8.000000000000000E-003   6.53053950542612     
 -6.999999999999999E-003   10.1611264414410     
 -6.000000000000002E-003   10.1064129434101     
 -5.000000000000001E-003   12.3715001826175     
 -4.000000000000000E-003   11.4267169188319     
 -3.000000000000003E-003   15.5125371257368     
 -2.000000000000002E-003   22.6612960101519     
 -1.000000000000001E-003   13.1758934456078     
  0.000000000000000E+000   7.67448891696301     
  1.000000000000001E-003   8.66116373999633     
  1.999999999999998E-003   4.48833303708412     
  2.999999999999999E-003   5.47347737696931     
  4.000000000000000E-003   6.42540856362243     
  4.999999999999998E-003   12.9779964560543     
  5.999999999999998E-003   14.0845160874632     
  6.999999999999999E-003   9.74035472657242     
  8.000000000000000E-003   4.71103036859620     
  9.000000000000001E-003   4.88396811730182     
  1.000000000000000E-002   6.07356965477200     
  1.100000000000000E-002   1.25424452738469     
  1.200000000000000E-002  0.000000000000000E+000
  1.300000000000000E-002  0.000000000000000E+000
  1.400000000000000E-002  0.000000000000000E+000
  1.500000000000000E-002  0.000000000000000E+000
  1.600000000000000E-002  0.000000000000000E+000
  1.700000000000000E-002  0.000000000000000E+000
  1.800000000000000E-002  0.000000000000000E+000
  1.900000000000000E-002  0.000000000000000E+000
  2.000000000000000E-002  0.000000000000000E+000
  2.100000000000000E-002  0.000000000000000E+000
  2.200000000000000E-002  0.000000000000000E+000
  2.300000000000000E-002  0.000000000000000E+000
  2.400000000000000E-002  0.000000000000000E+000
  2.500000000000000E-002  0.000000000000000E+000
