 -2.500000000000000E-002  0.000000000000000E+000
 -2.400000000000000E-002  0.000000000000000E+000
 -2.300000000000000E-002  0.000000000000000E+000
 -2.200000000000000E-002  0.000000000000000E+000
 -2.100000000000000E-002  0.000000000000000E+000
 -2.000000000000000E-002  0.000000000000000E+000
 -1.900000000000000E-002  0.000000000000000E+000
 -1.800000000000000E-002  0.000000000000000E+000
 -1.700000000000000E-002  0.000000000000000E+000
 -1.600000000000000E-002  0.000000000000000E+000
 -1.500000000000000E-002  0.000000000000000E+000
 -1.400000000000000E-002  0.000000000000000E+000
 -1.300000000000000E-002  0.000000000000000E+000
 -1.200000000000000E-002  0.000000000000000E+000
 -1.100000000000000E-002  0.000000000000000E+000
 -1.000000000000000E-002  0.000000000000000E+000
 -9.000000000000001E-003  0.000000000000000E+000
 -8.000000000000000E-003  0.000000000000000E+000
 -6.999999999999999E-003  0.000000000000000E+000
 -6.000000000000002E-003   1.01179594059190     
 -5.000000000000001E-003   5.28998982882425     
 -4.000000000000000E-003   14.1599811599595     
 -3.000000000000003E-003   24.9241801496226     
 -2.000000000000002E-003   37.8769286684236     
 -1.000000000000001E-003   40.3363796323143     
  0.000000000000000E+000   32.8471851174101     
  1.000000000000001E-003   24.1781493448379     
  1.999999999999998E-003   15.5943578691518     
  2.999999999999999E-003   5.95864115207662     
  4.000000000000000E-003   1.43598682463728     
  4.999999999999998E-003   1.09005920560907     
  5.999999999999998E-003   1.02753299793451     
  6.999999999999999E-003  0.735656951597111     
  8.000000000000000E-003   1.63008292194628     
  9.000000000000001E-003   1.68814142633804     
  1.000000000000000E-002   1.72549356309770     
  1.100000000000000E-002   4.09373476824998     
  1.200000000000000E-002   3.85093906541314     
  1.300000000000000E-002   1.68472619710330     
  1.400000000000000E-002   1.36223976108039     
  1.500000000000000E-002  4.310745378058306E-002
  1.600000000000000E-002  0.000000000000000E+000
  1.700000000000000E-002  0.000000000000000E+000
  1.800000000000000E-002  0.000000000000000E+000
  1.900000000000000E-002  0.000000000000000E+000
  2.000000000000000E-002  0.000000000000000E+000
  2.100000000000000E-002  0.000000000000000E+000
  2.200000000000000E-002  0.000000000000000E+000
  2.300000000000000E-002  0.000000000000000E+000
  2.400000000000000E-002  0.000000000000000E+000
  2.500000000000000E-002  0.000000000000000E+000
