 -2.500000000000000E-002  0.000000000000000E+000
 -2.400000000000000E-002  0.000000000000000E+000
 -2.300000000000000E-002  0.000000000000000E+000
 -2.200000000000000E-002  0.000000000000000E+000
 -2.100000000000000E-002  0.000000000000000E+000
 -2.000000000000000E-002  0.000000000000000E+000
 -1.900000000000000E-002  0.000000000000000E+000
 -1.800000000000000E-002  0.000000000000000E+000
 -1.700000000000000E-002  0.000000000000000E+000
 -1.600000000000000E-002  0.000000000000000E+000
 -1.500000000000000E-002  0.000000000000000E+000
 -1.400000000000000E-002  0.000000000000000E+000
 -1.300000000000000E-002  0.000000000000000E+000
 -1.200000000000000E-002  0.000000000000000E+000
 -1.100000000000000E-002  0.000000000000000E+000
 -1.000000000000000E-002  0.000000000000000E+000
 -9.000000000000001E-003  0.114362953868462     
 -8.000000000000000E-003   6.91314243192543     
 -6.999999999999999E-003   11.0493137523342     
 -6.000000000000002E-003   10.6764640001136     
 -5.000000000000001E-003   8.05658257431629     
 -4.000000000000000E-003   7.48115958676741     
 -3.000000000000003E-003   8.27388118509165     
 -2.000000000000002E-003   7.63062653650224     
 -1.000000000000001E-003   7.61004394781717     
  0.000000000000000E+000   14.6224405593979     
  1.000000000000001E-003   5.71595131007143     
  1.999999999999998E-003   14.1548909602837     
  2.999999999999999E-003   11.6001089723356     
  4.000000000000000E-003   5.42764839906334     
  4.999999999999998E-003   3.52593790417271     
  5.999999999999998E-003   9.50876458955708     
  6.999999999999999E-003   5.46076848309222     
  8.000000000000000E-003   3.94439379657919     
  9.000000000000001E-003   2.37149558883129     
  1.000000000000000E-002   2.54961777920473     
  1.100000000000000E-002   2.57773177603580     
  1.200000000000000E-002  0.385192912638501     
  1.300000000000000E-002  0.000000000000000E+000
  1.400000000000000E-002  0.000000000000000E+000
  1.500000000000000E-002  0.000000000000000E+000
  1.600000000000000E-002  0.000000000000000E+000
  1.700000000000000E-002  0.000000000000000E+000
  1.800000000000000E-002  0.000000000000000E+000
  1.900000000000000E-002  0.000000000000000E+000
  2.000000000000000E-002  0.000000000000000E+000
  2.100000000000000E-002  0.000000000000000E+000
  2.200000000000000E-002  0.000000000000000E+000
  2.300000000000000E-002  0.000000000000000E+000
  2.400000000000000E-002  0.000000000000000E+000
  2.500000000000000E-002  0.000000000000000E+000
