 -2.500000000000000E-002  0.000000000000000E+000
 -2.400000000000000E-002  0.000000000000000E+000
 -2.300000000000000E-002  0.000000000000000E+000
 -2.200000000000000E-002  0.000000000000000E+000
 -2.100000000000000E-002  0.000000000000000E+000
 -2.000000000000000E-002  0.000000000000000E+000
 -1.900000000000000E-002  0.000000000000000E+000
 -1.800000000000000E-002  0.000000000000000E+000
 -1.700000000000000E-002  0.000000000000000E+000
 -1.600000000000000E-002  0.000000000000000E+000
 -1.500000000000000E-002  0.000000000000000E+000
 -1.400000000000000E-002  0.000000000000000E+000
 -1.300000000000000E-002  0.000000000000000E+000
 -1.200000000000000E-002  0.000000000000000E+000
 -1.100000000000000E-002  0.000000000000000E+000
 -1.000000000000000E-002  0.000000000000000E+000
 -9.000000000000001E-003  0.000000000000000E+000
 -8.000000000000000E-003  0.368221067389905     
 -6.999999999999999E-003   2.84246688000192     
 -6.000000000000002E-003   4.37687062427073     
 -5.000000000000001E-003   10.3262548666297     
 -4.000000000000000E-003   24.2971985291701     
 -3.000000000000003E-003   27.6836579561061     
 -2.000000000000002E-003   26.2802417180142     
 -1.000000000000001E-003   26.2108791055886     
  0.000000000000000E+000   15.0266718519907     
  1.000000000000001E-003   17.9594119644827     
  1.999999999999998E-003   7.73583246609266     
  2.999999999999999E-003   3.06276161945362     
  4.000000000000000E-003   3.31689663759310     
  4.999999999999998E-003   2.61597126346328     
  5.999999999999998E-003   4.48976654177666     
  6.999999999999999E-003   3.40399356897112     
  8.000000000000000E-003   4.44476069261354     
  9.000000000000001E-003   4.62775218023027     
  1.000000000000000E-002   3.23914522030001     
  1.100000000000000E-002   5.40788608187057     
  1.200000000000000E-002   4.20819200280080     
  1.300000000000000E-002   1.32439374326021     
  1.400000000000000E-002  4.742341792966328E-002
  1.500000000000000E-002  0.000000000000000E+000
  1.600000000000000E-002  0.000000000000000E+000
  1.700000000000000E-002  0.000000000000000E+000
  1.800000000000000E-002  0.000000000000000E+000
  1.900000000000000E-002  0.000000000000000E+000
  2.000000000000000E-002  0.000000000000000E+000
  2.100000000000000E-002  0.000000000000000E+000
  2.200000000000000E-002  0.000000000000000E+000
  2.300000000000000E-002  0.000000000000000E+000
  2.400000000000000E-002  0.000000000000000E+000
  2.500000000000000E-002  0.000000000000000E+000
