 -2.500000000000000E-002  0.000000000000000E+000
 -2.400000000000000E-002  0.000000000000000E+000
 -2.300000000000000E-002  0.000000000000000E+000
 -2.200000000000000E-002  0.000000000000000E+000
 -2.100000000000000E-002  0.000000000000000E+000
 -2.000000000000000E-002  0.000000000000000E+000
 -1.900000000000000E-002  0.000000000000000E+000
 -1.800000000000000E-002  0.000000000000000E+000
 -1.700000000000000E-002  0.000000000000000E+000
 -1.600000000000000E-002  0.000000000000000E+000
 -1.500000000000000E-002  0.000000000000000E+000
 -1.400000000000000E-002  0.424835367400968     
 -1.300000000000000E-002   1.21020297251064     
 -1.200000000000000E-002   1.38927201918907     
 -1.100000000000000E-002   1.95492430867827     
 -1.000000000000000E-002   1.28515080010439     
 -9.000000000000001E-003   2.33113433187726     
 -8.000000000000000E-003   2.20817041329176     
 -6.999999999999999E-003   2.46836109791289     
 -6.000000000000002E-003   4.14726358321475     
 -5.000000000000001E-003   10.1642569558416     
 -4.000000000000000E-003   14.4169365812846     
 -3.000000000000003E-003   16.9629315428373     
 -2.000000000000002E-003   14.8460530309293     
 -1.000000000000001E-003   13.8571710040453     
  0.000000000000000E+000   10.6429510680500     
  1.000000000000001E-003   9.87796955103164     
  1.999999999999998E-003   7.62776021901802     
  2.999999999999999E-003   4.60317791734204     
  4.000000000000000E-003   6.96347676445567     
  4.999999999999998E-003   6.95371964943355     
  5.999999999999998E-003   8.39803135335199     
  6.999999999999999E-003   10.0034203228440     
  8.000000000000000E-003   7.92315958373916     
  9.000000000000001E-003   5.86883317899188     
  1.000000000000000E-002   1.39026581653878     
  1.100000000000000E-002  2.127056608524372E-002
  1.200000000000000E-002  0.000000000000000E+000
  1.300000000000000E-002  0.000000000000000E+000
  1.400000000000000E-002  0.000000000000000E+000
  1.500000000000000E-002  0.000000000000000E+000
  1.600000000000000E-002  0.000000000000000E+000
  1.700000000000000E-002  0.000000000000000E+000
  1.800000000000000E-002  0.000000000000000E+000
  1.900000000000000E-002  0.000000000000000E+000
  2.000000000000000E-002  0.000000000000000E+000
  2.100000000000000E-002  0.000000000000000E+000
  2.200000000000000E-002  0.000000000000000E+000
  2.300000000000000E-002  0.000000000000000E+000
  2.400000000000000E-002  0.000000000000000E+000
  2.500000000000000E-002  0.000000000000000E+000
