 -2.500000000000000E-002  0.000000000000000E+000
 -2.400000000000000E-002  0.000000000000000E+000
 -2.300000000000000E-002  0.000000000000000E+000
 -2.200000000000000E-002  0.000000000000000E+000
 -2.100000000000000E-002  0.000000000000000E+000
 -2.000000000000000E-002  0.448061014806633     
 -1.900000000000000E-002   1.13176637393637     
 -1.800000000000000E-002  0.808291653111550     
 -1.700000000000000E-002  0.385745847759295     
 -1.600000000000000E-002  0.988160115781571     
 -1.500000000000000E-002   1.67443154337442     
 -1.400000000000000E-002  0.862853451230160     
 -1.300000000000000E-002  0.187325029345335     
 -1.200000000000000E-002  0.267435164283487     
 -1.100000000000000E-002   1.98703352093899     
 -1.000000000000000E-002   1.76535724411098     
 -9.000000000000001E-003   4.15228010512264     
 -8.000000000000000E-003   7.21335888106094     
 -6.999999999999999E-003   8.09888959388760     
 -6.000000000000002E-003   9.34708310317292     
 -5.000000000000001E-003   6.03568568536582     
 -4.000000000000000E-003   5.83738788123083     
 -3.000000000000003E-003   4.60978055034975     
 -2.000000000000002E-003   5.73203493621076     
 -1.000000000000001E-003   5.80903335913110     
  0.000000000000000E+000   4.61564749855506     
  1.000000000000001E-003   4.17710292056567     
  1.999999999999998E-003   3.96973260154669     
  2.999999999999999E-003   4.61162954345185     
  4.000000000000000E-003   5.61396243394536     
  4.999999999999998E-003   5.72523227499316     
  5.999999999999998E-003   5.11887757737121     
  6.999999999999999E-003   4.14121018619711     
  8.000000000000000E-003   6.74442331608053     
  9.000000000000001E-003   6.06945110848927     
  1.000000000000000E-002   9.66146200451678     
  1.100000000000000E-002   4.93374441213061     
  1.200000000000000E-002   2.56557887746755     
  1.300000000000000E-002   1.10253457687487     
  1.400000000000000E-002  0.105045613603142     
  1.500000000000000E-002  0.000000000000000E+000
  1.600000000000000E-002  0.000000000000000E+000
  1.700000000000000E-002  0.000000000000000E+000
  1.800000000000000E-002  0.000000000000000E+000
  1.900000000000000E-002  0.000000000000000E+000
  2.000000000000000E-002  0.000000000000000E+000
  2.100000000000000E-002  0.000000000000000E+000
  2.200000000000000E-002  0.000000000000000E+000
  2.300000000000000E-002  0.000000000000000E+000
  2.400000000000000E-002  0.000000000000000E+000
  2.500000000000000E-002  0.000000000000000E+000
