 -2.500000000000000E-002  0.000000000000000E+000
 -2.400000000000000E-002  0.000000000000000E+000
 -2.300000000000000E-002  0.000000000000000E+000
 -2.200000000000000E-002  0.000000000000000E+000
 -2.100000000000000E-002  0.000000000000000E+000
 -2.000000000000000E-002  0.000000000000000E+000
 -1.900000000000000E-002  0.000000000000000E+000
 -1.800000000000000E-002  0.000000000000000E+000
 -1.700000000000000E-002  0.000000000000000E+000
 -1.600000000000000E-002  0.000000000000000E+000
 -1.500000000000000E-002  0.000000000000000E+000
 -1.400000000000000E-002  0.000000000000000E+000
 -1.300000000000000E-002  0.000000000000000E+000
 -1.200000000000000E-002  6.011832066590916E-002
 -1.100000000000000E-002   1.82036327546568     
 -1.000000000000000E-002   4.62165930314741     
 -9.000000000000001E-003   5.49010994083007     
 -8.000000000000000E-003   5.00021227496051     
 -6.999999999999999E-003   4.02946413675593     
 -6.000000000000002E-003   4.57209055311897     
 -5.000000000000001E-003   3.66876400809992     
 -4.000000000000000E-003   3.74942887687655     
 -3.000000000000003E-003   4.23498315981148     
 -2.000000000000002E-003   3.61152795855863     
 -1.000000000000001E-003   4.35286893753594     
  0.000000000000000E+000   3.92037082012660     
  1.000000000000001E-003   5.66016244603542     
  1.999999999999998E-003   5.49534835494407     
  2.999999999999999E-003   7.48388306333785     
  4.000000000000000E-003   5.25273866409312     
  4.999999999999998E-003   2.43971349975355     
  5.999999999999998E-003   4.04877739144331     
  6.999999999999999E-003   6.24693187369817     
  8.000000000000000E-003   3.09213699230338     
  9.000000000000001E-003   1.98922366633683     
  1.000000000000000E-002   2.26576797051447     
  1.100000000000000E-002  0.975362493200167     
  1.200000000000000E-002   2.56408983143876     
  1.300000000000000E-002   1.16136431044824     
  1.400000000000000E-002  0.443697876499075     
  1.500000000000000E-002  0.000000000000000E+000
  1.600000000000000E-002  0.000000000000000E+000
  1.700000000000000E-002  0.000000000000000E+000
  1.800000000000000E-002  0.000000000000000E+000
  1.900000000000000E-002  0.000000000000000E+000
  2.000000000000000E-002  0.000000000000000E+000
  2.100000000000000E-002  0.000000000000000E+000
  2.200000000000000E-002  0.000000000000000E+000
  2.300000000000000E-002  0.000000000000000E+000
  2.400000000000000E-002  0.000000000000000E+000
  2.500000000000000E-002  0.000000000000000E+000
