 -2.500000000000000E-002  0.000000000000000E+000
 -2.400000000000000E-002  0.000000000000000E+000
 -2.300000000000000E-002  0.000000000000000E+000
 -2.200000000000000E-002  0.000000000000000E+000
 -2.100000000000000E-002  0.000000000000000E+000
 -2.000000000000000E-002  0.000000000000000E+000
 -1.900000000000000E-002  0.000000000000000E+000
 -1.800000000000000E-002  0.000000000000000E+000
 -1.700000000000000E-002  0.000000000000000E+000
 -1.600000000000000E-002  0.000000000000000E+000
 -1.500000000000000E-002  0.000000000000000E+000
 -1.400000000000000E-002  0.000000000000000E+000
 -1.300000000000000E-002  0.000000000000000E+000
 -1.200000000000000E-002  0.241471050396451     
 -1.100000000000000E-002   1.85101374850442     
 -1.000000000000000E-002   1.93803477970012     
 -9.000000000000001E-003   1.02451900130606     
 -8.000000000000000E-003   1.34660105146042     
 -6.999999999999999E-003   1.06105436379999     
 -6.000000000000002E-003  0.817029577612725     
 -5.000000000000001E-003   1.51063767359588     
 -4.000000000000000E-003   4.69322716598316     
 -3.000000000000003E-003   4.50109959372801     
 -2.000000000000002E-003   5.93872962581423     
 -1.000000000000001E-003   10.3001025557153     
  0.000000000000000E+000   8.08090290978991     
  1.000000000000001E-003   17.4744739382983     
  1.999999999999998E-003   27.3781181640380     
  2.999999999999999E-003   11.8303607012165     
  4.000000000000000E-003   7.47379409904051     
  4.999999999999998E-003  0.000000000000000E+000
  5.999999999999998E-003  0.000000000000000E+000
  6.999999999999999E-003  0.000000000000000E+000
  8.000000000000000E-003  0.000000000000000E+000
  9.000000000000001E-003  0.000000000000000E+000
  1.000000000000000E-002  0.000000000000000E+000
  1.100000000000000E-002  0.000000000000000E+000
  1.200000000000000E-002  0.000000000000000E+000
  1.300000000000000E-002  0.000000000000000E+000
  1.400000000000000E-002  0.000000000000000E+000
  1.500000000000000E-002  0.000000000000000E+000
  1.600000000000000E-002  0.000000000000000E+000
  1.700000000000000E-002  0.000000000000000E+000
  1.800000000000000E-002  0.000000000000000E+000
  1.900000000000000E-002  0.000000000000000E+000
  2.000000000000000E-002  0.000000000000000E+000
  2.100000000000000E-002  0.000000000000000E+000
  2.200000000000000E-002  0.000000000000000E+000
  2.300000000000000E-002  0.000000000000000E+000
  2.400000000000000E-002  0.000000000000000E+000
  2.500000000000000E-002  0.000000000000000E+000
