 -2.500000000000000E-002  0.000000000000000E+000
 -2.400000000000000E-002  0.000000000000000E+000
 -2.300000000000000E-002  0.000000000000000E+000
 -2.200000000000000E-002  0.000000000000000E+000
 -2.100000000000000E-002  0.000000000000000E+000
 -2.000000000000000E-002  0.000000000000000E+000
 -1.900000000000000E-002  0.000000000000000E+000
 -1.800000000000000E-002  0.000000000000000E+000
 -1.700000000000000E-002  0.000000000000000E+000
 -1.600000000000000E-002  0.184380822592702     
 -1.500000000000000E-002  0.447344166157142     
 -1.400000000000000E-002   2.00979355388437     
 -1.300000000000000E-002  0.557791457365786     
 -1.200000000000000E-002  0.331643184276667     
 -1.100000000000000E-002  0.797649914276602     
 -1.000000000000000E-002  0.876127718227281     
 -9.000000000000001E-003   1.19716318520896     
 -8.000000000000000E-003  0.813783714688710     
 -6.999999999999999E-003  0.817910960104703     
 -6.000000000000002E-003  0.740877407357520     
 -5.000000000000001E-003  0.534594582680082     
 -4.000000000000000E-003   4.68740526600613     
 -3.000000000000003E-003   17.0304986406713     
 -2.000000000000002E-003   17.7743133477996     
 -1.000000000000001E-003   17.3111789417139     
  0.000000000000000E+000   11.4620799445740     
  1.000000000000001E-003   8.85676587918196     
  1.999999999999998E-003   11.6648103300699     
  2.999999999999999E-003   9.28485244117774     
  4.000000000000000E-003   2.47451405114664     
  4.999999999999998E-003   1.59983371754068     
  5.999999999999998E-003   1.37078488797893     
  6.999999999999999E-003   1.62746931351777     
  8.000000000000000E-003  0.270657319232422     
  9.000000000000001E-003  0.973832589604608     
  1.000000000000000E-002  0.719056944170129     
  1.100000000000000E-002   1.50682943152240     
  1.200000000000000E-002   1.79179228610575     
  1.300000000000000E-002   3.06917714647254     
  1.400000000000000E-002   1.35264789664591     
  1.500000000000000E-002  0.201108958047162     
  1.600000000000000E-002  0.000000000000000E+000
  1.700000000000000E-002  0.000000000000000E+000
  1.800000000000000E-002  0.000000000000000E+000
  1.900000000000000E-002  0.000000000000000E+000
  2.000000000000000E-002  0.000000000000000E+000
  2.100000000000000E-002  0.000000000000000E+000
  2.200000000000000E-002  0.000000000000000E+000
  2.300000000000000E-002  0.000000000000000E+000
  2.400000000000000E-002  0.000000000000000E+000
  2.500000000000000E-002  0.000000000000000E+000
