 -2.500000000000000E-002  0.000000000000000E+000
 -2.400000000000000E-002  0.000000000000000E+000
 -2.300000000000000E-002  0.000000000000000E+000
 -2.200000000000000E-002  0.000000000000000E+000
 -2.100000000000000E-002  0.000000000000000E+000
 -2.000000000000000E-002  0.000000000000000E+000
 -1.900000000000000E-002  0.000000000000000E+000
 -1.800000000000000E-002  0.000000000000000E+000
 -1.700000000000000E-002  3.059944520127032E-002
 -1.600000000000000E-002  0.977302716184016     
 -1.500000000000000E-002   3.05291709980786     
 -1.400000000000000E-002   1.69008073880685     
 -1.300000000000000E-002   1.39780805753367     
 -1.200000000000000E-002   1.18153673671413     
 -1.100000000000000E-002   2.30789202107661     
 -1.000000000000000E-002   2.07171455062354     
 -9.000000000000001E-003   1.67014117262418     
 -8.000000000000000E-003   2.13586675008209     
 -6.999999999999999E-003   1.77865754217498     
 -6.000000000000002E-003   2.83860009510592     
 -5.000000000000001E-003   18.3576402776382     
 -4.000000000000000E-003   41.8943702990512     
 -3.000000000000003E-003   32.3687631052226     
 -2.000000000000002E-003   20.9678730354173     
 -1.000000000000001E-003   18.0857533007925     
  0.000000000000000E+000   18.8952449350637     
  1.000000000000001E-003   10.5910868219761     
  1.999999999999998E-003   4.56460653286626     
  2.999999999999999E-003   6.12589172664408     
  4.000000000000000E-003   6.43755716369437     
  4.999999999999998E-003   3.18715212762839     
  5.999999999999998E-003   2.67409413907434     
  6.999999999999999E-003   3.01035469444484     
  8.000000000000000E-003   6.05242933157567     
  9.000000000000001E-003   15.3136521845395     
  1.000000000000000E-002   5.25213353020056     
  1.100000000000000E-002   5.74686056202910     
  1.200000000000000E-002   7.62152665015379     
  1.300000000000000E-002   4.94555189956180     
  1.400000000000000E-002   3.84140536815040     
  1.500000000000000E-002  0.667495388340243     
  1.600000000000000E-002  0.000000000000000E+000
  1.700000000000000E-002  0.000000000000000E+000
  1.800000000000000E-002  0.000000000000000E+000
  1.900000000000000E-002  0.000000000000000E+000
  2.000000000000000E-002  0.000000000000000E+000
  2.100000000000000E-002  0.000000000000000E+000
  2.200000000000000E-002  0.000000000000000E+000
  2.300000000000000E-002  0.000000000000000E+000
  2.400000000000000E-002  0.000000000000000E+000
  2.500000000000000E-002  0.000000000000000E+000
