 -2.500000000000000E-002  0.000000000000000E+000
 -2.400000000000000E-002  0.000000000000000E+000
 -2.300000000000000E-002  0.000000000000000E+000
 -2.200000000000000E-002  0.000000000000000E+000
 -2.100000000000000E-002  0.000000000000000E+000
 -2.000000000000000E-002  0.000000000000000E+000
 -1.900000000000000E-002  0.000000000000000E+000
 -1.800000000000000E-002  0.000000000000000E+000
 -1.700000000000000E-002  0.000000000000000E+000
 -1.600000000000000E-002  0.000000000000000E+000
 -1.500000000000000E-002  0.000000000000000E+000
 -1.400000000000000E-002  0.000000000000000E+000
 -1.300000000000000E-002  0.000000000000000E+000
 -1.200000000000000E-002  0.000000000000000E+000
 -1.100000000000000E-002  0.000000000000000E+000
 -1.000000000000000E-002  0.000000000000000E+000
 -9.000000000000001E-003  0.000000000000000E+000
 -8.000000000000000E-003  0.284087662555576     
 -6.999999999999999E-003   3.26738830583446     
 -6.000000000000002E-003   9.25769412056658     
 -5.000000000000001E-003   12.6682823799156     
 -4.000000000000000E-003   12.1614536487646     
 -3.000000000000003E-003   13.3161514904785     
 -2.000000000000002E-003   14.9317856190274     
 -1.000000000000001E-003   12.8153403001209     
  0.000000000000000E+000   13.8107432642663     
  1.000000000000001E-003   10.6578852964747     
  1.999999999999998E-003   5.28398991662173     
  2.999999999999999E-003   5.65840253683161     
  4.000000000000000E-003   7.30135860699778     
  4.999999999999998E-003   3.62074380725522     
  5.999999999999998E-003   3.04658246012032     
  6.999999999999999E-003   2.01783385785633     
  8.000000000000000E-003   1.40447057229846     
  9.000000000000001E-003   3.51582522677779     
  1.000000000000000E-002   1.25870642102030     
  1.100000000000000E-002   4.12425261824640     
  1.200000000000000E-002   4.41584390713886     
  1.300000000000000E-002  0.257727980830528     
  1.400000000000000E-002  0.000000000000000E+000
  1.500000000000000E-002  0.000000000000000E+000
  1.600000000000000E-002  0.000000000000000E+000
  1.700000000000000E-002  0.000000000000000E+000
  1.800000000000000E-002  0.000000000000000E+000
  1.900000000000000E-002  0.000000000000000E+000
  2.000000000000000E-002  0.000000000000000E+000
  2.100000000000000E-002  0.000000000000000E+000
  2.200000000000000E-002  0.000000000000000E+000
  2.300000000000000E-002  0.000000000000000E+000
  2.400000000000000E-002  0.000000000000000E+000
  2.500000000000000E-002  0.000000000000000E+000
