 -2.500000000000000E-002  0.000000000000000E+000
 -2.400000000000000E-002  0.000000000000000E+000
 -2.300000000000000E-002  0.000000000000000E+000
 -2.200000000000000E-002  0.000000000000000E+000
 -2.100000000000000E-002  0.000000000000000E+000
 -2.000000000000000E-002  0.000000000000000E+000
 -1.900000000000000E-002  0.000000000000000E+000
 -1.800000000000000E-002  0.664979989704723     
 -1.700000000000000E-002  0.912786386275905     
 -1.600000000000000E-002  0.256670188087002     
 -1.500000000000000E-002   1.68104028128896     
 -1.400000000000000E-002  0.809314579632228     
 -1.300000000000000E-002  0.979699859893160     
 -1.200000000000000E-002  0.235657163725349     
 -1.100000000000000E-002  0.332602490302106     
 -1.000000000000000E-002  0.401427156792662     
 -9.000000000000001E-003   1.04434337545450     
 -8.000000000000000E-003  0.916607311816370     
 -6.999999999999999E-003   3.98119871103045     
 -6.000000000000002E-003   8.43512695598009     
 -5.000000000000001E-003   12.0573779179347     
 -4.000000000000000E-003   10.5123742319803     
 -3.000000000000003E-003   9.69814032651137     
 -2.000000000000002E-003   9.47829283204399     
 -1.000000000000001E-003   11.9425439916023     
  0.000000000000000E+000   15.4867311087890     
  1.000000000000001E-003   12.8542038512231     
  1.999999999999998E-003   11.9062990616126     
  2.999999999999999E-003   12.4787099875466     
  4.000000000000000E-003   12.2140806195701     
  4.999999999999998E-003   9.47036963351525     
  5.999999999999998E-003   3.79064996737919     
  6.999999999999999E-003   1.73919034430101     
  8.000000000000000E-003   2.87316102719613     
  9.000000000000001E-003   1.11126724576922     
  1.000000000000000E-002   2.38407747853980     
  1.100000000000000E-002   6.11388488616612     
  1.200000000000000E-002   1.41954079768913     
  1.300000000000000E-002  5.521024064639266E-002
  1.400000000000000E-002  0.000000000000000E+000
  1.500000000000000E-002  0.000000000000000E+000
  1.600000000000000E-002  0.000000000000000E+000
  1.700000000000000E-002  0.000000000000000E+000
  1.800000000000000E-002  0.000000000000000E+000
  1.900000000000000E-002  0.000000000000000E+000
  2.000000000000000E-002  0.000000000000000E+000
  2.100000000000000E-002  0.000000000000000E+000
  2.200000000000000E-002  0.000000000000000E+000
  2.300000000000000E-002  0.000000000000000E+000
  2.400000000000000E-002  0.000000000000000E+000
  2.500000000000000E-002  0.000000000000000E+000
