 -2.500000000000000E-002  0.000000000000000E+000
 -2.400000000000000E-002  0.000000000000000E+000
 -2.300000000000000E-002  0.000000000000000E+000
 -2.200000000000000E-002  0.000000000000000E+000
 -2.100000000000000E-002  0.000000000000000E+000
 -2.000000000000000E-002  0.000000000000000E+000
 -1.900000000000000E-002  0.000000000000000E+000
 -1.800000000000000E-002  0.000000000000000E+000
 -1.700000000000000E-002  0.000000000000000E+000
 -1.600000000000000E-002  0.000000000000000E+000
 -1.500000000000000E-002  0.000000000000000E+000
 -1.400000000000000E-002  0.000000000000000E+000
 -1.300000000000000E-002  0.000000000000000E+000
 -1.200000000000000E-002  0.000000000000000E+000
 -1.100000000000000E-002  0.000000000000000E+000
 -1.000000000000000E-002  0.000000000000000E+000
 -9.000000000000001E-003  0.000000000000000E+000
 -8.000000000000000E-003  0.000000000000000E+000
 -6.999999999999999E-003  0.545098551479087     
 -6.000000000000002E-003   6.53804142937925     
 -5.000000000000001E-003   10.1266071649156     
 -4.000000000000000E-003   12.3270226042935     
 -3.000000000000003E-003   20.5944357040159     
 -2.000000000000002E-003   34.3967218039980     
 -1.000000000000001E-003   35.9118431484495     
  0.000000000000000E+000   28.8590918615153     
  1.000000000000001E-003   22.5617396472638     
  1.999999999999998E-003   17.5317024230471     
  2.999999999999999E-003   9.72841449491712     
  4.000000000000000E-003   1.00852434819039     
  4.999999999999998E-003   1.49290722025566     
  5.999999999999998E-003   1.03767257965981     
  6.999999999999999E-003   1.66667464774726     
  8.000000000000000E-003   1.86589720686500     
  9.000000000000001E-003   2.04483058711660     
  1.000000000000000E-002   4.63017650192271     
  1.100000000000000E-002   4.14150048794902     
  1.200000000000000E-002   2.97511356901561     
  1.300000000000000E-002   1.84378348572688     
  1.400000000000000E-002  0.240100532276929     
  1.500000000000000E-002  0.000000000000000E+000
  1.600000000000000E-002  0.000000000000000E+000
  1.700000000000000E-002  0.000000000000000E+000
  1.800000000000000E-002  0.000000000000000E+000
  1.900000000000000E-002  0.000000000000000E+000
  2.000000000000000E-002  0.000000000000000E+000
  2.100000000000000E-002  0.000000000000000E+000
  2.200000000000000E-002  0.000000000000000E+000
  2.300000000000000E-002  0.000000000000000E+000
  2.400000000000000E-002  0.000000000000000E+000
  2.500000000000000E-002  0.000000000000000E+000
