 -2.500000000000000E-002  0.000000000000000E+000
 -2.400000000000000E-002  0.000000000000000E+000
 -2.300000000000000E-002  0.000000000000000E+000
 -2.200000000000000E-002  0.000000000000000E+000
 -2.100000000000000E-002  0.000000000000000E+000
 -2.000000000000000E-002  0.000000000000000E+000
 -1.900000000000000E-002  0.000000000000000E+000
 -1.800000000000000E-002  0.000000000000000E+000
 -1.700000000000000E-002  0.000000000000000E+000
 -1.600000000000000E-002  0.000000000000000E+000
 -1.500000000000000E-002  0.000000000000000E+000
 -1.400000000000000E-002  0.000000000000000E+000
 -1.300000000000000E-002  0.000000000000000E+000
 -1.200000000000000E-002  0.000000000000000E+000
 -1.100000000000000E-002  7.351250809354644E-002
 -1.000000000000000E-002   1.24734135140765     
 -9.000000000000001E-003   3.21068475475024     
 -8.000000000000000E-003   1.32705477522858     
 -6.999999999999999E-003   2.81377802528880     
 -6.000000000000002E-003   2.68403485986108     
 -5.000000000000001E-003   2.28595057582003     
 -4.000000000000000E-003   3.13233882226011     
 -3.000000000000003E-003   13.9205621798050     
 -2.000000000000002E-003   37.3680490276492     
 -1.000000000000001E-003   48.2818584984907     
  0.000000000000000E+000   37.2642370902751     
  1.000000000000001E-003   30.0711703428056     
  1.999999999999998E-003   20.7564709473906     
  2.999999999999999E-003   13.9332070246495     
  4.000000000000000E-003   1.99226639625307     
  4.999999999999998E-003   1.23338513095462     
  5.999999999999998E-003  0.460654079942260     
  6.999999999999999E-003  0.880337855557623     
  8.000000000000000E-003  0.659186002312622     
  9.000000000000001E-003  0.628935703309688     
  1.000000000000000E-002  0.936985420864715     
  1.100000000000000E-002  0.483779769655927     
  1.200000000000000E-002  0.336928857373896     
  1.300000000000000E-002  0.238735260765782     
  1.400000000000000E-002  0.843455220422475     
  1.500000000000000E-002   1.44414688683667     
  1.600000000000000E-002  0.324497420680583     
  1.700000000000000E-002  0.480718069039043     
  1.800000000000000E-002  0.589433898972198     
  1.900000000000000E-002  0.609343243283247     
  2.000000000000000E-002  0.767267987535273     
  2.100000000000000E-002  0.569044766797424     
  2.200000000000000E-002  0.219467245667304     
  2.300000000000000E-002  0.000000000000000E+000
  2.400000000000000E-002  0.000000000000000E+000
  2.500000000000000E-002  0.000000000000000E+000
