 -2.500000000000000E-002  0.000000000000000E+000
 -2.400000000000000E-002  0.000000000000000E+000
 -2.300000000000000E-002  0.000000000000000E+000
 -2.200000000000000E-002  0.000000000000000E+000
 -2.100000000000000E-002  0.000000000000000E+000
 -2.000000000000000E-002  0.000000000000000E+000
 -1.900000000000000E-002  0.000000000000000E+000
 -1.800000000000000E-002  0.000000000000000E+000
 -1.700000000000000E-002  0.000000000000000E+000
 -1.600000000000000E-002  0.000000000000000E+000
 -1.500000000000000E-002  0.000000000000000E+000
 -1.400000000000000E-002  0.000000000000000E+000
 -1.300000000000000E-002  0.000000000000000E+000
 -1.200000000000000E-002  0.000000000000000E+000
 -1.100000000000000E-002  0.000000000000000E+000
 -1.000000000000000E-002  0.000000000000000E+000
 -9.000000000000001E-003  0.000000000000000E+000
 -8.000000000000000E-003  0.163558844872535     
 -6.999999999999999E-003   2.98815214309373     
 -6.000000000000002E-003   10.7442785884567     
 -5.000000000000001E-003   17.8532465350051     
 -4.000000000000000E-003   29.6903883167345     
 -3.000000000000003E-003   34.8818815752930     
 -2.000000000000002E-003   30.8553425681565     
 -1.000000000000001E-003   23.9235950873478     
  0.000000000000000E+000   14.7566354613948     
  1.000000000000001E-003   8.22352839371699     
  1.999999999999998E-003   6.24249086372747     
  2.999999999999999E-003   4.64239192107115     
  4.000000000000000E-003   4.24747959648337     
  4.999999999999998E-003   4.59361754856910     
  5.999999999999998E-003   6.44288535356402     
  6.999999999999999E-003   4.63810081340406     
  8.000000000000000E-003   5.56283529544207     
  9.000000000000001E-003   5.80530496930551     
  1.000000000000000E-002   3.95001076717218     
  1.100000000000000E-002   8.04118436300486     
  1.200000000000000E-002   8.50313806083024     
  1.300000000000000E-002  0.904842933354315     
  1.400000000000000E-002  0.000000000000000E+000
  1.500000000000000E-002  0.000000000000000E+000
  1.600000000000000E-002  0.000000000000000E+000
  1.700000000000000E-002  0.000000000000000E+000
  1.800000000000000E-002  0.000000000000000E+000
  1.900000000000000E-002  0.000000000000000E+000
  2.000000000000000E-002  0.000000000000000E+000
  2.100000000000000E-002  0.000000000000000E+000
  2.200000000000000E-002  0.000000000000000E+000
  2.300000000000000E-002  0.000000000000000E+000
  2.400000000000000E-002  0.000000000000000E+000
  2.500000000000000E-002  0.000000000000000E+000
