 -2.500000000000000E-002  0.000000000000000E+000
 -2.400000000000000E-002  0.000000000000000E+000
 -2.300000000000000E-002  0.000000000000000E+000
 -2.200000000000000E-002  0.000000000000000E+000
 -2.100000000000000E-002  0.000000000000000E+000
 -2.000000000000000E-002  0.000000000000000E+000
 -1.900000000000000E-002  0.000000000000000E+000
 -1.800000000000000E-002  0.000000000000000E+000
 -1.700000000000000E-002  0.000000000000000E+000
 -1.600000000000000E-002  0.000000000000000E+000
 -1.500000000000000E-002  0.000000000000000E+000
 -1.400000000000000E-002  0.000000000000000E+000
 -1.300000000000000E-002  0.000000000000000E+000
 -1.200000000000000E-002  0.000000000000000E+000
 -1.100000000000000E-002  0.000000000000000E+000
 -1.000000000000000E-002  0.000000000000000E+000
 -9.000000000000001E-003  0.000000000000000E+000
 -8.000000000000000E-003  0.000000000000000E+000
 -6.999999999999999E-003  7.623567942675395E-002
 -6.000000000000002E-003   6.94601189318604     
 -5.000000000000001E-003   10.1142739186107     
 -4.000000000000000E-003   11.0175911659335     
 -3.000000000000003E-003   19.9827605269747     
 -2.000000000000002E-003   22.1583090583463     
 -1.000000000000001E-003   21.7556974206364     
  0.000000000000000E+000   14.1320560991673     
  1.000000000000001E-003   13.7755671714716     
  1.999999999999998E-003   15.5893521370569     
  2.999999999999999E-003   2.82156661820887     
  4.000000000000000E-003   2.22676241036588     
  4.999999999999998E-003  0.727135694325999     
  5.999999999999998E-003  0.736857062464482     
  6.999999999999999E-003   1.45063601586341     
  8.000000000000000E-003   1.70358990987324     
  9.000000000000001E-003   1.54025487175422     
  1.000000000000000E-002   1.46175733090644     
  1.100000000000000E-002   3.82091575818570     
  1.200000000000000E-002   3.97936002258359     
  1.300000000000000E-002   2.85685810325516     
  1.400000000000000E-002  0.771021131402653     
  1.500000000000000E-002  0.000000000000000E+000
  1.600000000000000E-002  0.000000000000000E+000
  1.700000000000000E-002  0.000000000000000E+000
  1.800000000000000E-002  0.000000000000000E+000
  1.900000000000000E-002  0.000000000000000E+000
  2.000000000000000E-002  0.000000000000000E+000
  2.100000000000000E-002  0.000000000000000E+000
  2.200000000000000E-002  0.000000000000000E+000
  2.300000000000000E-002  0.000000000000000E+000
  2.400000000000000E-002  0.000000000000000E+000
  2.500000000000000E-002  0.000000000000000E+000
