 -2.500000000000000E-002  0.000000000000000E+000
 -2.400000000000000E-002  0.000000000000000E+000
 -2.300000000000000E-002  0.000000000000000E+000
 -2.200000000000000E-002  0.000000000000000E+000
 -2.100000000000000E-002  0.000000000000000E+000
 -2.000000000000000E-002  0.000000000000000E+000
 -1.900000000000000E-002  0.000000000000000E+000
 -1.800000000000000E-002  0.000000000000000E+000
 -1.700000000000000E-002  0.000000000000000E+000
 -1.600000000000000E-002  0.000000000000000E+000
 -1.500000000000000E-002  0.000000000000000E+000
 -1.400000000000000E-002  0.000000000000000E+000
 -1.300000000000000E-002  0.000000000000000E+000
 -1.200000000000000E-002  0.000000000000000E+000
 -1.100000000000000E-002  0.000000000000000E+000
 -1.000000000000000E-002  0.000000000000000E+000
 -9.000000000000001E-003  0.000000000000000E+000
 -8.000000000000000E-003  0.000000000000000E+000
 -6.999999999999999E-003  0.000000000000000E+000
 -6.000000000000002E-003   2.53661497260736     
 -5.000000000000001E-003   14.7517896042165     
 -4.000000000000000E-003   25.5143600340462     
 -3.000000000000003E-003   20.5399370664209     
 -2.000000000000002E-003   16.6131899697028     
 -1.000000000000001E-003   15.5535228713415     
  0.000000000000000E+000   10.4024939013998     
  1.000000000000001E-003   4.55838670088348     
  1.999999999999998E-003   3.22293861587076     
  2.999999999999999E-003   2.35172629672191     
  4.000000000000000E-003   1.04879430993523     
  4.999999999999998E-003  0.751687607647346     
  5.999999999999998E-003  0.901194620801576     
  6.999999999999999E-003  0.878791642121869     
  8.000000000000000E-003  0.648291992773314     
  9.000000000000001E-003  0.200542682221370     
  1.000000000000000E-002   2.49645245845533     
  1.100000000000000E-002   1.52692391534394     
  1.200000000000000E-002   2.12393101417739     
  1.300000000000000E-002   1.76579419464023     
  1.400000000000000E-002   6.48447996777775     
  1.500000000000000E-002   3.34495470172039     
  1.600000000000000E-002   1.40792057062802     
  1.700000000000000E-002  0.114700288545009     
  1.800000000000000E-002  0.000000000000000E+000
  1.900000000000000E-002  0.000000000000000E+000
  2.000000000000000E-002  0.000000000000000E+000
  2.100000000000000E-002  0.000000000000000E+000
  2.200000000000000E-002  0.000000000000000E+000
  2.300000000000000E-002  0.000000000000000E+000
  2.400000000000000E-002  0.000000000000000E+000
  2.500000000000000E-002  0.000000000000000E+000
