 -2.500000000000000E-002  0.000000000000000E+000
 -2.400000000000000E-002  0.000000000000000E+000
 -2.300000000000000E-002  0.000000000000000E+000
 -2.200000000000000E-002  0.000000000000000E+000
 -2.100000000000000E-002  0.000000000000000E+000
 -2.000000000000000E-002  0.000000000000000E+000
 -1.900000000000000E-002  0.000000000000000E+000
 -1.800000000000000E-002  0.000000000000000E+000
 -1.700000000000000E-002  0.000000000000000E+000
 -1.600000000000000E-002  0.000000000000000E+000
 -1.500000000000000E-002  0.000000000000000E+000
 -1.400000000000000E-002  0.000000000000000E+000
 -1.300000000000000E-002  0.000000000000000E+000
 -1.200000000000000E-002  0.000000000000000E+000
 -1.100000000000000E-002  0.000000000000000E+000
 -1.000000000000000E-002  0.704914154050784     
 -9.000000000000001E-003   2.34870584787075     
 -8.000000000000000E-003   1.78223409015376     
 -6.999999999999999E-003   2.41156809814156     
 -6.000000000000002E-003   3.59567718740056     
 -5.000000000000001E-003   8.92082967676004     
 -4.000000000000000E-003   23.0741146835792     
 -3.000000000000003E-003   42.9139371350755     
 -2.000000000000002E-003   46.4427288982708     
 -1.000000000000001E-003   40.9594229675820     
  0.000000000000000E+000   32.1652120095909     
  1.000000000000001E-003   30.3628056271206     
  1.999999999999998E-003   32.6451029820348     
  2.999999999999999E-003   12.8711709671878     
  4.000000000000000E-003   7.63207559338798     
  4.999999999999998E-003   5.39635352089738     
  5.999999999999998E-003   7.89212318815031     
  6.999999999999999E-003   6.60122444368346     
  8.000000000000000E-003   5.86003028509499     
  9.000000000000001E-003   1.82822012495429     
  1.000000000000000E-002   1.50324259107530     
  1.100000000000000E-002  0.375645198400934     
  1.200000000000000E-002  0.198100729536316     
  1.300000000000000E-002  0.209033880416870     
  1.400000000000000E-002  0.774417408390313     
  1.500000000000000E-002   1.01540871119282     
  1.600000000000000E-002  0.804465474511948     
  1.700000000000000E-002  0.631010870328974     
  1.800000000000000E-002  0.717257518905067     
  1.900000000000000E-002  0.519472463037578     
  2.000000000000000E-002  0.756341879563072     
  2.100000000000000E-002  0.655351793653356     
  2.200000000000000E-002  0.000000000000000E+000
  2.300000000000000E-002  0.000000000000000E+000
  2.400000000000000E-002  0.000000000000000E+000
  2.500000000000000E-002  0.000000000000000E+000
