 -2.500000000000000E-002  0.000000000000000E+000
 -2.400000000000000E-002  0.000000000000000E+000
 -2.300000000000000E-002  0.000000000000000E+000
 -2.200000000000000E-002  0.000000000000000E+000
 -2.100000000000000E-002  0.000000000000000E+000
 -2.000000000000000E-002  0.000000000000000E+000
 -1.900000000000000E-002  0.000000000000000E+000
 -1.800000000000000E-002  0.000000000000000E+000
 -1.700000000000000E-002  0.000000000000000E+000
 -1.600000000000000E-002  0.000000000000000E+000
 -1.500000000000000E-002  0.000000000000000E+000
 -1.400000000000000E-002  0.000000000000000E+000
 -1.300000000000000E-002  0.000000000000000E+000
 -1.200000000000000E-002  0.000000000000000E+000
 -1.100000000000000E-002  0.000000000000000E+000
 -1.000000000000000E-002  0.000000000000000E+000
 -9.000000000000001E-003  0.000000000000000E+000
 -8.000000000000000E-003  0.448283972657965     
 -6.999999999999999E-003   5.33148134322635     
 -6.000000000000002E-003   13.0219599130284     
 -5.000000000000001E-003   15.2157851232347     
 -4.000000000000000E-003   13.4739752217989     
 -3.000000000000003E-003   10.7736802728638     
 -2.000000000000002E-003   15.0336519745279     
 -1.000000000000001E-003   11.8939442138761     
  0.000000000000000E+000   7.48145298076005     
  1.000000000000001E-003   8.88809268946319     
  1.999999999999998E-003   5.47513738306045     
  2.999999999999999E-003   4.58071335045630     
  4.000000000000000E-003   4.42551397795676     
  4.999999999999998E-003   6.50547342363035     
  5.999999999999998E-003   5.14829678067309     
  6.999999999999999E-003   5.17897059853071     
  8.000000000000000E-003   2.47854992113771     
  9.000000000000001E-003   2.30412861613024     
  1.000000000000000E-002   1.99888502270955     
  1.100000000000000E-002   4.89642673570610     
  1.200000000000000E-002   3.46789133344821     
  1.300000000000000E-002   1.19883755501749     
  1.400000000000000E-002  7.216759610563102E-002
  1.500000000000000E-002  0.000000000000000E+000
  1.600000000000000E-002  0.000000000000000E+000
  1.700000000000000E-002  0.000000000000000E+000
  1.800000000000000E-002  0.000000000000000E+000
  1.900000000000000E-002  0.000000000000000E+000
  2.000000000000000E-002  0.000000000000000E+000
  2.100000000000000E-002  0.000000000000000E+000
  2.200000000000000E-002  0.000000000000000E+000
  2.300000000000000E-002  0.000000000000000E+000
  2.400000000000000E-002  0.000000000000000E+000
  2.500000000000000E-002  0.000000000000000E+000
