 -2.500000000000000E-002  0.000000000000000E+000
 -2.400000000000000E-002  0.000000000000000E+000
 -2.300000000000000E-002  0.000000000000000E+000
 -2.200000000000000E-002  0.000000000000000E+000
 -2.100000000000000E-002  0.000000000000000E+000
 -2.000000000000000E-002  0.000000000000000E+000
 -1.900000000000000E-002  0.000000000000000E+000
 -1.800000000000000E-002  0.000000000000000E+000
 -1.700000000000000E-002  4.069445767753484E-002
 -1.600000000000000E-002  0.472729500047599     
 -1.500000000000000E-002   1.40831712890058     
 -1.400000000000000E-002  0.629848913374289     
 -1.300000000000000E-002  0.871768048052580     
 -1.200000000000000E-002  0.501298549686219     
 -1.100000000000000E-002   1.66169703083892     
 -1.000000000000000E-002  0.663526371422280     
 -9.000000000000001E-003  0.804627438286710     
 -8.000000000000000E-003  0.592260725266121     
 -6.999999999999999E-003   1.58659189540911     
 -6.000000000000002E-003   2.11193099647828     
 -5.000000000000001E-003   9.46261293990401     
 -4.000000000000000E-003   26.3817722003144     
 -3.000000000000003E-003   28.0399987657084     
 -2.000000000000002E-003   21.4478426099444     
 -1.000000000000001E-003   19.2081491274384     
  0.000000000000000E+000   13.6475729088970     
  1.000000000000001E-003   14.0239768451224     
  1.999999999999998E-003   6.41687871195224     
  2.999999999999999E-003   4.06984116826862     
  4.000000000000000E-003   3.71247943834463     
  4.999999999999998E-003   2.40769766003752     
  5.999999999999998E-003   1.70557957334461     
  6.999999999999999E-003   1.91106817246344     
  8.000000000000000E-003   3.41194162610418     
  9.000000000000001E-003   6.83977802008497     
  1.000000000000000E-002   5.36904319772384     
  1.100000000000000E-002   3.65344481599127     
  1.200000000000000E-002   4.61249042787643     
  1.300000000000000E-002   3.88070366049294     
  1.400000000000000E-002   2.09789590661102     
  1.500000000000000E-002  0.386511167935119     
  1.600000000000000E-002  0.000000000000000E+000
  1.700000000000000E-002  0.000000000000000E+000
  1.800000000000000E-002  0.000000000000000E+000
  1.900000000000000E-002  0.000000000000000E+000
  2.000000000000000E-002  0.000000000000000E+000
  2.100000000000000E-002  0.000000000000000E+000
  2.200000000000000E-002  0.000000000000000E+000
  2.300000000000000E-002  0.000000000000000E+000
  2.400000000000000E-002  0.000000000000000E+000
  2.500000000000000E-002  0.000000000000000E+000
