 -2.500000000000000E-002  0.000000000000000E+000
 -2.400000000000000E-002  0.000000000000000E+000
 -2.300000000000000E-002  0.000000000000000E+000
 -2.200000000000000E-002  0.000000000000000E+000
 -2.100000000000000E-002  0.000000000000000E+000
 -2.000000000000000E-002  0.000000000000000E+000
 -1.900000000000000E-002  0.000000000000000E+000
 -1.800000000000000E-002  0.000000000000000E+000
 -1.700000000000000E-002  0.000000000000000E+000
 -1.600000000000000E-002  0.000000000000000E+000
 -1.500000000000000E-002  0.000000000000000E+000
 -1.400000000000000E-002  0.000000000000000E+000
 -1.300000000000000E-002  0.000000000000000E+000
 -1.200000000000000E-002  0.000000000000000E+000
 -1.100000000000000E-002  0.229759423675479     
 -1.000000000000000E-002  0.924645040137084     
 -9.000000000000001E-003   1.25860130378983     
 -8.000000000000000E-003   2.19698288772323     
 -6.999999999999999E-003   7.66605279684216     
 -6.000000000000002E-003   17.6007578948297     
 -5.000000000000001E-003   19.8762153380333     
 -4.000000000000000E-003   12.6683035830637     
 -3.000000000000003E-003   10.1825323009873     
 -2.000000000000002E-003   11.2978453828139     
 -1.000000000000001E-003   11.0151847038662     
  0.000000000000000E+000   12.0055939258523     
  1.000000000000001E-003   8.42945104324906     
  1.999999999999998E-003   20.2713351270759     
  2.999999999999999E-003   17.9328095085423     
  4.000000000000000E-003   16.0670702186427     
  4.999999999999998E-003   21.6204349089543     
  5.999999999999998E-003   16.9839847301548     
  6.999999999999999E-003   4.79032988176673     
  8.000000000000000E-003  0.000000000000000E+000
  9.000000000000001E-003  0.000000000000000E+000
  1.000000000000000E-002  0.000000000000000E+000
  1.100000000000000E-002  0.000000000000000E+000
  1.200000000000000E-002  0.000000000000000E+000
  1.300000000000000E-002  0.000000000000000E+000
  1.400000000000000E-002  0.000000000000000E+000
  1.500000000000000E-002  0.000000000000000E+000
  1.600000000000000E-002  0.000000000000000E+000
  1.700000000000000E-002  0.000000000000000E+000
  1.800000000000000E-002  0.000000000000000E+000
  1.900000000000000E-002  0.000000000000000E+000
  2.000000000000000E-002  0.000000000000000E+000
  2.100000000000000E-002  0.000000000000000E+000
  2.200000000000000E-002  0.000000000000000E+000
  2.300000000000000E-002  0.000000000000000E+000
  2.400000000000000E-002  0.000000000000000E+000
  2.500000000000000E-002  0.000000000000000E+000
