 -2.500000000000000E-002  0.000000000000000E+000
 -2.400000000000000E-002  0.000000000000000E+000
 -2.300000000000000E-002  0.000000000000000E+000
 -2.200000000000000E-002  0.000000000000000E+000
 -2.100000000000000E-002  0.000000000000000E+000
 -2.000000000000000E-002  0.000000000000000E+000
 -1.900000000000000E-002  0.000000000000000E+000
 -1.800000000000000E-002  0.000000000000000E+000
 -1.700000000000000E-002  0.000000000000000E+000
 -1.600000000000000E-002  1.742883703641420E-002
 -1.500000000000000E-002  0.617612625528573     
 -1.400000000000000E-002  0.695587796222698     
 -1.300000000000000E-002  0.593157457204345     
 -1.200000000000000E-002  0.765203284007972     
 -1.100000000000000E-002  0.128472075905513     
 -1.000000000000000E-002  0.760352917605441     
 -9.000000000000001E-003   1.04881395651681     
 -8.000000000000000E-003  0.905976223529134     
 -6.999999999999999E-003   5.56145475737164     
 -6.000000000000002E-003   17.2901292717967     
 -5.000000000000001E-003   16.9528589066518     
 -4.000000000000000E-003   14.6090153457548     
 -3.000000000000003E-003   13.7374994424612     
 -2.000000000000002E-003   10.7260708195289     
 -1.000000000000001E-003   14.3120708847550     
  0.000000000000000E+000   14.1055352718641     
  1.000000000000001E-003   14.5263337602709     
  1.999999999999998E-003   12.6602461288077     
  2.999999999999999E-003   14.5257311415868     
  4.000000000000000E-003   12.3957020969031     
  4.999999999999998E-003   4.38115899778686     
  5.999999999999998E-003   2.25042938128842     
  6.999999999999999E-003   1.84299347219915     
  8.000000000000000E-003   4.31896190934395     
  9.000000000000001E-003   5.48270561891281     
  1.000000000000000E-002   2.52365155696771     
  1.100000000000000E-002   3.52821346657849     
  1.200000000000000E-002   4.82184067238329     
  1.300000000000000E-002   1.55771144710485     
  1.400000000000000E-002   1.23663916688681     
  1.500000000000000E-002  7.181309238171446E-003
  1.600000000000000E-002  0.000000000000000E+000
  1.700000000000000E-002  0.000000000000000E+000
  1.800000000000000E-002  0.000000000000000E+000
  1.900000000000000E-002  0.000000000000000E+000
  2.000000000000000E-002  0.000000000000000E+000
  2.100000000000000E-002  0.000000000000000E+000
  2.200000000000000E-002  0.000000000000000E+000
  2.300000000000000E-002  0.000000000000000E+000
  2.400000000000000E-002  0.000000000000000E+000
  2.500000000000000E-002  0.000000000000000E+000
