 -2.500000000000000E-002  0.000000000000000E+000
 -2.400000000000000E-002  0.000000000000000E+000
 -2.300000000000000E-002  0.000000000000000E+000
 -2.200000000000000E-002  0.000000000000000E+000
 -2.100000000000000E-002  0.000000000000000E+000
 -2.000000000000000E-002  0.000000000000000E+000
 -1.900000000000000E-002  0.000000000000000E+000
 -1.800000000000000E-002  0.510490039116596     
 -1.700000000000000E-002   1.43609726744666     
 -1.600000000000000E-002  0.561323509675388     
 -1.500000000000000E-002  0.715530866887076     
 -1.400000000000000E-002  0.980393802733852     
 -1.300000000000000E-002   1.20671635296124     
 -1.200000000000000E-002  0.689562193783384     
 -1.100000000000000E-002  0.898698068037057     
 -1.000000000000000E-002  0.810833727852559     
 -9.000000000000001E-003  0.713198599194930     
 -8.000000000000000E-003   1.44791998278433     
 -6.999999999999999E-003   1.99984710811330     
 -6.000000000000002E-003   5.53002950921940     
 -5.000000000000001E-003   6.65673928619665     
 -4.000000000000000E-003   11.9025471186037     
 -3.000000000000003E-003   21.6728587410585     
 -2.000000000000002E-003   19.3022245752567     
 -1.000000000000001E-003   18.8178623882937     
  0.000000000000000E+000   16.7659246043770     
  1.000000000000001E-003   20.4208858751319     
  1.999999999999998E-003   22.0691222842444     
  2.999999999999999E-003   12.8379616975132     
  4.000000000000000E-003   7.91583070559118     
  4.999999999999998E-003   9.36308460863003     
  5.999999999999998E-003   10.7349274960937     
  6.999999999999999E-003   5.19237864942952     
  8.000000000000000E-003   2.96997905149545     
  9.000000000000001E-003  0.915789801718242     
  1.000000000000000E-002   2.59530435741926     
  1.100000000000000E-002   2.59022453172645     
  1.200000000000000E-002  0.357503199414650     
  1.300000000000000E-002  0.000000000000000E+000
  1.400000000000000E-002  0.000000000000000E+000
  1.500000000000000E-002  0.000000000000000E+000
  1.600000000000000E-002  0.000000000000000E+000
  1.700000000000000E-002  0.000000000000000E+000
  1.800000000000000E-002  0.000000000000000E+000
  1.900000000000000E-002  0.000000000000000E+000
  2.000000000000000E-002  0.000000000000000E+000
  2.100000000000000E-002  0.000000000000000E+000
  2.200000000000000E-002  0.000000000000000E+000
  2.300000000000000E-002  0.000000000000000E+000
  2.400000000000000E-002  0.000000000000000E+000
  2.500000000000000E-002  0.000000000000000E+000
