 -2.500000000000000E-002  0.000000000000000E+000
 -2.400000000000000E-002  0.000000000000000E+000
 -2.300000000000000E-002  0.000000000000000E+000
 -2.200000000000000E-002  0.000000000000000E+000
 -2.100000000000000E-002  0.000000000000000E+000
 -2.000000000000000E-002  0.000000000000000E+000
 -1.900000000000000E-002  0.000000000000000E+000
 -1.800000000000000E-002  0.000000000000000E+000
 -1.700000000000000E-002  0.000000000000000E+000
 -1.600000000000000E-002  0.137741146739666     
 -1.500000000000000E-002  0.424365737004732     
 -1.400000000000000E-002   1.67077463397528     
 -1.300000000000000E-002  0.377598482280322     
 -1.200000000000000E-002  0.639518881831274     
 -1.100000000000000E-002  0.846966542667923     
 -1.000000000000000E-002   1.14005936475280     
 -9.000000000000001E-003  0.968125210748003     
 -8.000000000000000E-003  0.700921313881277     
 -6.999999999999999E-003  0.787478540042584     
 -6.000000000000002E-003   1.16604892307365     
 -5.000000000000001E-003   2.01886980518998     
 -4.000000000000000E-003   6.11511266622695     
 -3.000000000000003E-003   17.1011027143912     
 -2.000000000000002E-003   18.4758617556048     
 -1.000000000000001E-003   18.1910479877438     
  0.000000000000000E+000   13.0871172110774     
  1.000000000000001E-003   11.1449324669119     
  1.999999999999998E-003   12.0296916842514     
  2.999999999999999E-003   3.31098622132229     
  4.000000000000000E-003   1.55881547322786     
  4.999999999999998E-003   1.04679380165557     
  5.999999999999998E-003   1.45447556330149     
  6.999999999999999E-003  0.855828860032485     
  8.000000000000000E-003  0.906511130881110     
  9.000000000000001E-003   1.08466589899932     
  1.000000000000000E-002   1.01260394792578     
  1.100000000000000E-002   1.56177518210035     
  1.200000000000000E-002   1.65693737871121     
  1.300000000000000E-002   1.88497018621698     
  1.400000000000000E-002   2.42871978801095     
  1.500000000000000E-002   1.97020778644270     
  1.600000000000000E-002  0.360243712776926     
  1.700000000000000E-002  0.000000000000000E+000
  1.800000000000000E-002  0.000000000000000E+000
  1.900000000000000E-002  0.000000000000000E+000
  2.000000000000000E-002  0.000000000000000E+000
  2.100000000000000E-002  0.000000000000000E+000
  2.200000000000000E-002  0.000000000000000E+000
  2.300000000000000E-002  0.000000000000000E+000
  2.400000000000000E-002  0.000000000000000E+000
  2.500000000000000E-002  0.000000000000000E+000
