 -2.500000000000000E-002  0.000000000000000E+000
 -2.400000000000000E-002  0.000000000000000E+000
 -2.300000000000000E-002  0.000000000000000E+000
 -2.200000000000000E-002  0.000000000000000E+000
 -2.100000000000000E-002  0.000000000000000E+000
 -2.000000000000000E-002  0.000000000000000E+000
 -1.900000000000000E-002  0.000000000000000E+000
 -1.800000000000000E-002  0.000000000000000E+000
 -1.700000000000000E-002  0.000000000000000E+000
 -1.600000000000000E-002  0.000000000000000E+000
 -1.500000000000000E-002  0.000000000000000E+000
 -1.400000000000000E-002  0.000000000000000E+000
 -1.300000000000000E-002  0.000000000000000E+000
 -1.200000000000000E-002  0.000000000000000E+000
 -1.100000000000000E-002  0.000000000000000E+000
 -1.000000000000000E-002  0.000000000000000E+000
 -9.000000000000001E-003  0.000000000000000E+000
 -8.000000000000000E-003  0.000000000000000E+000
 -6.999999999999999E-003  6.548297338065568E-003
 -6.000000000000002E-003   2.49079769173490     
 -5.000000000000001E-003   14.1044836906673     
 -4.000000000000000E-003   47.4275596450899     
 -3.000000000000003E-003   37.9164179033527     
 -2.000000000000002E-003   28.4738299034622     
 -1.000000000000001E-003   27.6310841499630     
  0.000000000000000E+000   19.4586002613911     
  1.000000000000001E-003   10.8455594447289     
  1.999999999999998E-003   4.52786539077111     
  2.999999999999999E-003   4.00239302013282     
  4.000000000000000E-003   7.01313850900988     
  4.999999999999998E-003   2.54847761345174     
  5.999999999999998E-003   2.50670686028125     
  6.999999999999999E-003   3.07729392194147     
  8.000000000000000E-003   4.60472314897789     
  9.000000000000001E-003   12.4737553350982     
  1.000000000000000E-002   4.65798116896991     
  1.100000000000000E-002   4.49683250804980     
  1.200000000000000E-002   6.95837610660249     
  1.300000000000000E-002   2.54201551941429     
  1.400000000000000E-002  3.299095709241061E-004
  1.500000000000000E-002  0.000000000000000E+000
  1.600000000000000E-002  0.000000000000000E+000
  1.700000000000000E-002  0.000000000000000E+000
  1.800000000000000E-002  0.000000000000000E+000
  1.900000000000000E-002  0.000000000000000E+000
  2.000000000000000E-002  0.000000000000000E+000
  2.100000000000000E-002  0.000000000000000E+000
  2.200000000000000E-002  0.000000000000000E+000
  2.300000000000000E-002  0.000000000000000E+000
  2.400000000000000E-002  0.000000000000000E+000
  2.500000000000000E-002  0.000000000000000E+000
