 -2.500000000000000E-002  0.000000000000000E+000
 -2.400000000000000E-002  0.000000000000000E+000
 -2.300000000000000E-002  0.000000000000000E+000
 -2.200000000000000E-002  0.000000000000000E+000
 -2.100000000000000E-002  0.000000000000000E+000
 -2.000000000000000E-002  0.000000000000000E+000
 -1.900000000000000E-002  0.000000000000000E+000
 -1.800000000000000E-002  0.358069491433803     
 -1.700000000000000E-002   2.54969861798502     
 -1.600000000000000E-002  0.625211890581181     
 -1.500000000000000E-002   1.47438259797789     
 -1.400000000000000E-002   2.99255705273998     
 -1.300000000000000E-002   2.42298327513475     
 -1.200000000000000E-002  0.793211916118906     
 -1.100000000000000E-002  0.393110446470998     
 -1.000000000000000E-002  0.715268819434512     
 -9.000000000000001E-003   1.88841176939517     
 -8.000000000000000E-003   1.82365256572925     
 -6.999999999999999E-003   2.29484438781214     
 -6.000000000000002E-003   9.47797689521050     
 -5.000000000000001E-003   8.42330976145675     
 -4.000000000000000E-003   10.6776724443659     
 -3.000000000000003E-003   25.0366710045766     
 -2.000000000000002E-003   41.1382374053152     
 -1.000000000000001E-003   34.9148555845229     
  0.000000000000000E+000   23.4885329870583     
  1.000000000000001E-003   14.5037865237919     
  1.999999999999998E-003   10.7350439082868     
  2.999999999999999E-003   7.82542282757117     
  4.000000000000000E-003   5.46503085758618     
  4.999999999999998E-003   7.17304955615260     
  5.999999999999998E-003   3.67483842010721     
  6.999999999999999E-003   3.95331556960845     
  8.000000000000000E-003   10.3681659267667     
  9.000000000000001E-003   4.86906284169042     
  1.000000000000000E-002   9.52506833876172     
  1.100000000000000E-002   10.7229967275122     
  1.200000000000000E-002   3.88438456484057     
  1.300000000000000E-002  0.179545024004426     
  1.400000000000000E-002  0.000000000000000E+000
  1.500000000000000E-002  0.000000000000000E+000
  1.600000000000000E-002  0.000000000000000E+000
  1.700000000000000E-002  0.000000000000000E+000
  1.800000000000000E-002  0.000000000000000E+000
  1.900000000000000E-002  0.000000000000000E+000
  2.000000000000000E-002  0.000000000000000E+000
  2.100000000000000E-002  0.000000000000000E+000
  2.200000000000000E-002  0.000000000000000E+000
  2.300000000000000E-002  0.000000000000000E+000
  2.400000000000000E-002  0.000000000000000E+000
  2.500000000000000E-002  0.000000000000000E+000
