 -2.500000000000000E-002  0.000000000000000E+000
 -2.400000000000000E-002  0.000000000000000E+000
 -2.300000000000000E-002  0.000000000000000E+000
 -2.200000000000000E-002  0.000000000000000E+000
 -2.100000000000000E-002  0.000000000000000E+000
 -2.000000000000000E-002  0.000000000000000E+000
 -1.900000000000000E-002  0.000000000000000E+000
 -1.800000000000000E-002  0.000000000000000E+000
 -1.700000000000000E-002  0.000000000000000E+000
 -1.600000000000000E-002  0.000000000000000E+000
 -1.500000000000000E-002  0.000000000000000E+000
 -1.400000000000000E-002  0.000000000000000E+000
 -1.300000000000000E-002  0.000000000000000E+000
 -1.200000000000000E-002  0.000000000000000E+000
 -1.100000000000000E-002  0.000000000000000E+000
 -1.000000000000000E-002  0.000000000000000E+000
 -9.000000000000001E-003  0.000000000000000E+000
 -8.000000000000000E-003   2.28008327912920     
 -6.999999999999999E-003   8.12024170638142     
 -6.000000000000002E-003   14.8274245739322     
 -5.000000000000001E-003   17.0442425447329     
 -4.000000000000000E-003   16.4571343158294     
 -3.000000000000003E-003   17.2753178033769     
 -2.000000000000002E-003   25.4171180347174     
 -1.000000000000001E-003   16.4032972289554     
  0.000000000000000E+000   6.84386240183512     
  1.000000000000001E-003   4.06702797471888     
  1.999999999999998E-003   4.58563204860054     
  2.999999999999999E-003   3.41599754460280     
  4.000000000000000E-003   4.66231848259253     
  4.999999999999998E-003   4.90611494888212     
  5.999999999999998E-003   5.64603465912181     
  6.999999999999999E-003   7.57196140755870     
  8.000000000000000E-003   6.54627827591549     
  9.000000000000001E-003   4.52116001675733     
  1.000000000000000E-002   8.25391538726774     
  1.100000000000000E-002   6.19192458749710     
  1.200000000000000E-002   2.85839867778745     
  1.300000000000000E-002  0.185734099807605     
  1.400000000000000E-002  0.000000000000000E+000
  1.500000000000000E-002  0.000000000000000E+000
  1.600000000000000E-002  0.000000000000000E+000
  1.700000000000000E-002  0.000000000000000E+000
  1.800000000000000E-002  0.000000000000000E+000
  1.900000000000000E-002  0.000000000000000E+000
  2.000000000000000E-002  0.000000000000000E+000
  2.100000000000000E-002  0.000000000000000E+000
  2.200000000000000E-002  0.000000000000000E+000
  2.300000000000000E-002  0.000000000000000E+000
  2.400000000000000E-002  0.000000000000000E+000
  2.500000000000000E-002  0.000000000000000E+000
