 -2.500000000000000E-002  0.000000000000000E+000
 -2.400000000000000E-002  0.000000000000000E+000
 -2.300000000000000E-002  0.000000000000000E+000
 -2.200000000000000E-002  0.000000000000000E+000
 -2.100000000000000E-002  0.000000000000000E+000
 -2.000000000000000E-002  0.000000000000000E+000
 -1.900000000000000E-002  0.000000000000000E+000
 -1.800000000000000E-002  0.000000000000000E+000
 -1.700000000000000E-002  0.000000000000000E+000
 -1.600000000000000E-002  0.000000000000000E+000
 -1.500000000000000E-002  0.000000000000000E+000
 -1.400000000000000E-002  0.000000000000000E+000
 -1.300000000000000E-002  0.000000000000000E+000
 -1.200000000000000E-002  0.000000000000000E+000
 -1.100000000000000E-002  0.211233685666582     
 -1.000000000000000E-002   3.25601330878329     
 -9.000000000000001E-003   4.32970863217716     
 -8.000000000000000E-003   2.76524349697732     
 -6.999999999999999E-003   2.76457453625024     
 -6.000000000000002E-003   8.38484664086742     
 -5.000000000000001E-003   11.3173183913876     
 -4.000000000000000E-003   13.5854758128651     
 -3.000000000000003E-003   12.5430864925427     
 -2.000000000000002E-003   12.0719088980565     
 -1.000000000000001E-003   8.95387585944264     
  0.000000000000000E+000   10.2762787351914     
  1.000000000000001E-003   8.81878560789929     
  1.999999999999998E-003   4.09914402308073     
  2.999999999999999E-003   3.86410553891895     
  4.000000000000000E-003   8.80188618220713     
  4.999999999999998E-003   9.14768537077915     
  5.999999999999998E-003   7.19363998081942     
  6.999999999999999E-003   4.55317268187168     
  8.000000000000000E-003   3.31065630228182     
  9.000000000000001E-003   2.58597640976045     
  1.000000000000000E-002   3.88131357178447     
  1.100000000000000E-002   4.72732968007577     
  1.200000000000000E-002   1.64412292906194     
  1.300000000000000E-002  0.288827231251254     
  1.400000000000000E-002  0.000000000000000E+000
  1.500000000000000E-002  0.000000000000000E+000
  1.600000000000000E-002  0.000000000000000E+000
  1.700000000000000E-002  0.000000000000000E+000
  1.800000000000000E-002  0.000000000000000E+000
  1.900000000000000E-002  0.000000000000000E+000
  2.000000000000000E-002  0.000000000000000E+000
  2.100000000000000E-002  0.000000000000000E+000
  2.200000000000000E-002  0.000000000000000E+000
  2.300000000000000E-002  0.000000000000000E+000
  2.400000000000000E-002  0.000000000000000E+000
  2.500000000000000E-002  0.000000000000000E+000
