 -2.500000000000000E-002  0.000000000000000E+000
 -2.400000000000000E-002  0.000000000000000E+000
 -2.300000000000000E-002  0.000000000000000E+000
 -2.200000000000000E-002  0.000000000000000E+000
 -2.100000000000000E-002  0.000000000000000E+000
 -2.000000000000000E-002  0.000000000000000E+000
 -1.900000000000000E-002  0.000000000000000E+000
 -1.800000000000000E-002  0.000000000000000E+000
 -1.700000000000000E-002  0.000000000000000E+000
 -1.600000000000000E-002  5.310807882164872E-002
 -1.500000000000000E-002  0.459631967798677     
 -1.400000000000000E-002   1.19448618365778     
 -1.300000000000000E-002  0.942493769721891     
 -1.200000000000000E-002  0.656386813990820     
 -1.100000000000000E-002  0.336617379695534     
 -1.000000000000000E-002   1.04510191585975     
 -9.000000000000001E-003   1.33811526215392     
 -8.000000000000000E-003  0.700254676984769     
 -6.999999999999999E-003  0.672689583061952     
 -6.000000000000002E-003   1.17573238430396     
 -5.000000000000001E-003   1.96454789255514     
 -4.000000000000000E-003   6.66713130406006     
 -3.000000000000003E-003   15.4968447366251     
 -2.000000000000002E-003   17.8930997086780     
 -1.000000000000001E-003   15.2351882280182     
  0.000000000000000E+000   11.3558530304126     
  1.000000000000001E-003   13.7661900127109     
  1.999999999999998E-003   12.3169773437216     
  2.999999999999999E-003   6.16635442853404     
  4.000000000000000E-003   1.76524948180417     
  4.999999999999998E-003   1.09853652174931     
  5.999999999999998E-003  0.927117899624257     
  6.999999999999999E-003   1.20114688281992     
  8.000000000000000E-003  0.829524783932902     
  9.000000000000001E-003  0.965234999216443     
  1.000000000000000E-002  0.522821608651031     
  1.100000000000000E-002   1.94036127933544     
  1.200000000000000E-002   2.06606965928805     
  1.300000000000000E-002   2.21788347804598     
  1.400000000000000E-002   1.27084690036134     
  1.500000000000000E-002   1.09595180177654     
  1.600000000000000E-002  0.328770002028123     
  1.700000000000000E-002  0.000000000000000E+000
  1.800000000000000E-002  0.000000000000000E+000
  1.900000000000000E-002  0.000000000000000E+000
  2.000000000000000E-002  0.000000000000000E+000
  2.100000000000000E-002  0.000000000000000E+000
  2.200000000000000E-002  0.000000000000000E+000
  2.300000000000000E-002  0.000000000000000E+000
  2.400000000000000E-002  0.000000000000000E+000
  2.500000000000000E-002  0.000000000000000E+000
