 -2.500000000000000E-002  0.000000000000000E+000
 -2.400000000000000E-002  0.000000000000000E+000
 -2.300000000000000E-002  0.000000000000000E+000
 -2.200000000000000E-002  0.000000000000000E+000
 -2.100000000000000E-002  0.000000000000000E+000
 -2.000000000000000E-002  0.000000000000000E+000
 -1.900000000000000E-002  0.000000000000000E+000
 -1.800000000000000E-002  0.000000000000000E+000
 -1.700000000000000E-002  0.000000000000000E+000
 -1.600000000000000E-002  0.000000000000000E+000
 -1.500000000000000E-002  0.000000000000000E+000
 -1.400000000000000E-002  0.000000000000000E+000
 -1.300000000000000E-002  0.000000000000000E+000
 -1.200000000000000E-002  0.000000000000000E+000
 -1.100000000000000E-002  0.000000000000000E+000
 -1.000000000000000E-002  0.000000000000000E+000
 -9.000000000000001E-003  0.177156624681430     
 -8.000000000000000E-003   1.15155099212279     
 -6.999999999999999E-003   3.08079895626315     
 -6.000000000000002E-003   3.96169210450887     
 -5.000000000000001E-003   9.96798086720591     
 -4.000000000000000E-003   12.6258694678020     
 -3.000000000000003E-003   11.4253140818020     
 -2.000000000000002E-003   9.81165487222933     
 -1.000000000000001E-003   9.83072155631389     
  0.000000000000000E+000   6.99415339460159     
  1.000000000000001E-003   4.27398961104954     
  1.999999999999998E-003   3.87518306768737     
  2.999999999999999E-003   4.32633947005509     
  4.000000000000000E-003   2.66581001255623     
  4.999999999999998E-003   4.18734103208098     
  5.999999999999998E-003   5.35335731287773     
  6.999999999999999E-003   2.82739835461119     
  8.000000000000000E-003   3.52651386937739     
  9.000000000000001E-003   2.62155448415532     
  1.000000000000000E-002   2.08192996272193     
  1.100000000000000E-002   1.91620696507727     
  1.200000000000000E-002   1.30035294021898     
  1.300000000000000E-002  0.000000000000000E+000
  1.400000000000000E-002  0.000000000000000E+000
  1.500000000000000E-002  0.000000000000000E+000
  1.600000000000000E-002  0.000000000000000E+000
  1.700000000000000E-002  0.000000000000000E+000
  1.800000000000000E-002  0.000000000000000E+000
  1.900000000000000E-002  0.000000000000000E+000
  2.000000000000000E-002  0.000000000000000E+000
  2.100000000000000E-002  0.000000000000000E+000
  2.200000000000000E-002  0.000000000000000E+000
  2.300000000000000E-002  0.000000000000000E+000
  2.400000000000000E-002  0.000000000000000E+000
  2.500000000000000E-002  0.000000000000000E+000
