 -2.500000000000000E-002  0.000000000000000E+000
 -2.400000000000000E-002  0.000000000000000E+000
 -2.300000000000000E-002  0.000000000000000E+000
 -2.200000000000000E-002  0.000000000000000E+000
 -2.100000000000000E-002  0.000000000000000E+000
 -2.000000000000000E-002  0.000000000000000E+000
 -1.900000000000000E-002  0.598105481332030     
 -1.800000000000000E-002   1.43490886480805     
 -1.700000000000000E-002  0.756196780811661     
 -1.600000000000000E-002  0.676704315586920     
 -1.500000000000000E-002   1.19019866321397     
 -1.400000000000000E-002   1.09430484040828     
 -1.300000000000000E-002  0.854006001101086     
 -1.200000000000000E-002  0.794064968723041     
 -1.100000000000000E-002  0.710331750515377     
 -1.000000000000000E-002  0.944533058545905     
 -9.000000000000001E-003   1.37027887103162     
 -8.000000000000000E-003   2.64392624362028     
 -6.999999999999999E-003   9.13159480646180     
 -6.000000000000002E-003   10.9177384582074     
 -5.000000000000001E-003   10.1192203512312     
 -4.000000000000000E-003   9.25554787268078     
 -3.000000000000003E-003   8.21017728376015     
 -2.000000000000002E-003   8.07773189620359     
 -1.000000000000001E-003   12.5167000798049     
  0.000000000000000E+000   8.49577213774210     
  1.000000000000001E-003   9.86827233146394     
  1.999999999999998E-003   10.4482212471901     
  2.999999999999999E-003   13.0035063050826     
  4.000000000000000E-003   13.9158459831718     
  4.999999999999998E-003   6.85351116242512     
  5.999999999999998E-003   2.53847398406137     
  6.999999999999999E-003   1.68347071560671     
  8.000000000000000E-003   2.89524176802480     
  9.000000000000001E-003   5.61289482102624     
  1.000000000000000E-002   3.48028220419367     
  1.100000000000000E-002   3.00059495446007     
  1.200000000000000E-002   5.02647467322615     
  1.300000000000000E-002   1.80103875673130     
  1.400000000000000E-002   1.45226739216526     
  1.500000000000000E-002  0.116380975380844     
  1.600000000000000E-002  0.000000000000000E+000
  1.700000000000000E-002  0.000000000000000E+000
  1.800000000000000E-002  0.000000000000000E+000
  1.900000000000000E-002  0.000000000000000E+000
  2.000000000000000E-002  0.000000000000000E+000
  2.100000000000000E-002  0.000000000000000E+000
  2.200000000000000E-002  0.000000000000000E+000
  2.300000000000000E-002  0.000000000000000E+000
  2.400000000000000E-002  0.000000000000000E+000
  2.500000000000000E-002  0.000000000000000E+000
