 -2.500000000000000E-002  0.000000000000000E+000
 -2.400000000000000E-002  0.000000000000000E+000
 -2.300000000000000E-002  0.000000000000000E+000
 -2.200000000000000E-002  0.000000000000000E+000
 -2.100000000000000E-002  0.000000000000000E+000
 -2.000000000000000E-002  0.000000000000000E+000
 -1.900000000000000E-002  0.000000000000000E+000
 -1.800000000000000E-002  0.000000000000000E+000
 -1.700000000000000E-002  0.000000000000000E+000
 -1.600000000000000E-002  0.000000000000000E+000
 -1.500000000000000E-002  0.000000000000000E+000
 -1.400000000000000E-002  0.000000000000000E+000
 -1.300000000000000E-002  0.000000000000000E+000
 -1.200000000000000E-002  0.000000000000000E+000
 -1.100000000000000E-002  0.000000000000000E+000
 -1.000000000000000E-002  0.000000000000000E+000
 -9.000000000000001E-003  0.000000000000000E+000
 -8.000000000000000E-003  0.000000000000000E+000
 -6.999999999999999E-003  0.000000000000000E+000
 -6.000000000000002E-003  0.000000000000000E+000
 -5.000000000000001E-003  0.792894420316147     
 -4.000000000000000E-003   10.3358140823750     
 -3.000000000000003E-003   26.8295225364328     
 -2.000000000000002E-003   34.1791742570373     
 -1.000000000000001E-003   29.1753603133630     
  0.000000000000000E+000   22.3257286738457     
  1.000000000000001E-003   20.6858114111547     
  1.999999999999998E-003   21.7760051195807     
  2.999999999999999E-003   6.72364459238093     
  4.000000000000000E-003   2.14705871570879     
  4.999999999999998E-003  0.604172049712378     
  5.999999999999998E-003  0.571346838950315     
  6.999999999999999E-003   1.37064835533095     
  8.000000000000000E-003  0.809586415999930     
  9.000000000000001E-003  0.347090780400070     
  1.000000000000000E-002   1.25564626405879     
  1.100000000000000E-002   2.71261690658024     
  1.200000000000000E-002   1.45606197928708     
  1.300000000000000E-002   1.11506643329037     
  1.400000000000000E-002   1.15236440124186     
  1.500000000000000E-002  0.708085452952955     
  1.600000000000000E-002  0.000000000000000E+000
  1.700000000000000E-002  0.000000000000000E+000
  1.800000000000000E-002  0.000000000000000E+000
  1.900000000000000E-002  0.000000000000000E+000
  2.000000000000000E-002  0.000000000000000E+000
  2.100000000000000E-002  0.000000000000000E+000
  2.200000000000000E-002  0.000000000000000E+000
  2.300000000000000E-002  0.000000000000000E+000
  2.400000000000000E-002  0.000000000000000E+000
  2.500000000000000E-002  0.000000000000000E+000
