 -2.500000000000000E-002  0.000000000000000E+000
 -2.400000000000000E-002  0.000000000000000E+000
 -2.300000000000000E-002  0.000000000000000E+000
 -2.200000000000000E-002  0.000000000000000E+000
 -2.100000000000000E-002  0.309941716120048     
 -2.000000000000000E-002   1.35615130177779     
 -1.900000000000000E-002   2.13881725563466     
 -1.800000000000000E-002   1.27928972646749     
 -1.700000000000000E-002  0.678721649471904     
 -1.600000000000000E-002   3.78920029010639     
 -1.500000000000000E-002   2.82916812599463     
 -1.400000000000000E-002  0.823787374693314     
 -1.300000000000000E-002  0.570331386949651     
 -1.200000000000000E-002   2.32498452265213     
 -1.100000000000000E-002   1.70724918486213     
 -1.000000000000000E-002   1.35374627623317     
 -9.000000000000001E-003   2.75251355966979     
 -8.000000000000000E-003   3.56613811838965     
 -6.999999999999999E-003   2.25361219791349     
 -6.000000000000002E-003   2.17320203496744     
 -5.000000000000001E-003   4.03997358316033     
 -4.000000000000000E-003   6.98835150736792     
 -3.000000000000003E-003   10.4401730532993     
 -2.000000000000002E-003   8.69106795507964     
 -1.000000000000001E-003   7.16549002202156     
  0.000000000000000E+000   6.07382042087575     
  1.000000000000001E-003   2.30304087883939     
  1.999999999999998E-003   4.98374703468683     
  2.999999999999999E-003   5.41873006647175     
  4.000000000000000E-003   4.65952337462217     
  4.999999999999998E-003   3.79384604954623     
  5.999999999999998E-003   4.09884072470909     
  6.999999999999999E-003   9.85025505349276     
  8.000000000000000E-003   5.42045489006480     
  9.000000000000001E-003   8.05391397424782     
  1.000000000000000E-002   12.4638269074615     
  1.100000000000000E-002   4.52272707685445     
  1.200000000000000E-002   1.86744243484602     
  1.300000000000000E-002  0.315880270449047     
  1.400000000000000E-002  0.000000000000000E+000
  1.500000000000000E-002  0.000000000000000E+000
  1.600000000000000E-002  0.000000000000000E+000
  1.700000000000000E-002  0.000000000000000E+000
  1.800000000000000E-002  0.000000000000000E+000
  1.900000000000000E-002  0.000000000000000E+000
  2.000000000000000E-002  0.000000000000000E+000
  2.100000000000000E-002  0.000000000000000E+000
  2.200000000000000E-002  0.000000000000000E+000
  2.300000000000000E-002  0.000000000000000E+000
  2.400000000000000E-002  0.000000000000000E+000
  2.500000000000000E-002  0.000000000000000E+000
