 -2.500000000000000E-002  0.000000000000000E+000
 -2.400000000000000E-002  0.000000000000000E+000
 -2.300000000000000E-002  0.000000000000000E+000
 -2.200000000000000E-002  0.000000000000000E+000
 -2.100000000000000E-002  0.000000000000000E+000
 -2.000000000000000E-002  0.000000000000000E+000
 -1.900000000000000E-002  0.000000000000000E+000
 -1.800000000000000E-002  0.000000000000000E+000
 -1.700000000000000E-002  0.000000000000000E+000
 -1.600000000000000E-002  0.000000000000000E+000
 -1.500000000000000E-002  0.000000000000000E+000
 -1.400000000000000E-002  0.000000000000000E+000
 -1.300000000000000E-002  0.000000000000000E+000
 -1.200000000000000E-002  0.000000000000000E+000
 -1.100000000000000E-002  0.268496803573699     
 -1.000000000000000E-002  0.794423795177805     
 -9.000000000000001E-003  0.614585310894935     
 -8.000000000000000E-003  0.390500518697218     
 -6.999999999999999E-003  0.557469097522842     
 -6.000000000000002E-003   1.32052933092492     
 -5.000000000000001E-003   2.89191491458979     
 -4.000000000000000E-003   15.9409261276784     
 -3.000000000000003E-003   31.2170698188492     
 -2.000000000000002E-003   27.2827515547783     
 -1.000000000000001E-003   23.2765718678978     
  0.000000000000000E+000   18.1620425100125     
  1.000000000000001E-003   17.9322819721016     
  1.999999999999998E-003   10.0777941787791     
  2.999999999999999E-003   3.41388376481346     
  4.000000000000000E-003   2.18695476258295     
  4.999999999999998E-003   1.68846931274000     
  5.999999999999998E-003   2.26477624070711     
  6.999999999999999E-003   1.13775526426677     
  8.000000000000000E-003   1.44283363107395     
  9.000000000000001E-003   2.71499199604046     
  1.000000000000000E-002   2.96344652844454     
  1.100000000000000E-002   2.11819719605716     
  1.200000000000000E-002   2.02734085515835     
  1.300000000000000E-002   2.34922960579315     
  1.400000000000000E-002   2.40636488672499     
  1.500000000000000E-002  0.919478154119055     
  1.600000000000000E-002  0.000000000000000E+000
  1.700000000000000E-002  0.000000000000000E+000
  1.800000000000000E-002  0.000000000000000E+000
  1.900000000000000E-002  0.000000000000000E+000
  2.000000000000000E-002  0.000000000000000E+000
  2.100000000000000E-002  0.000000000000000E+000
  2.200000000000000E-002  0.000000000000000E+000
  2.300000000000000E-002  0.000000000000000E+000
  2.400000000000000E-002  0.000000000000000E+000
  2.500000000000000E-002  0.000000000000000E+000
