 -2.500000000000000E-002  0.000000000000000E+000
 -2.400000000000000E-002  0.000000000000000E+000
 -2.300000000000000E-002  0.000000000000000E+000
 -2.200000000000000E-002  0.000000000000000E+000
 -2.100000000000000E-002  0.000000000000000E+000
 -2.000000000000000E-002  0.000000000000000E+000
 -1.900000000000000E-002  0.000000000000000E+000
 -1.800000000000000E-002  0.000000000000000E+000
 -1.700000000000000E-002  0.000000000000000E+000
 -1.600000000000000E-002  0.000000000000000E+000
 -1.500000000000000E-002  0.000000000000000E+000
 -1.400000000000000E-002  0.000000000000000E+000
 -1.300000000000000E-002  0.000000000000000E+000
 -1.200000000000000E-002  0.000000000000000E+000
 -1.100000000000000E-002  0.000000000000000E+000
 -1.000000000000000E-002  0.000000000000000E+000
 -9.000000000000001E-003  8.519792381280835E-003
 -8.000000000000000E-003   5.72724898329635     
 -6.999999999999999E-003   15.7741735819582     
 -6.000000000000002E-003   22.2995069717785     
 -5.000000000000001E-003   24.6117577056573     
 -4.000000000000000E-003   21.0688192114409     
 -3.000000000000003E-003   20.1950075491492     
 -2.000000000000002E-003   31.2126192499398     
 -1.000000000000001E-003   19.1843508969143     
  0.000000000000000E+000   9.51590775789268     
  1.000000000000001E-003   8.25993456885888     
  1.999999999999998E-003   4.93510905762219     
  2.999999999999999E-003   7.07345207660096     
  4.000000000000000E-003   6.79807001940401     
  4.999999999999998E-003   5.95295959388226     
  5.999999999999998E-003   5.48199141085995     
  6.999999999999999E-003   6.58498633491395     
  8.000000000000000E-003   9.44486275936071     
  9.000000000000001E-003   5.65112535209735     
  1.000000000000000E-002   12.4347484002605     
  1.100000000000000E-002   12.5965143212631     
  1.200000000000000E-002   5.71204498301596     
  1.300000000000000E-002  0.485329421451571     
  1.400000000000000E-002  0.000000000000000E+000
  1.500000000000000E-002  0.000000000000000E+000
  1.600000000000000E-002  0.000000000000000E+000
  1.700000000000000E-002  0.000000000000000E+000
  1.800000000000000E-002  0.000000000000000E+000
  1.900000000000000E-002  0.000000000000000E+000
  2.000000000000000E-002  0.000000000000000E+000
  2.100000000000000E-002  0.000000000000000E+000
  2.200000000000000E-002  0.000000000000000E+000
  2.300000000000000E-002  0.000000000000000E+000
  2.400000000000000E-002  0.000000000000000E+000
  2.500000000000000E-002  0.000000000000000E+000
