 -2.500000000000000E-002  0.000000000000000E+000
 -2.400000000000000E-002  0.000000000000000E+000
 -2.300000000000000E-002  0.000000000000000E+000
 -2.200000000000000E-002  0.000000000000000E+000
 -2.100000000000000E-002  0.000000000000000E+000
 -2.000000000000000E-002  0.000000000000000E+000
 -1.900000000000000E-002  0.000000000000000E+000
 -1.800000000000000E-002  0.000000000000000E+000
 -1.700000000000000E-002  0.000000000000000E+000
 -1.600000000000000E-002  3.827629390817006E-002
 -1.500000000000000E-002  0.308492973323293     
 -1.400000000000000E-002  0.681109053747952     
 -1.300000000000000E-002  0.628022549788163     
 -1.200000000000000E-002  0.673890106160095     
 -1.100000000000000E-002  0.813670500735537     
 -1.000000000000000E-002  0.501612047698017     
 -9.000000000000001E-003  0.310598466226472     
 -8.000000000000000E-003   1.03603447957503     
 -6.999999999999999E-003   4.70791480552728     
 -6.000000000000002E-003   8.37159617448119     
 -5.000000000000001E-003   9.76829226700611     
 -4.000000000000000E-003   7.75601983375841     
 -3.000000000000003E-003   7.80260362719842     
 -2.000000000000002E-003   7.54224445855370     
 -1.000000000000001E-003   9.55525534223947     
  0.000000000000000E+000   8.31903435627271     
  1.000000000000001E-003   12.7566296831653     
  1.999999999999998E-003   19.9133277003379     
  2.999999999999999E-003   15.9796172057709     
  4.000000000000000E-003   12.9292057285643     
  4.999999999999998E-003   8.12737518678220     
  5.999999999999998E-003   2.49048574136434     
  6.999999999999999E-003  0.698798354610180     
  8.000000000000000E-003   2.33487701907359     
  9.000000000000001E-003   2.51958192050638     
  1.000000000000000E-002   1.36720412362487     
  1.100000000000000E-002  0.000000000000000E+000
  1.200000000000000E-002  0.000000000000000E+000
  1.300000000000000E-002  0.000000000000000E+000
  1.400000000000000E-002  0.000000000000000E+000
  1.500000000000000E-002  0.000000000000000E+000
  1.600000000000000E-002  0.000000000000000E+000
  1.700000000000000E-002  0.000000000000000E+000
  1.800000000000000E-002  0.000000000000000E+000
  1.900000000000000E-002  0.000000000000000E+000
  2.000000000000000E-002  0.000000000000000E+000
  2.100000000000000E-002  0.000000000000000E+000
  2.200000000000000E-002  0.000000000000000E+000
  2.300000000000000E-002  0.000000000000000E+000
  2.400000000000000E-002  0.000000000000000E+000
  2.500000000000000E-002  0.000000000000000E+000
