 -2.500000000000000E-002  0.000000000000000E+000
 -2.400000000000000E-002  0.000000000000000E+000
 -2.300000000000000E-002  0.000000000000000E+000
 -2.200000000000000E-002  0.000000000000000E+000
 -2.100000000000000E-002  0.000000000000000E+000
 -2.000000000000000E-002  0.000000000000000E+000
 -1.900000000000000E-002  0.000000000000000E+000
 -1.800000000000000E-002  0.000000000000000E+000
 -1.700000000000000E-002  0.000000000000000E+000
 -1.600000000000000E-002  0.000000000000000E+000
 -1.500000000000000E-002  0.000000000000000E+000
 -1.400000000000000E-002  0.000000000000000E+000
 -1.300000000000000E-002  0.000000000000000E+000
 -1.200000000000000E-002  0.000000000000000E+000
 -1.100000000000000E-002  0.000000000000000E+000
 -1.000000000000000E-002  0.000000000000000E+000
 -9.000000000000001E-003  0.000000000000000E+000
 -8.000000000000000E-003  0.000000000000000E+000
 -6.999999999999999E-003  0.116399614020693     
 -6.000000000000002E-003   2.61464627393331     
 -5.000000000000001E-003   8.15240139013940     
 -4.000000000000000E-003   16.4533831206357     
 -3.000000000000003E-003   32.4533492752143     
 -2.000000000000002E-003   61.8476973973333     
 -1.000000000000001E-003   74.0051708680646     
  0.000000000000000E+000   61.9747022018145     
  1.000000000000001E-003   52.6790525990879     
  1.999999999999998E-003   30.1864593189189     
  2.999999999999999E-003   21.5524324533274     
  4.000000000000000E-003   2.37403473182177     
  4.999999999999998E-003   2.04210416121745     
  5.999999999999998E-003   2.33145839725544     
  6.999999999999999E-003   3.31176357673708     
  8.000000000000000E-003   2.53296804517350     
  9.000000000000001E-003   3.34384300825066     
  1.000000000000000E-002   2.20517096654503     
  1.100000000000000E-002   3.18027534335966     
  1.200000000000000E-002   4.52518528852360     
  1.300000000000000E-002   1.05416818395556     
  1.400000000000000E-002  3.583378467043770E-002
  1.500000000000000E-002  0.000000000000000E+000
  1.600000000000000E-002  0.000000000000000E+000
  1.700000000000000E-002  0.000000000000000E+000
  1.800000000000000E-002  0.000000000000000E+000
  1.900000000000000E-002  0.000000000000000E+000
  2.000000000000000E-002  0.000000000000000E+000
  2.100000000000000E-002  0.000000000000000E+000
  2.200000000000000E-002  0.000000000000000E+000
  2.300000000000000E-002  0.000000000000000E+000
  2.400000000000000E-002  0.000000000000000E+000
  2.500000000000000E-002  0.000000000000000E+000
