 -2.500000000000000E-002  0.000000000000000E+000
 -2.400000000000000E-002  0.000000000000000E+000
 -2.300000000000000E-002  0.000000000000000E+000
 -2.200000000000000E-002  0.000000000000000E+000
 -2.100000000000000E-002  0.000000000000000E+000
 -2.000000000000000E-002  0.000000000000000E+000
 -1.900000000000000E-002  0.000000000000000E+000
 -1.800000000000000E-002  0.000000000000000E+000
 -1.700000000000000E-002  0.000000000000000E+000
 -1.600000000000000E-002  0.000000000000000E+000
 -1.500000000000000E-002  0.000000000000000E+000
 -1.400000000000000E-002  0.000000000000000E+000
 -1.300000000000000E-002  0.000000000000000E+000
 -1.200000000000000E-002  0.000000000000000E+000
 -1.100000000000000E-002  0.000000000000000E+000
 -1.000000000000000E-002  0.000000000000000E+000
 -9.000000000000001E-003  0.000000000000000E+000
 -8.000000000000000E-003  0.276661125559285     
 -6.999999999999999E-003   2.85186383357859     
 -6.000000000000002E-003   4.10636833028126     
 -5.000000000000001E-003   4.31367793334204     
 -4.000000000000000E-003   13.3317954699618     
 -3.000000000000003E-003   14.2670953861969     
 -2.000000000000002E-003   15.0111251779748     
 -1.000000000000001E-003   10.4443026994065     
  0.000000000000000E+000   8.21998426943921     
  1.000000000000001E-003   11.0826872881314     
  1.999999999999998E-003   7.72628862939370     
  2.999999999999999E-003   2.21494575486971     
  4.000000000000000E-003   1.36795915326387     
  4.999999999999998E-003   10.2257451568325     
  5.999999999999998E-003   7.62331181802803     
  6.999999999999999E-003   9.69227548568175     
  8.000000000000000E-003  4.233248805863642E-002
  9.000000000000001E-003  0.000000000000000E+000
  1.000000000000000E-002  0.000000000000000E+000
  1.100000000000000E-002  0.000000000000000E+000
  1.200000000000000E-002  0.000000000000000E+000
  1.300000000000000E-002  0.000000000000000E+000
  1.400000000000000E-002  0.000000000000000E+000
  1.500000000000000E-002  0.000000000000000E+000
  1.600000000000000E-002  0.000000000000000E+000
  1.700000000000000E-002  0.000000000000000E+000
  1.800000000000000E-002  0.000000000000000E+000
  1.900000000000000E-002  0.000000000000000E+000
  2.000000000000000E-002  0.000000000000000E+000
  2.100000000000000E-002  0.000000000000000E+000
  2.200000000000000E-002  0.000000000000000E+000
  2.300000000000000E-002  0.000000000000000E+000
  2.400000000000000E-002  0.000000000000000E+000
  2.500000000000000E-002  0.000000000000000E+000
