 -2.500000000000000E-002  0.000000000000000E+000
 -2.400000000000000E-002  0.000000000000000E+000
 -2.300000000000000E-002  0.000000000000000E+000
 -2.200000000000000E-002  0.000000000000000E+000
 -2.100000000000000E-002  0.000000000000000E+000
 -2.000000000000000E-002  0.000000000000000E+000
 -1.900000000000000E-002  0.000000000000000E+000
 -1.800000000000000E-002  0.000000000000000E+000
 -1.700000000000000E-002  0.000000000000000E+000
 -1.600000000000000E-002  0.000000000000000E+000
 -1.500000000000000E-002  0.000000000000000E+000
 -1.400000000000000E-002  0.000000000000000E+000
 -1.300000000000000E-002  0.000000000000000E+000
 -1.200000000000000E-002  0.000000000000000E+000
 -1.100000000000000E-002  0.000000000000000E+000
 -1.000000000000000E-002  0.000000000000000E+000
 -9.000000000000001E-003  0.000000000000000E+000
 -8.000000000000000E-003  0.000000000000000E+000
 -6.999999999999999E-003  0.000000000000000E+000
 -6.000000000000002E-003  0.000000000000000E+000
 -5.000000000000001E-003   3.28166536209236     
 -4.000000000000000E-003   22.5838006469243     
 -3.000000000000003E-003   33.5430384264349     
 -2.000000000000002E-003   28.3976167587207     
 -1.000000000000001E-003   22.3249126097505     
  0.000000000000000E+000   15.0260764013756     
  1.000000000000001E-003   20.6671766814561     
  1.999999999999998E-003   8.35408649723007     
  2.999999999999999E-003   2.81500626067702     
  4.000000000000000E-003   1.88450324453100     
  4.999999999999998E-003   2.10218420797685     
  5.999999999999998E-003   1.95551209836911     
  6.999999999999999E-003   1.07725168011338     
  8.000000000000000E-003   1.35774335848662     
  9.000000000000001E-003   2.83248848561772     
  1.000000000000000E-002   5.96377550219551     
  1.100000000000000E-002   2.76267684080473     
  1.200000000000000E-002   2.16479483459707     
  1.300000000000000E-002   3.55957018659373     
  1.400000000000000E-002  0.153299916052619     
  1.500000000000000E-002  0.000000000000000E+000
  1.600000000000000E-002  0.000000000000000E+000
  1.700000000000000E-002  0.000000000000000E+000
  1.800000000000000E-002  0.000000000000000E+000
  1.900000000000000E-002  0.000000000000000E+000
  2.000000000000000E-002  0.000000000000000E+000
  2.100000000000000E-002  0.000000000000000E+000
  2.200000000000000E-002  0.000000000000000E+000
  2.300000000000000E-002  0.000000000000000E+000
  2.400000000000000E-002  0.000000000000000E+000
  2.500000000000000E-002  0.000000000000000E+000
