 -2.500000000000000E-002  0.000000000000000E+000
 -2.400000000000000E-002  0.000000000000000E+000
 -2.300000000000000E-002  0.000000000000000E+000
 -2.200000000000000E-002  0.000000000000000E+000
 -2.100000000000000E-002  0.000000000000000E+000
 -2.000000000000000E-002  0.000000000000000E+000
 -1.900000000000000E-002  0.000000000000000E+000
 -1.800000000000000E-002  0.000000000000000E+000
 -1.700000000000000E-002  0.000000000000000E+000
 -1.600000000000000E-002  0.000000000000000E+000
 -1.500000000000000E-002  0.000000000000000E+000
 -1.400000000000000E-002  0.000000000000000E+000
 -1.300000000000000E-002  0.000000000000000E+000
 -1.200000000000000E-002  0.000000000000000E+000
 -1.100000000000000E-002  0.000000000000000E+000
 -1.000000000000000E-002  0.000000000000000E+000
 -9.000000000000001E-003  0.000000000000000E+000
 -8.000000000000000E-003  0.000000000000000E+000
 -6.999999999999999E-003  0.000000000000000E+000
 -6.000000000000002E-003  0.000000000000000E+000
 -5.000000000000001E-003  0.758003310224698     
 -4.000000000000000E-003   7.62447199350972     
 -3.000000000000003E-003   15.6297912544902     
 -2.000000000000002E-003   19.4540467453120     
 -1.000000000000001E-003   26.6424439996533     
  0.000000000000000E+000   23.1150057984033     
  1.000000000000001E-003   20.9490905250416     
  1.999999999999998E-003   9.41188722278182     
  2.999999999999999E-003   1.40755101140285     
  4.000000000000000E-003  0.871935373668605     
  4.999999999999998E-003  0.357588016559506     
  5.999999999999998E-003   2.03840977162741     
  6.999999999999999E-003  0.355318683394262     
  8.000000000000000E-003  0.729087619277611     
  9.000000000000001E-003  0.168645189432790     
  1.000000000000000E-002  0.861228095594549     
  1.100000000000000E-002  0.322675453092497     
  1.200000000000000E-002  0.732582645163118     
  1.300000000000000E-002   1.08934208194985     
  1.400000000000000E-002  0.396344498273622     
  1.500000000000000E-002  0.213960711146709     
  1.600000000000000E-002  0.596238202318258     
  1.700000000000000E-002  0.657160566245619     
  1.800000000000000E-002  0.367178360594597     
  1.900000000000000E-002  1.298287084152559E-002
  2.000000000000000E-002  0.000000000000000E+000
  2.100000000000000E-002  0.000000000000000E+000
  2.200000000000000E-002  0.000000000000000E+000
  2.300000000000000E-002  0.000000000000000E+000
  2.400000000000000E-002  0.000000000000000E+000
  2.500000000000000E-002  0.000000000000000E+000
