 -2.500000000000000E-002  0.000000000000000E+000
 -2.400000000000000E-002  0.000000000000000E+000
 -2.300000000000000E-002  0.000000000000000E+000
 -2.200000000000000E-002  0.000000000000000E+000
 -2.100000000000000E-002  0.000000000000000E+000
 -2.000000000000000E-002  0.000000000000000E+000
 -1.900000000000000E-002  0.000000000000000E+000
 -1.800000000000000E-002  0.000000000000000E+000
 -1.700000000000000E-002  0.000000000000000E+000
 -1.600000000000000E-002  0.000000000000000E+000
 -1.500000000000000E-002  0.000000000000000E+000
 -1.400000000000000E-002  0.000000000000000E+000
 -1.300000000000000E-002  0.000000000000000E+000
 -1.200000000000000E-002  0.492471685411309     
 -1.100000000000000E-002  0.687443427950844     
 -1.000000000000000E-002   2.04555524323516     
 -9.000000000000001E-003   1.68149463559660     
 -8.000000000000000E-003  7.292998904699353E-002
 -6.999999999999999E-003   1.39302861648745     
 -6.000000000000002E-003   3.12916028793565     
 -5.000000000000001E-003   5.44001902109239     
 -4.000000000000000E-003   5.68587497392676     
 -3.000000000000003E-003   19.3226903350301     
 -2.000000000000002E-003   30.3761048253574     
 -1.000000000000001E-003   27.1161944373043     
  0.000000000000000E+000   18.5100492474387     
  1.000000000000001E-003   16.8996330750623     
  1.999999999999998E-003   19.1092738913147     
  2.999999999999999E-003   8.21947557149479     
  4.000000000000000E-003   2.82431432449894     
  4.999999999999998E-003   2.80690094651834     
  5.999999999999998E-003   6.53430781299643     
  6.999999999999999E-003   4.71138854572302     
  8.000000000000000E-003   9.71965543566382     
  9.000000000000001E-003   1.72917367091398     
  1.000000000000000E-002  0.000000000000000E+000
  1.100000000000000E-002  0.000000000000000E+000
  1.200000000000000E-002  0.000000000000000E+000
  1.300000000000000E-002  0.000000000000000E+000
  1.400000000000000E-002  0.000000000000000E+000
  1.500000000000000E-002  0.000000000000000E+000
  1.600000000000000E-002  0.000000000000000E+000
  1.700000000000000E-002  0.000000000000000E+000
  1.800000000000000E-002  0.000000000000000E+000
  1.900000000000000E-002  0.000000000000000E+000
  2.000000000000000E-002  0.000000000000000E+000
  2.100000000000000E-002  0.000000000000000E+000
  2.200000000000000E-002  0.000000000000000E+000
  2.300000000000000E-002  0.000000000000000E+000
  2.400000000000000E-002  0.000000000000000E+000
  2.500000000000000E-002  0.000000000000000E+000
