 -2.500000000000000E-002  0.000000000000000E+000
 -2.400000000000000E-002  0.000000000000000E+000
 -2.300000000000000E-002  0.000000000000000E+000
 -2.200000000000000E-002  0.000000000000000E+000
 -2.100000000000000E-002  0.000000000000000E+000
 -2.000000000000000E-002  0.000000000000000E+000
 -1.900000000000000E-002  0.000000000000000E+000
 -1.800000000000000E-002  0.000000000000000E+000
 -1.700000000000000E-002  0.000000000000000E+000
 -1.600000000000000E-002  0.000000000000000E+000
 -1.500000000000000E-002  0.000000000000000E+000
 -1.400000000000000E-002  0.000000000000000E+000
 -1.300000000000000E-002  0.000000000000000E+000
 -1.200000000000000E-002  0.000000000000000E+000
 -1.100000000000000E-002  0.000000000000000E+000
 -1.000000000000000E-002  0.000000000000000E+000
 -9.000000000000001E-003  0.000000000000000E+000
 -8.000000000000000E-003  0.157983814712440     
 -6.999999999999999E-003   3.44799700245324     
 -6.000000000000002E-003   14.8304652249946     
 -5.000000000000001E-003   17.1032409696255     
 -4.000000000000000E-003   13.1780344668573     
 -3.000000000000003E-003   12.1275168537103     
 -2.000000000000002E-003   9.46357306931401     
 -1.000000000000001E-003   8.39410999788188     
  0.000000000000000E+000   5.57902688652910     
  1.000000000000001E-003   7.86778743484436     
  1.999999999999998E-003   4.14892418740117     
  2.999999999999999E-003   9.69500694358370     
  4.000000000000000E-003   7.74584264692945     
  4.999999999999998E-003   11.3244072594802     
  5.999999999999998E-003   9.23733468518365     
  6.999999999999999E-003   9.70766673496190     
  8.000000000000000E-003   2.77909909282690     
  9.000000000000001E-003   1.54413235860698     
  1.000000000000000E-002   2.06704491881280     
  1.100000000000000E-002  6.928545129056951E-002
  1.200000000000000E-002  0.000000000000000E+000
  1.300000000000000E-002  0.000000000000000E+000
  1.400000000000000E-002  0.000000000000000E+000
  1.500000000000000E-002  0.000000000000000E+000
  1.600000000000000E-002  0.000000000000000E+000
  1.700000000000000E-002  0.000000000000000E+000
  1.800000000000000E-002  0.000000000000000E+000
  1.900000000000000E-002  0.000000000000000E+000
  2.000000000000000E-002  0.000000000000000E+000
  2.100000000000000E-002  0.000000000000000E+000
  2.200000000000000E-002  0.000000000000000E+000
  2.300000000000000E-002  0.000000000000000E+000
  2.400000000000000E-002  0.000000000000000E+000
  2.500000000000000E-002  0.000000000000000E+000
