 -2.500000000000000E-002  0.000000000000000E+000
 -2.400000000000000E-002  0.000000000000000E+000
 -2.300000000000000E-002  0.000000000000000E+000
 -2.200000000000000E-002  0.000000000000000E+000
 -2.100000000000000E-002  0.000000000000000E+000
 -2.000000000000000E-002  0.000000000000000E+000
 -1.900000000000000E-002  0.000000000000000E+000
 -1.800000000000000E-002  0.000000000000000E+000
 -1.700000000000000E-002  0.000000000000000E+000
 -1.600000000000000E-002  0.000000000000000E+000
 -1.500000000000000E-002  0.000000000000000E+000
 -1.400000000000000E-002  0.000000000000000E+000
 -1.300000000000000E-002  0.000000000000000E+000
 -1.200000000000000E-002  0.000000000000000E+000
 -1.100000000000000E-002  0.390190835178048     
 -1.000000000000000E-002   3.79866435890936     
 -9.000000000000001E-003   6.15106414145778     
 -8.000000000000000E-003   2.83240135683259     
 -6.999999999999999E-003   6.37824742222757     
 -6.000000000000002E-003   5.02904645689640     
 -5.000000000000001E-003   3.87439531397672     
 -4.000000000000000E-003   6.86655470202073     
 -3.000000000000003E-003   10.8881806041056     
 -2.000000000000002E-003   12.2360490993092     
 -1.000000000000001E-003   10.0389266844361     
  0.000000000000000E+000   5.34771637053311     
  1.000000000000001E-003   4.83554916497796     
  1.999999999999998E-003   2.08770829423828     
  2.999999999999999E-003   2.53144055600413     
  4.000000000000000E-003   3.46595118548378     
  4.999999999999998E-003  0.287803453412543     
  5.999999999999998E-003   1.30535194294477     
  6.999999999999999E-003   1.76841826958669     
  8.000000000000000E-003  0.820686430256257     
  9.000000000000001E-003   1.73234044572625     
  1.000000000000000E-002   1.88160615214515     
  1.100000000000000E-002  0.933567346664348     
  1.200000000000000E-002  0.262837072820090     
  1.300000000000000E-002  0.531013497581422     
  1.400000000000000E-002   3.47001531895764     
  1.500000000000000E-002   1.26651690662181     
  1.600000000000000E-002  0.741970716513719     
  1.700000000000000E-002  0.624425900181874     
  1.800000000000000E-002   1.77293584822375     
  1.900000000000000E-002  0.662238919341981     
  2.000000000000000E-002   2.15294943630518     
  2.100000000000000E-002  0.640590853079596     
  2.200000000000000E-002  6.090494304948031E-002
  2.300000000000000E-002  0.000000000000000E+000
  2.400000000000000E-002  0.000000000000000E+000
  2.500000000000000E-002  0.000000000000000E+000
