 -2.500000000000000E-002  0.000000000000000E+000
 -2.400000000000000E-002  0.000000000000000E+000
 -2.300000000000000E-002  0.000000000000000E+000
 -2.200000000000000E-002  0.000000000000000E+000
 -2.100000000000000E-002  0.000000000000000E+000
 -2.000000000000000E-002  0.000000000000000E+000
 -1.900000000000000E-002  0.000000000000000E+000
 -1.800000000000000E-002  0.000000000000000E+000
 -1.700000000000000E-002  0.000000000000000E+000
 -1.600000000000000E-002  0.000000000000000E+000
 -1.500000000000000E-002  0.000000000000000E+000
 -1.400000000000000E-002  0.000000000000000E+000
 -1.300000000000000E-002  0.000000000000000E+000
 -1.200000000000000E-002  0.000000000000000E+000
 -1.100000000000000E-002  0.000000000000000E+000
 -1.000000000000000E-002  0.000000000000000E+000
 -9.000000000000001E-003  0.000000000000000E+000
 -8.000000000000000E-003  0.555269457454100     
 -6.999999999999999E-003   3.59992088166978     
 -6.000000000000002E-003   6.83878426771419     
 -5.000000000000001E-003   12.5445173631492     
 -4.000000000000000E-003   12.7022751403711     
 -3.000000000000003E-003   14.4054767463768     
 -2.000000000000002E-003   17.4474877294854     
 -1.000000000000001E-003   12.9382481836395     
  0.000000000000000E+000   11.3760238708191     
  1.000000000000001E-003   9.97766501194909     
  1.999999999999998E-003   6.18025804638582     
  2.999999999999999E-003   5.54908938221750     
  4.000000000000000E-003   4.52112320252815     
  4.999999999999998E-003   4.30508329455507     
  5.999999999999998E-003   3.94577499765361     
  6.999999999999999E-003   2.82767428120208     
  8.000000000000000E-003   1.78443799326432     
  9.000000000000001E-003   2.58046364383579     
  1.000000000000000E-002   3.02122293427209     
  1.100000000000000E-002   5.10199252078869     
  1.200000000000000E-002   2.11206299881032     
  1.300000000000000E-002  0.331868051858449     
  1.400000000000000E-002  0.000000000000000E+000
  1.500000000000000E-002  0.000000000000000E+000
  1.600000000000000E-002  0.000000000000000E+000
  1.700000000000000E-002  0.000000000000000E+000
  1.800000000000000E-002  0.000000000000000E+000
  1.900000000000000E-002  0.000000000000000E+000
  2.000000000000000E-002  0.000000000000000E+000
  2.100000000000000E-002  0.000000000000000E+000
  2.200000000000000E-002  0.000000000000000E+000
  2.300000000000000E-002  0.000000000000000E+000
  2.400000000000000E-002  0.000000000000000E+000
  2.500000000000000E-002  0.000000000000000E+000
