 -2.500000000000000E-002  0.000000000000000E+000
 -2.400000000000000E-002  0.000000000000000E+000
 -2.300000000000000E-002  0.000000000000000E+000
 -2.200000000000000E-002  0.000000000000000E+000
 -2.100000000000000E-002  0.000000000000000E+000
 -2.000000000000000E-002  0.000000000000000E+000
 -1.900000000000000E-002  0.000000000000000E+000
 -1.800000000000000E-002  0.000000000000000E+000
 -1.700000000000000E-002  0.000000000000000E+000
 -1.600000000000000E-002  0.000000000000000E+000
 -1.500000000000000E-002  0.000000000000000E+000
 -1.400000000000000E-002  0.000000000000000E+000
 -1.300000000000000E-002  0.000000000000000E+000
 -1.200000000000000E-002  0.000000000000000E+000
 -1.100000000000000E-002  0.000000000000000E+000
 -1.000000000000000E-002  0.000000000000000E+000
 -9.000000000000001E-003  0.000000000000000E+000
 -8.000000000000000E-003  0.829193770065634     
 -6.999999999999999E-003   5.94071101816023     
 -6.000000000000002E-003   13.3283154682540     
 -5.000000000000001E-003   11.0101339653806     
 -4.000000000000000E-003   11.9649844367586     
 -3.000000000000003E-003   17.0639575406361     
 -2.000000000000002E-003   10.0251919184449     
 -1.000000000000001E-003   6.21231220050095     
  0.000000000000000E+000   3.91386608525898     
  1.000000000000001E-003   3.04142169065222     
  1.999999999999998E-003   3.94853212215972     
  2.999999999999999E-003   3.60713462791087     
  4.000000000000000E-003   3.50400079454371     
  4.999999999999998E-003   2.48768034047337     
  5.999999999999998E-003   3.68072536586712     
  6.999999999999999E-003   1.80678442170742     
  8.000000000000000E-003   2.67830045170030     
  9.000000000000001E-003   3.82589960535165     
  1.000000000000000E-002   3.34425907820514     
  1.100000000000000E-002   6.83475425522503     
  1.200000000000000E-002   3.25257724857633     
  1.300000000000000E-002   1.53343208831545     
  1.400000000000000E-002  0.127621505851570     
  1.500000000000000E-002  0.000000000000000E+000
  1.600000000000000E-002  0.000000000000000E+000
  1.700000000000000E-002  0.000000000000000E+000
  1.800000000000000E-002  0.000000000000000E+000
  1.900000000000000E-002  0.000000000000000E+000
  2.000000000000000E-002  0.000000000000000E+000
  2.100000000000000E-002  0.000000000000000E+000
  2.200000000000000E-002  0.000000000000000E+000
  2.300000000000000E-002  0.000000000000000E+000
  2.400000000000000E-002  0.000000000000000E+000
  2.500000000000000E-002  0.000000000000000E+000
