 -2.500000000000000E-002  0.000000000000000E+000
 -2.400000000000000E-002  0.000000000000000E+000
 -2.300000000000000E-002  0.000000000000000E+000
 -2.200000000000000E-002  0.000000000000000E+000
 -2.100000000000000E-002  0.000000000000000E+000
 -2.000000000000000E-002  0.000000000000000E+000
 -1.900000000000000E-002  0.000000000000000E+000
 -1.800000000000000E-002  0.000000000000000E+000
 -1.700000000000000E-002  0.000000000000000E+000
 -1.600000000000000E-002  0.000000000000000E+000
 -1.500000000000000E-002  0.000000000000000E+000
 -1.400000000000000E-002  0.000000000000000E+000
 -1.300000000000000E-002  0.000000000000000E+000
 -1.200000000000000E-002  0.000000000000000E+000
 -1.100000000000000E-002  0.000000000000000E+000
 -1.000000000000000E-002  0.000000000000000E+000
 -9.000000000000001E-003   1.95485934632984     
 -8.000000000000000E-003   6.51714654136864     
 -6.999999999999999E-003   9.53423136332811     
 -6.000000000000002E-003   8.85290519384203     
 -5.000000000000001E-003   16.8142477546895     
 -4.000000000000000E-003   18.4967867998172     
 -3.000000000000003E-003   15.8549126248289     
 -2.000000000000002E-003   15.8543019337217     
 -1.000000000000001E-003   11.4831977028865     
  0.000000000000000E+000   12.2832878621864     
  1.000000000000001E-003   6.71280163370563     
  1.999999999999998E-003   2.68414807510091     
  2.999999999999999E-003   2.37387001709442     
  4.000000000000000E-003   2.26857691056425     
  4.999999999999998E-003   2.53370342494997     
  5.999999999999998E-003   3.73892862311702     
  6.999999999999999E-003   4.95912665596742     
  8.000000000000000E-003   5.77881912119130     
  9.000000000000001E-003   6.79323458416230     
  1.000000000000000E-002   6.94965088555130     
  1.100000000000000E-002   8.34751454400059     
  1.200000000000000E-002   4.44132199639968     
  1.300000000000000E-002   1.34264640519646     
  1.400000000000000E-002  0.000000000000000E+000
  1.500000000000000E-002  0.000000000000000E+000
  1.600000000000000E-002  0.000000000000000E+000
  1.700000000000000E-002  0.000000000000000E+000
  1.800000000000000E-002  0.000000000000000E+000
  1.900000000000000E-002  0.000000000000000E+000
  2.000000000000000E-002  0.000000000000000E+000
  2.100000000000000E-002  0.000000000000000E+000
  2.200000000000000E-002  0.000000000000000E+000
  2.300000000000000E-002  0.000000000000000E+000
  2.400000000000000E-002  0.000000000000000E+000
  2.500000000000000E-002  0.000000000000000E+000
