 -2.500000000000000E-002  0.000000000000000E+000
 -2.400000000000000E-002  0.000000000000000E+000
 -2.300000000000000E-002  0.000000000000000E+000
 -2.200000000000000E-002  0.000000000000000E+000
 -2.100000000000000E-002  0.000000000000000E+000
 -2.000000000000000E-002  0.000000000000000E+000
 -1.900000000000000E-002  0.000000000000000E+000
 -1.800000000000000E-002  0.000000000000000E+000
 -1.700000000000000E-002  0.000000000000000E+000
 -1.600000000000000E-002  0.000000000000000E+000
 -1.500000000000000E-002  0.000000000000000E+000
 -1.400000000000000E-002  0.000000000000000E+000
 -1.300000000000000E-002  0.000000000000000E+000
 -1.200000000000000E-002  0.000000000000000E+000
 -1.100000000000000E-002  0.000000000000000E+000
 -1.000000000000000E-002  0.000000000000000E+000
 -9.000000000000001E-003  5.377547480486725E-002
 -8.000000000000000E-003   2.65934471187834     
 -6.999999999999999E-003   11.9442341153247     
 -6.000000000000002E-003   13.3935347355923     
 -5.000000000000001E-003   12.5762074426048     
 -4.000000000000000E-003   10.1408952209182     
 -3.000000000000003E-003   7.83922982515634     
 -2.000000000000002E-003   13.3970901407792     
 -1.000000000000001E-003   11.5954333239246     
  0.000000000000000E+000   8.58987365847291     
  1.000000000000001E-003   10.6933443803158     
  1.999999999999998E-003   11.9574214191175     
  2.999999999999999E-003   9.01476892365917     
  4.000000000000000E-003   11.4068848709784     
  4.999999999999998E-003   9.50693747726364     
  5.999999999999998E-003   3.18501607394042     
  6.999999999999999E-003   3.88645160433990     
  8.000000000000000E-003   2.92780528323050     
  9.000000000000001E-003   4.16455390052960     
  1.000000000000000E-002   4.04059496246317     
  1.100000000000000E-002   2.80178285321435     
  1.200000000000000E-002   1.35894571053970     
  1.300000000000000E-002  3.590389095146362E-002
  1.400000000000000E-002  0.000000000000000E+000
  1.500000000000000E-002  0.000000000000000E+000
  1.600000000000000E-002  0.000000000000000E+000
  1.700000000000000E-002  0.000000000000000E+000
  1.800000000000000E-002  0.000000000000000E+000
  1.900000000000000E-002  0.000000000000000E+000
  2.000000000000000E-002  0.000000000000000E+000
  2.100000000000000E-002  0.000000000000000E+000
  2.200000000000000E-002  0.000000000000000E+000
  2.300000000000000E-002  0.000000000000000E+000
  2.400000000000000E-002  0.000000000000000E+000
  2.500000000000000E-002  0.000000000000000E+000
