 -2.500000000000000E-002  0.000000000000000E+000
 -2.400000000000000E-002  0.000000000000000E+000
 -2.300000000000000E-002  0.000000000000000E+000
 -2.200000000000000E-002  0.000000000000000E+000
 -2.100000000000000E-002  0.000000000000000E+000
 -2.000000000000000E-002  0.000000000000000E+000
 -1.900000000000000E-002  0.000000000000000E+000
 -1.800000000000000E-002  0.000000000000000E+000
 -1.700000000000000E-002  0.000000000000000E+000
 -1.600000000000000E-002  0.000000000000000E+000
 -1.500000000000000E-002  0.000000000000000E+000
 -1.400000000000000E-002  0.000000000000000E+000
 -1.300000000000000E-002  0.000000000000000E+000
 -1.200000000000000E-002  0.000000000000000E+000
 -1.100000000000000E-002  0.000000000000000E+000
 -1.000000000000000E-002  0.000000000000000E+000
 -9.000000000000001E-003  0.000000000000000E+000
 -8.000000000000000E-003  7.184848282254112E-002
 -6.999999999999999E-003   2.65397480982484     
 -6.000000000000002E-003   11.0704958040618     
 -5.000000000000001E-003   16.1345316802169     
 -4.000000000000000E-003   16.8302149211598     
 -3.000000000000003E-003   15.8680014754832     
 -2.000000000000002E-003   11.4521211114029     
 -1.000000000000001E-003   11.6530378703934     
  0.000000000000000E+000   12.1336077583852     
  1.000000000000001E-003   11.5380213330610     
  1.999999999999998E-003   9.58332796304849     
  2.999999999999999E-003   10.6120925110127     
  4.000000000000000E-003   7.29467406591591     
  4.999999999999998E-003   16.1610808879623     
  5.999999999999998E-003   12.5524209559539     
  6.999999999999999E-003   8.66957473324136     
  8.000000000000000E-003  0.551473636053673     
  9.000000000000001E-003  0.000000000000000E+000
  1.000000000000000E-002  0.000000000000000E+000
  1.100000000000000E-002  0.000000000000000E+000
  1.200000000000000E-002  0.000000000000000E+000
  1.300000000000000E-002  0.000000000000000E+000
  1.400000000000000E-002  0.000000000000000E+000
  1.500000000000000E-002  0.000000000000000E+000
  1.600000000000000E-002  0.000000000000000E+000
  1.700000000000000E-002  0.000000000000000E+000
  1.800000000000000E-002  0.000000000000000E+000
  1.900000000000000E-002  0.000000000000000E+000
  2.000000000000000E-002  0.000000000000000E+000
  2.100000000000000E-002  0.000000000000000E+000
  2.200000000000000E-002  0.000000000000000E+000
  2.300000000000000E-002  0.000000000000000E+000
  2.400000000000000E-002  0.000000000000000E+000
  2.500000000000000E-002  0.000000000000000E+000
