 -2.500000000000000E-002  0.000000000000000E+000
 -2.400000000000000E-002  0.000000000000000E+000
 -2.300000000000000E-002  0.000000000000000E+000
 -2.200000000000000E-002  0.000000000000000E+000
 -2.100000000000000E-002  0.000000000000000E+000
 -2.000000000000000E-002  0.000000000000000E+000
 -1.900000000000000E-002  0.000000000000000E+000
 -1.800000000000000E-002  0.000000000000000E+000
 -1.700000000000000E-002  0.000000000000000E+000
 -1.600000000000000E-002  0.000000000000000E+000
 -1.500000000000000E-002  0.000000000000000E+000
 -1.400000000000000E-002  0.202481294838727     
 -1.300000000000000E-002   2.45304748623414     
 -1.200000000000000E-002   3.14923034007392     
 -1.100000000000000E-002   2.01597333799178     
 -1.000000000000000E-002   3.21596244608441     
 -9.000000000000001E-003   4.89958602322158     
 -8.000000000000000E-003   1.80008609924923     
 -6.999999999999999E-003   2.11082437245670     
 -6.000000000000002E-003   1.85629324385210     
 -5.000000000000001E-003   2.24315857094125     
 -4.000000000000000E-003   5.62134770672443     
 -3.000000000000003E-003   5.95590163795945     
 -2.000000000000002E-003   3.60648923948166     
 -1.000000000000001E-003   9.21703082896129     
  0.000000000000000E+000   6.82606911468700     
  1.000000000000001E-003   3.37724680170460     
  1.999999999999998E-003   14.5003810280501     
  2.999999999999999E-003   14.3299061874976     
  4.000000000000000E-003   13.6848668616532     
  4.999999999999998E-003   2.01143656921634     
  5.999999999999998E-003   3.25283850178524     
  6.999999999999999E-003   4.15996333137612     
  8.000000000000000E-003   3.92361002551012     
  9.000000000000001E-003   3.51058365214093     
  1.000000000000000E-002   2.69158561803446     
  1.100000000000000E-002  0.202169680273709     
  1.200000000000000E-002  0.000000000000000E+000
  1.300000000000000E-002  0.000000000000000E+000
  1.400000000000000E-002  0.000000000000000E+000
  1.500000000000000E-002  0.000000000000000E+000
  1.600000000000000E-002  0.000000000000000E+000
  1.700000000000000E-002  0.000000000000000E+000
  1.800000000000000E-002  0.000000000000000E+000
  1.900000000000000E-002  0.000000000000000E+000
  2.000000000000000E-002  0.000000000000000E+000
  2.100000000000000E-002  0.000000000000000E+000
  2.200000000000000E-002  0.000000000000000E+000
  2.300000000000000E-002  0.000000000000000E+000
  2.400000000000000E-002  0.000000000000000E+000
  2.500000000000000E-002  0.000000000000000E+000
