 -2.500000000000000E-002  0.000000000000000E+000
 -2.400000000000000E-002  0.000000000000000E+000
 -2.300000000000000E-002  0.000000000000000E+000
 -2.200000000000000E-002  0.000000000000000E+000
 -2.100000000000000E-002  0.000000000000000E+000
 -2.000000000000000E-002  0.000000000000000E+000
 -1.900000000000000E-002  0.000000000000000E+000
 -1.800000000000000E-002  0.000000000000000E+000
 -1.700000000000000E-002  0.000000000000000E+000
 -1.600000000000000E-002  0.000000000000000E+000
 -1.500000000000000E-002  0.000000000000000E+000
 -1.400000000000000E-002  0.000000000000000E+000
 -1.300000000000000E-002  0.000000000000000E+000
 -1.200000000000000E-002  0.000000000000000E+000
 -1.100000000000000E-002  0.000000000000000E+000
 -1.000000000000000E-002  0.000000000000000E+000
 -9.000000000000001E-003  0.000000000000000E+000
 -8.000000000000000E-003  0.000000000000000E+000
 -6.999999999999999E-003  0.788780499404160     
 -6.000000000000002E-003   5.62530096779261     
 -5.000000000000001E-003   11.3284067706945     
 -4.000000000000000E-003   10.6700941474859     
 -3.000000000000003E-003   12.0626692769976     
 -2.000000000000002E-003   9.57457670329592     
 -1.000000000000001E-003   8.59526405494693     
  0.000000000000000E+000   10.2300853657707     
  1.000000000000001E-003   6.98414626792956     
  1.999999999999998E-003   3.46064929347106     
  2.999999999999999E-003   1.15070410211288     
  4.000000000000000E-003  0.936891318210035     
  4.999999999999998E-003   2.01188883587303     
  5.999999999999998E-003  0.678553488213454     
  6.999999999999999E-003  0.933913941013256     
  8.000000000000000E-003   1.90070447117453     
  9.000000000000001E-003   2.02074481774247     
  1.000000000000000E-002   2.67883172450999     
  1.100000000000000E-002   3.76973137934986     
  1.200000000000000E-002   2.73456864733360     
  1.300000000000000E-002   1.47552480090113     
  1.400000000000000E-002  0.415749125776891     
  1.500000000000000E-002  0.000000000000000E+000
  1.600000000000000E-002  0.000000000000000E+000
  1.700000000000000E-002  0.000000000000000E+000
  1.800000000000000E-002  0.000000000000000E+000
  1.900000000000000E-002  0.000000000000000E+000
  2.000000000000000E-002  0.000000000000000E+000
  2.100000000000000E-002  0.000000000000000E+000
  2.200000000000000E-002  0.000000000000000E+000
  2.300000000000000E-002  0.000000000000000E+000
  2.400000000000000E-002  0.000000000000000E+000
  2.500000000000000E-002  0.000000000000000E+000
