 -2.500000000000000E-002  0.000000000000000E+000
 -2.400000000000000E-002  0.000000000000000E+000
 -2.300000000000000E-002  0.000000000000000E+000
 -2.200000000000000E-002  0.000000000000000E+000
 -2.100000000000000E-002  0.000000000000000E+000
 -2.000000000000000E-002  8.414656564499103E-002
 -1.900000000000000E-002  0.691045978902410     
 -1.800000000000000E-002   1.31886903405862     
 -1.700000000000000E-002  0.299092401634426     
 -1.600000000000000E-002  0.643837835684969     
 -1.500000000000000E-002   1.42135564409037     
 -1.400000000000000E-002   1.23717967408247     
 -1.300000000000000E-002  0.276685006420727     
 -1.200000000000000E-002  0.435451522845291     
 -1.100000000000000E-002  0.757711122899555     
 -1.000000000000000E-002   1.77267112990917     
 -9.000000000000001E-003   1.35718959847546     
 -8.000000000000000E-003   2.33156239929724     
 -6.999999999999999E-003   4.25385621998869     
 -6.000000000000002E-003   3.47835114014292     
 -5.000000000000001E-003   4.49521560758915     
 -4.000000000000000E-003   4.54127236677315     
 -3.000000000000003E-003   22.2527448383202     
 -2.000000000000002E-003   62.9209612815545     
 -1.000000000000001E-003   83.0060802751426     
  0.000000000000000E+000   65.5047770739960     
  1.000000000000001E-003   53.0151367683882     
  1.999999999999998E-003   31.9928319319038     
  2.999999999999999E-003   27.7549407969825     
  4.000000000000000E-003   2.10523983394701     
  4.999999999999998E-003   2.08658187106649     
  5.999999999999998E-003   2.68409600401574     
  6.999999999999999E-003   1.56803558098866     
  8.000000000000000E-003   3.24777236226534     
  9.000000000000001E-003   3.68698296944037     
  1.000000000000000E-002   7.06688436147829     
  1.100000000000000E-002   6.29969920553858     
  1.200000000000000E-002   3.16096062112098     
  1.300000000000000E-002   1.91836117559428     
  1.400000000000000E-002  0.406709799816900     
  1.500000000000000E-002  0.000000000000000E+000
  1.600000000000000E-002  0.000000000000000E+000
  1.700000000000000E-002  0.000000000000000E+000
  1.800000000000000E-002  0.000000000000000E+000
  1.900000000000000E-002  0.000000000000000E+000
  2.000000000000000E-002  0.000000000000000E+000
  2.100000000000000E-002  0.000000000000000E+000
  2.200000000000000E-002  0.000000000000000E+000
  2.300000000000000E-002  0.000000000000000E+000
  2.400000000000000E-002  0.000000000000000E+000
  2.500000000000000E-002  0.000000000000000E+000
