 -2.500000000000000E-002  0.000000000000000E+000
 -2.400000000000000E-002  0.000000000000000E+000
 -2.300000000000000E-002  0.000000000000000E+000
 -2.200000000000000E-002  0.000000000000000E+000
 -2.100000000000000E-002  0.000000000000000E+000
 -2.000000000000000E-002  0.000000000000000E+000
 -1.900000000000000E-002  0.000000000000000E+000
 -1.800000000000000E-002   1.07234695312844     
 -1.700000000000000E-002  0.694143046871560     
 -1.600000000000000E-002  0.151955480185988     
 -1.500000000000000E-002   1.80392092178038     
 -1.400000000000000E-002   1.18575463254259     
 -1.300000000000000E-002  0.573460888861443     
 -1.200000000000000E-002  0.181377055215440     
 -1.100000000000000E-002  0.367711264263565     
 -1.000000000000000E-002  0.668978136005445     
 -9.000000000000001E-003  0.969669146770891     
 -8.000000000000000E-003   1.21985044940872     
 -6.999999999999999E-003   7.92555315304731     
 -6.000000000000002E-003   11.2300377294457     
 -5.000000000000001E-003   9.16530828187052     
 -4.000000000000000E-003   6.16133064265080     
 -3.000000000000003E-003   7.65921498127935     
 -2.000000000000002E-003   6.95309726631560     
 -1.000000000000001E-003   10.4124579155784     
  0.000000000000000E+000   7.36212205540559     
  1.000000000000001E-003   11.7708047021362     
  1.999999999999998E-003   9.79678904597528     
  2.999999999999999E-003   14.2131516670352     
  4.000000000000000E-003   12.0736908649456     
  4.999999999999998E-003   9.37630605536925     
  5.999999999999998E-003   1.94656395405063     
  6.999999999999999E-003   3.01823761656851     
  8.000000000000000E-003   3.88457717242372     
  9.000000000000001E-003  0.963448825366734     
  1.000000000000000E-002   3.43961082383976     
  1.100000000000000E-002   6.03240531817073     
  1.200000000000000E-002   1.03849395349069     
  1.300000000000000E-002  0.000000000000000E+000
  1.400000000000000E-002  0.000000000000000E+000
  1.500000000000000E-002  0.000000000000000E+000
  1.600000000000000E-002  0.000000000000000E+000
  1.700000000000000E-002  0.000000000000000E+000
  1.800000000000000E-002  0.000000000000000E+000
  1.900000000000000E-002  0.000000000000000E+000
  2.000000000000000E-002  0.000000000000000E+000
  2.100000000000000E-002  0.000000000000000E+000
  2.200000000000000E-002  0.000000000000000E+000
  2.300000000000000E-002  0.000000000000000E+000
  2.400000000000000E-002  0.000000000000000E+000
  2.500000000000000E-002  0.000000000000000E+000
