 -2.500000000000000E-002  0.000000000000000E+000
 -2.400000000000000E-002  0.000000000000000E+000
 -2.300000000000000E-002  0.000000000000000E+000
 -2.200000000000000E-002  0.000000000000000E+000
 -2.100000000000000E-002  0.000000000000000E+000
 -2.000000000000000E-002  0.000000000000000E+000
 -1.900000000000000E-002  0.000000000000000E+000
 -1.800000000000000E-002  0.000000000000000E+000
 -1.700000000000000E-002  0.000000000000000E+000
 -1.600000000000000E-002  0.000000000000000E+000
 -1.500000000000000E-002  0.000000000000000E+000
 -1.400000000000000E-002  0.000000000000000E+000
 -1.300000000000000E-002  0.000000000000000E+000
 -1.200000000000000E-002  0.000000000000000E+000
 -1.100000000000000E-002  0.526770031107027     
 -1.000000000000000E-002   4.92348132808202     
 -9.000000000000001E-003   4.56528000931639     
 -8.000000000000000E-003   2.76162444101864     
 -6.999999999999999E-003   2.10752621949753     
 -6.000000000000002E-003   1.88452630502138     
 -5.000000000000001E-003   2.31902734066953     
 -4.000000000000000E-003   3.31904589667723     
 -3.000000000000003E-003   6.12393586852499     
 -2.000000000000002E-003   3.16514325593779     
 -1.000000000000001E-003   7.59492019190939     
  0.000000000000000E+000   8.08206117123679     
  1.000000000000001E-003   4.58804612186406     
  1.999999999999998E-003   11.6365571402197     
  2.999999999999999E-003   22.9540982871764     
  4.000000000000000E-003   19.7803168092124     
  4.999999999999998E-003   5.07565958252872     
  5.999999999999998E-003  0.000000000000000E+000
  6.999999999999999E-003  0.000000000000000E+000
  8.000000000000000E-003  0.000000000000000E+000
  9.000000000000001E-003  0.000000000000000E+000
  1.000000000000000E-002  0.000000000000000E+000
  1.100000000000000E-002  0.000000000000000E+000
  1.200000000000000E-002  0.000000000000000E+000
  1.300000000000000E-002  0.000000000000000E+000
  1.400000000000000E-002  0.000000000000000E+000
  1.500000000000000E-002  0.000000000000000E+000
  1.600000000000000E-002  0.000000000000000E+000
  1.700000000000000E-002  0.000000000000000E+000
  1.800000000000000E-002  0.000000000000000E+000
  1.900000000000000E-002  0.000000000000000E+000
  2.000000000000000E-002  0.000000000000000E+000
  2.100000000000000E-002  0.000000000000000E+000
  2.200000000000000E-002  0.000000000000000E+000
  2.300000000000000E-002  0.000000000000000E+000
  2.400000000000000E-002  0.000000000000000E+000
  2.500000000000000E-002  0.000000000000000E+000
