 -2.500000000000000E-002  0.000000000000000E+000
 -2.400000000000000E-002  0.000000000000000E+000
 -2.300000000000000E-002  0.000000000000000E+000
 -2.200000000000000E-002  0.000000000000000E+000
 -2.100000000000000E-002  0.651290742088864     
 -2.000000000000000E-002   1.08230112009617     
 -1.900000000000000E-002  0.315461986981275     
 -1.800000000000000E-002  0.801930765532241     
 -1.700000000000000E-002   1.42992513743797     
 -1.600000000000000E-002   1.16816024032617     
 -1.500000000000000E-002  0.795408937772532     
 -1.400000000000000E-002  0.607252095392399     
 -1.300000000000000E-002   1.34504691324934     
 -1.200000000000000E-002   1.62349019651964     
 -1.100000000000000E-002   1.05480154117249     
 -1.000000000000000E-002   3.11138732774088     
 -9.000000000000001E-003   5.53896498178685     
 -8.000000000000000E-003   6.10637926680492     
 -6.999999999999999E-003   6.24722003425365     
 -6.000000000000002E-003   7.27277692829656     
 -5.000000000000001E-003   10.0814436176155     
 -4.000000000000000E-003   10.4864123689153     
 -3.000000000000003E-003   17.2038770437729     
 -2.000000000000002E-003   15.4545292212697     
 -1.000000000000001E-003   10.6361502839589     
  0.000000000000000E+000   3.38683040110361     
  1.000000000000001E-003   3.87900798929194     
  1.999999999999998E-003   5.20838854738645     
  2.999999999999999E-003   4.84952095424863     
  4.000000000000000E-003   6.57079572240232     
  4.999999999999998E-003   9.38959822153457     
  5.999999999999998E-003   9.70479122987636     
  6.999999999999999E-003   11.7986443230047     
  8.000000000000000E-003   15.8147490700658     
  9.000000000000001E-003   11.0568952345198     
  1.000000000000000E-002   6.46564181677685     
  1.100000000000000E-002   2.01452805853915     
  1.200000000000000E-002   1.22881240863550     
  1.300000000000000E-002  0.191555271630069     
  1.400000000000000E-002  0.000000000000000E+000
  1.500000000000000E-002  0.000000000000000E+000
  1.600000000000000E-002  0.000000000000000E+000
  1.700000000000000E-002  0.000000000000000E+000
  1.800000000000000E-002  0.000000000000000E+000
  1.900000000000000E-002  0.000000000000000E+000
  2.000000000000000E-002  0.000000000000000E+000
  2.100000000000000E-002  0.000000000000000E+000
  2.200000000000000E-002  0.000000000000000E+000
  2.300000000000000E-002  0.000000000000000E+000
  2.400000000000000E-002  0.000000000000000E+000
  2.500000000000000E-002  0.000000000000000E+000
