 -2.500000000000000E-002  0.000000000000000E+000
 -2.400000000000000E-002  0.000000000000000E+000
 -2.300000000000000E-002  0.000000000000000E+000
 -2.200000000000000E-002  0.000000000000000E+000
 -2.100000000000000E-002  0.000000000000000E+000
 -2.000000000000000E-002  0.000000000000000E+000
 -1.900000000000000E-002  0.000000000000000E+000
 -1.800000000000000E-002  0.000000000000000E+000
 -1.700000000000000E-002  0.000000000000000E+000
 -1.600000000000000E-002  0.000000000000000E+000
 -1.500000000000000E-002  0.000000000000000E+000
 -1.400000000000000E-002  0.000000000000000E+000
 -1.300000000000000E-002  0.000000000000000E+000
 -1.200000000000000E-002  0.000000000000000E+000
 -1.100000000000000E-002  0.000000000000000E+000
 -1.000000000000000E-002  0.000000000000000E+000
 -9.000000000000001E-003  0.000000000000000E+000
 -8.000000000000000E-003  0.000000000000000E+000
 -6.999999999999999E-003  0.000000000000000E+000
 -6.000000000000002E-003  0.000000000000000E+000
 -5.000000000000001E-003  0.786741897335240     
 -4.000000000000000E-003   6.87389166752004     
 -3.000000000000003E-003   27.3328998989211     
 -2.000000000000002E-003   32.7002022743283     
 -1.000000000000001E-003   27.7691877899928     
  0.000000000000000E+000   21.4992852976261     
  1.000000000000001E-003   17.8889329952793     
  1.999999999999998E-003   16.0391863214555     
  2.999999999999999E-003   5.29397840745350     
  4.000000000000000E-003  0.967301478628519     
  4.999999999999998E-003  0.560702623554332     
  5.999999999999998E-003   1.31495182001999     
  6.999999999999999E-003   1.24927528789278     
  8.000000000000000E-003  0.341507816677661     
  9.000000000000001E-003  0.747701073912449     
  1.000000000000000E-002   1.43096918919656     
  1.100000000000000E-002   2.53625989836828     
  1.200000000000000E-002   1.84113941976268     
  1.300000000000000E-002  0.907054151191462     
  1.400000000000000E-002   1.85446905547026     
  1.500000000000000E-002  0.138791635413131     
  1.600000000000000E-002  0.000000000000000E+000
  1.700000000000000E-002  0.000000000000000E+000
  1.800000000000000E-002  0.000000000000000E+000
  1.900000000000000E-002  0.000000000000000E+000
  2.000000000000000E-002  0.000000000000000E+000
  2.100000000000000E-002  0.000000000000000E+000
  2.200000000000000E-002  0.000000000000000E+000
  2.300000000000000E-002  0.000000000000000E+000
  2.400000000000000E-002  0.000000000000000E+000
  2.500000000000000E-002  0.000000000000000E+000
