 -2.500000000000000E-002  0.000000000000000E+000
 -2.400000000000000E-002  0.000000000000000E+000
 -2.300000000000000E-002  0.000000000000000E+000
 -2.200000000000000E-002  0.000000000000000E+000
 -2.100000000000000E-002  0.000000000000000E+000
 -2.000000000000000E-002  0.000000000000000E+000
 -1.900000000000000E-002  0.000000000000000E+000
 -1.800000000000000E-002  0.000000000000000E+000
 -1.700000000000000E-002  0.000000000000000E+000
 -1.600000000000000E-002  0.000000000000000E+000
 -1.500000000000000E-002  0.000000000000000E+000
 -1.400000000000000E-002  0.000000000000000E+000
 -1.300000000000000E-002  0.000000000000000E+000
 -1.200000000000000E-002  0.000000000000000E+000
 -1.100000000000000E-002  0.000000000000000E+000
 -1.000000000000000E-002  0.000000000000000E+000
 -9.000000000000001E-003  0.000000000000000E+000
 -8.000000000000000E-003  0.259553271856584     
 -6.999999999999999E-003   5.32785942140157     
 -6.000000000000002E-003   10.6601446715448     
 -5.000000000000001E-003   14.7567082482036     
 -4.000000000000000E-003   19.7309063544858     
 -3.000000000000003E-003   48.5333131629376     
 -2.000000000000002E-003   90.2922312782893     
 -1.000000000000001E-003   104.873351605071     
  0.000000000000000E+000   84.6638479362074     
  1.000000000000001E-003   63.2349630956075     
  1.999999999999998E-003   59.9797081901506     
  2.999999999999999E-003   34.7262142894430     
  4.000000000000000E-003   4.68078190457044     
  4.999999999999998E-003   3.53851026477144     
  5.999999999999998E-003   4.13616379970284     
  6.999999999999999E-003   4.40968448755055     
  8.000000000000000E-003   4.86609110922330     
  9.000000000000001E-003   6.20618000201907     
  1.000000000000000E-002   7.79907074040110     
  1.100000000000000E-002   9.47435347076270     
  1.200000000000000E-002   1.67091269580016     
  1.300000000000000E-002  0.000000000000000E+000
  1.400000000000000E-002  0.000000000000000E+000
  1.500000000000000E-002  0.000000000000000E+000
  1.600000000000000E-002  0.000000000000000E+000
  1.700000000000000E-002  0.000000000000000E+000
  1.800000000000000E-002  0.000000000000000E+000
  1.900000000000000E-002  0.000000000000000E+000
  2.000000000000000E-002  0.000000000000000E+000
  2.100000000000000E-002  0.000000000000000E+000
  2.200000000000000E-002  0.000000000000000E+000
  2.300000000000000E-002  0.000000000000000E+000
  2.400000000000000E-002  0.000000000000000E+000
  2.500000000000000E-002  0.000000000000000E+000
