 -2.500000000000000E-002  0.000000000000000E+000
 -2.400000000000000E-002  0.000000000000000E+000
 -2.300000000000000E-002  0.000000000000000E+000
 -2.200000000000000E-002  0.000000000000000E+000
 -2.100000000000000E-002  0.000000000000000E+000
 -2.000000000000000E-002  0.000000000000000E+000
 -1.900000000000000E-002  0.000000000000000E+000
 -1.800000000000000E-002  0.000000000000000E+000
 -1.700000000000000E-002  0.000000000000000E+000
 -1.600000000000000E-002  0.000000000000000E+000
 -1.500000000000000E-002  0.000000000000000E+000
 -1.400000000000000E-002  0.000000000000000E+000
 -1.300000000000000E-002  0.000000000000000E+000
 -1.200000000000000E-002  0.000000000000000E+000
 -1.100000000000000E-002  0.000000000000000E+000
 -1.000000000000000E-002  0.000000000000000E+000
 -9.000000000000001E-003  0.000000000000000E+000
 -8.000000000000000E-003  0.000000000000000E+000
 -6.999999999999999E-003  0.000000000000000E+000
 -6.000000000000002E-003  0.000000000000000E+000
 -5.000000000000001E-003  0.000000000000000E+000
 -4.000000000000000E-003   2.85636019859470     
 -3.000000000000003E-003   32.2183726375065     
 -2.000000000000002E-003   59.1822381935257     
 -1.000000000000001E-003   58.2775897699958     
  0.000000000000000E+000   45.0503249592070     
  1.000000000000001E-003   30.9595476202339     
  1.999999999999998E-003   32.3563855390613     
  2.999999999999999E-003   14.1489137217799     
  4.000000000000000E-003   1.68818966772110     
  4.999999999999998E-003  0.442294489383607     
  5.999999999999998E-003   1.37091450927621     
  6.999999999999999E-003   1.16942844856357     
  8.000000000000000E-003  0.292082123535190     
  9.000000000000001E-003  0.691750878940267     
  1.000000000000000E-002   1.16834568110049     
  1.100000000000000E-002   2.83750612264824     
  1.200000000000000E-002   1.89581591753032     
  1.300000000000000E-002  0.713450942505962     
  1.400000000000000E-002   1.90028016004946     
  1.500000000000000E-002  0.239968418840801     
  1.600000000000000E-002  0.000000000000000E+000
  1.700000000000000E-002  0.000000000000000E+000
  1.800000000000000E-002  0.000000000000000E+000
  1.900000000000000E-002  0.000000000000000E+000
  2.000000000000000E-002  0.000000000000000E+000
  2.100000000000000E-002  0.000000000000000E+000
  2.200000000000000E-002  0.000000000000000E+000
  2.300000000000000E-002  0.000000000000000E+000
  2.400000000000000E-002  0.000000000000000E+000
  2.500000000000000E-002  0.000000000000000E+000
