 -2.500000000000000E-002  0.000000000000000E+000
 -2.400000000000000E-002  0.000000000000000E+000
 -2.300000000000000E-002  0.000000000000000E+000
 -2.200000000000000E-002  0.000000000000000E+000
 -2.100000000000000E-002  0.000000000000000E+000
 -2.000000000000000E-002  0.000000000000000E+000
 -1.900000000000000E-002  0.000000000000000E+000
 -1.800000000000000E-002  0.000000000000000E+000
 -1.700000000000000E-002  0.000000000000000E+000
 -1.600000000000000E-002  0.000000000000000E+000
 -1.500000000000000E-002  0.000000000000000E+000
 -1.400000000000000E-002  0.000000000000000E+000
 -1.300000000000000E-002  0.000000000000000E+000
 -1.200000000000000E-002  0.000000000000000E+000
 -1.100000000000000E-002  0.000000000000000E+000
 -1.000000000000000E-002  0.000000000000000E+000
 -9.000000000000001E-003  0.604640163524108     
 -8.000000000000000E-003   1.65155606710937     
 -6.999999999999999E-003   1.51942245835360     
 -6.000000000000002E-003   3.88814684722728     
 -5.000000000000001E-003   4.42556828685065     
 -4.000000000000000E-003   6.89873333093959     
 -3.000000000000003E-003   21.0613840383060     
 -2.000000000000002E-003   44.4475749449161     
 -1.000000000000001E-003   54.8078191245824     
  0.000000000000000E+000   42.4208961516997     
  1.000000000000001E-003   33.9427025330309     
  1.999999999999998E-003   26.1989614267020     
  2.999999999999999E-003   17.5288897319604     
  4.000000000000000E-003   3.96086703253939     
  4.999999999999998E-003   3.73234935101580     
  5.999999999999998E-003   2.52342419818004     
  6.999999999999999E-003   2.92789298459513     
  8.000000000000000E-003   2.05761125466161     
  9.000000000000001E-003   3.41474204711385     
  1.000000000000000E-002   1.49327176383243     
  1.100000000000000E-002   2.17527708393942     
  1.200000000000000E-002  0.672929178920343     
  1.300000000000000E-002  0.000000000000000E+000
  1.400000000000000E-002  0.000000000000000E+000
  1.500000000000000E-002  0.000000000000000E+000
  1.600000000000000E-002  0.000000000000000E+000
  1.700000000000000E-002  0.000000000000000E+000
  1.800000000000000E-002  0.000000000000000E+000
  1.900000000000000E-002  0.000000000000000E+000
  2.000000000000000E-002  0.000000000000000E+000
  2.100000000000000E-002  0.000000000000000E+000
  2.200000000000000E-002  0.000000000000000E+000
  2.300000000000000E-002  0.000000000000000E+000
  2.400000000000000E-002  0.000000000000000E+000
  2.500000000000000E-002  0.000000000000000E+000
