 -2.500000000000000E-002  0.000000000000000E+000
 -2.400000000000000E-002  0.000000000000000E+000
 -2.300000000000000E-002  0.000000000000000E+000
 -2.200000000000000E-002  0.000000000000000E+000
 -2.100000000000000E-002  0.000000000000000E+000
 -2.000000000000000E-002  0.000000000000000E+000
 -1.900000000000000E-002  0.000000000000000E+000
 -1.800000000000000E-002  0.000000000000000E+000
 -1.700000000000000E-002  0.000000000000000E+000
 -1.600000000000000E-002  0.000000000000000E+000
 -1.500000000000000E-002  0.355890804144152     
 -1.400000000000000E-002  0.936598427046148     
 -1.300000000000000E-002   1.19653485993939     
 -1.200000000000000E-002  0.327079257230421     
 -1.100000000000000E-002  0.510706951276013     
 -1.000000000000000E-002   1.14620941221626     
 -9.000000000000001E-003  0.931274464498463     
 -8.000000000000000E-003  0.763579784893251     
 -6.999999999999999E-003   1.09512234174890     
 -6.000000000000002E-003  0.577202485635672     
 -5.000000000000001E-003   2.25379600171189     
 -4.000000000000000E-003   3.55626411990105     
 -3.000000000000003E-003   16.1964245632750     
 -2.000000000000002E-003   25.4419055966299     
 -1.000000000000001E-003   25.0838473344845     
  0.000000000000000E+000   18.2187659718960     
  1.000000000000001E-003   18.8429435593363     
  1.999999999999998E-003   17.3965301533900     
  2.999999999999999E-003   7.84158576660251     
  4.000000000000000E-003   1.72345818478451     
  4.999999999999998E-003   1.09373209994419     
  5.999999999999998E-003  0.406724580321366     
  6.999999999999999E-003   1.14345041173672     
  8.000000000000000E-003  0.652881801623448     
  9.000000000000001E-003  0.490843932727179     
  1.000000000000000E-002   1.10252337755983     
  1.100000000000000E-002   1.93191972633354     
  1.200000000000000E-002   1.53428339329481     
  1.300000000000000E-002  0.520770354369477     
  1.400000000000000E-002   1.83195416448093     
  1.500000000000000E-002   1.36961366633680     
  1.600000000000000E-002  0.665035792354406     
  1.700000000000000E-002  8.971665827698683E-002
  1.800000000000000E-002  0.000000000000000E+000
  1.900000000000000E-002  0.000000000000000E+000
  2.000000000000000E-002  0.000000000000000E+000
  2.100000000000000E-002  0.000000000000000E+000
  2.200000000000000E-002  0.000000000000000E+000
  2.300000000000000E-002  0.000000000000000E+000
  2.400000000000000E-002  0.000000000000000E+000
  2.500000000000000E-002  0.000000000000000E+000
