 -2.500000000000000E-002  0.000000000000000E+000
 -2.400000000000000E-002  0.000000000000000E+000
 -2.300000000000000E-002  0.000000000000000E+000
 -2.200000000000000E-002  0.000000000000000E+000
 -2.100000000000000E-002  0.000000000000000E+000
 -2.000000000000000E-002  0.000000000000000E+000
 -1.900000000000000E-002  0.000000000000000E+000
 -1.800000000000000E-002  0.000000000000000E+000
 -1.700000000000000E-002  2.499853173325946E-003
 -1.600000000000000E-002  0.581083509899206     
 -1.500000000000000E-002   1.10108361732337     
 -1.400000000000000E-002   1.17154009877362     
 -1.300000000000000E-002  0.660795039892825     
 -1.200000000000000E-002  0.506309229575637     
 -1.100000000000000E-002  0.872379578777004     
 -1.000000000000000E-002   1.24592706423463     
 -9.000000000000001E-003  0.887254139580329     
 -8.000000000000000E-003   1.55909440002343     
 -6.999999999999999E-003   1.11273335778717     
 -6.000000000000002E-003   4.06029023668038     
 -5.000000000000001E-003   11.6639390928436     
 -4.000000000000000E-003   17.8423636981326     
 -3.000000000000003E-003   15.3460985564325     
 -2.000000000000002E-003   13.4580918383683     
 -1.000000000000001E-003   16.5585876517238     
  0.000000000000000E+000   8.67475459971254     
  1.000000000000001E-003   8.93156343562976     
  1.999999999999998E-003   3.84222061322335     
  2.999999999999999E-003   3.49579082847833     
  4.000000000000000E-003   5.03803328773751     
  4.999999999999998E-003   4.70919883162213     
  5.999999999999998E-003   5.25968395973387     
  6.999999999999999E-003   2.63345981334798     
  8.000000000000000E-003   3.03615615556876     
  9.000000000000001E-003   3.11777554006487     
  1.000000000000000E-002   4.33763902532761     
  1.100000000000000E-002   3.09869314645824     
  1.200000000000000E-002   2.81578286988772     
  1.300000000000000E-002   2.12138569317227     
  1.400000000000000E-002   2.07387274830337     
  1.500000000000000E-002  0.566978488509898     
  1.600000000000000E-002  0.000000000000000E+000
  1.700000000000000E-002  0.000000000000000E+000
  1.800000000000000E-002  0.000000000000000E+000
  1.900000000000000E-002  0.000000000000000E+000
  2.000000000000000E-002  0.000000000000000E+000
  2.100000000000000E-002  0.000000000000000E+000
  2.200000000000000E-002  0.000000000000000E+000
  2.300000000000000E-002  0.000000000000000E+000
  2.400000000000000E-002  0.000000000000000E+000
  2.500000000000000E-002  0.000000000000000E+000
