 -2.500000000000000E-002  0.000000000000000E+000
 -2.400000000000000E-002  0.000000000000000E+000
 -2.300000000000000E-002  0.000000000000000E+000
 -2.200000000000000E-002  0.000000000000000E+000
 -2.100000000000000E-002  0.000000000000000E+000
 -2.000000000000000E-002  0.000000000000000E+000
 -1.900000000000000E-002  0.000000000000000E+000
 -1.800000000000000E-002  4.438915544682143E-002
 -1.700000000000000E-002   1.30924859273037     
 -1.600000000000000E-002  0.412862251822809     
 -1.500000000000000E-002  0.325005441312963     
 -1.400000000000000E-002   1.80690220935732     
 -1.300000000000000E-002   1.10457238376322     
 -1.200000000000000E-002  0.532312202020221     
 -1.100000000000000E-002  0.222778449983877     
 -1.000000000000000E-002  0.347413614597927     
 -9.000000000000001E-003  0.707931126494439     
 -8.000000000000000E-003  0.957020315161265     
 -6.999999999999999E-003   2.66075219595943     
 -6.000000000000002E-003   5.80298044017644     
 -5.000000000000001E-003   9.75970208211346     
 -4.000000000000000E-003   7.87443997990757     
 -3.000000000000003E-003   6.76172746443003     
 -2.000000000000002E-003   8.40943332221689     
 -1.000000000000001E-003   9.72706828597903     
  0.000000000000000E+000   13.0478728215440     
  1.000000000000001E-003   9.08087140819501     
  1.999999999999998E-003   7.46373235394775     
  2.999999999999999E-003   6.98865237994856     
  4.000000000000000E-003   3.87018288604622     
  4.999999999999998E-003   3.97416382465758     
  5.999999999999998E-003   1.82179145127476     
  6.999999999999999E-003   1.60693636317610     
  8.000000000000000E-003   6.02445209452157     
  9.000000000000001E-003   3.57286561239576     
  1.000000000000000E-002   2.82532118114112     
  1.100000000000000E-002   4.53103206196952     
  1.200000000000000E-002   1.46736797958733     
  1.300000000000000E-002  0.118358068120656     
  1.400000000000000E-002  0.000000000000000E+000
  1.500000000000000E-002  0.000000000000000E+000
  1.600000000000000E-002  0.000000000000000E+000
  1.700000000000000E-002  0.000000000000000E+000
  1.800000000000000E-002  0.000000000000000E+000
  1.900000000000000E-002  0.000000000000000E+000
  2.000000000000000E-002  0.000000000000000E+000
  2.100000000000000E-002  0.000000000000000E+000
  2.200000000000000E-002  0.000000000000000E+000
  2.300000000000000E-002  0.000000000000000E+000
  2.400000000000000E-002  0.000000000000000E+000
  2.500000000000000E-002  0.000000000000000E+000
