 -2.500000000000000E-002  0.000000000000000E+000
 -2.400000000000000E-002  0.000000000000000E+000
 -2.300000000000000E-002  0.000000000000000E+000
 -2.200000000000000E-002  0.000000000000000E+000
 -2.100000000000000E-002  0.000000000000000E+000
 -2.000000000000000E-002  0.000000000000000E+000
 -1.900000000000000E-002  0.000000000000000E+000
 -1.800000000000000E-002  0.000000000000000E+000
 -1.700000000000000E-002  0.000000000000000E+000
 -1.600000000000000E-002  0.598418118076664     
 -1.500000000000000E-002   1.08146113336450     
 -1.400000000000000E-002   1.30351074855883     
 -1.300000000000000E-002  0.607371332168258     
 -1.200000000000000E-002  0.583950314756469     
 -1.100000000000000E-002  0.643975979289072     
 -1.000000000000000E-002   1.31754417381472     
 -9.000000000000001E-003   1.16042447015635     
 -8.000000000000000E-003  0.876047530339676     
 -6.999999999999999E-003  0.427920629839253     
 -6.000000000000002E-003   1.83275083199407     
 -5.000000000000001E-003   3.57574433405955     
 -4.000000000000000E-003   6.43077836149148     
 -3.000000000000003E-003   6.89719010464623     
 -2.000000000000002E-003   5.27259678880090     
 -1.000000000000001E-003   7.46346421293688     
  0.000000000000000E+000   5.09413560208316     
  1.000000000000001E-003   1.58169087900919     
  1.999999999999998E-003   2.27114057314078     
  2.999999999999999E-003   1.18085216621132     
  4.000000000000000E-003   1.28189740061276     
  4.999999999999998E-003   1.76195839951993     
  5.999999999999998E-003   1.46000436796843     
  6.999999999999999E-003  0.278650501462483     
  8.000000000000000E-003   1.02400116247333     
  9.000000000000001E-003  0.810133957481565     
  1.000000000000000E-002   2.05629841138024     
  1.100000000000000E-002  0.822218460070430     
  1.200000000000000E-002   1.43581743247939     
  1.300000000000000E-002   3.11201319366254     
  1.400000000000000E-002   1.80608029237905     
  1.500000000000000E-002   1.80321604660364     
  1.600000000000000E-002  4.833208916886662E-002
  1.700000000000000E-002  0.000000000000000E+000
  1.800000000000000E-002  0.000000000000000E+000
  1.900000000000000E-002  0.000000000000000E+000
  2.000000000000000E-002  0.000000000000000E+000
  2.100000000000000E-002  0.000000000000000E+000
  2.200000000000000E-002  0.000000000000000E+000
  2.300000000000000E-002  0.000000000000000E+000
  2.400000000000000E-002  0.000000000000000E+000
  2.500000000000000E-002  0.000000000000000E+000
