 -2.500000000000000E-002  0.000000000000000E+000
 -2.400000000000000E-002  0.000000000000000E+000
 -2.300000000000000E-002  0.000000000000000E+000
 -2.200000000000000E-002  0.000000000000000E+000
 -2.100000000000000E-002  0.000000000000000E+000
 -2.000000000000000E-002  0.000000000000000E+000
 -1.900000000000000E-002  0.000000000000000E+000
 -1.800000000000000E-002  0.000000000000000E+000
 -1.700000000000000E-002  0.000000000000000E+000
 -1.600000000000000E-002  0.000000000000000E+000
 -1.500000000000000E-002  0.000000000000000E+000
 -1.400000000000000E-002  0.000000000000000E+000
 -1.300000000000000E-002  0.000000000000000E+000
 -1.200000000000000E-002  0.000000000000000E+000
 -1.100000000000000E-002  1.727768225731019E-003
 -1.000000000000000E-002   1.48082107566910     
 -9.000000000000001E-003   3.66566260146385     
 -8.000000000000000E-003   3.40815389685505     
 -6.999999999999999E-003   3.06791753250462     
 -6.000000000000002E-003   6.98941168882713     
 -5.000000000000001E-003   20.4376935182582     
 -4.000000000000000E-003   24.3423927685416     
 -3.000000000000003E-003   23.9779114949414     
 -2.000000000000002E-003   19.2937690172143     
 -1.000000000000001E-003   15.5462002714349     
  0.000000000000000E+000   17.6971069430186     
  1.000000000000001E-003   10.1743522958224     
  1.999999999999998E-003   3.89268589093173     
  2.999999999999999E-003   5.24953301161045     
  4.000000000000000E-003   4.47998169615104     
  4.999999999999998E-003   3.94345655374419     
  5.999999999999998E-003   5.99198633811765     
  6.999999999999999E-003   3.34190060231705     
  8.000000000000000E-003   5.98658139392519     
  9.000000000000001E-003   2.63710203124140     
  1.000000000000000E-002   4.82500457468769     
  1.100000000000000E-002   9.25307436568844     
  1.200000000000000E-002   4.03366077753033     
  1.300000000000000E-002   2.53220935434678     
  1.400000000000000E-002   2.02949377426957     
  1.500000000000000E-002  0.204628762661573     
  1.600000000000000E-002  0.000000000000000E+000
  1.700000000000000E-002  0.000000000000000E+000
  1.800000000000000E-002  0.000000000000000E+000
  1.900000000000000E-002  0.000000000000000E+000
  2.000000000000000E-002  0.000000000000000E+000
  2.100000000000000E-002  0.000000000000000E+000
  2.200000000000000E-002  0.000000000000000E+000
  2.300000000000000E-002  0.000000000000000E+000
  2.400000000000000E-002  0.000000000000000E+000
  2.500000000000000E-002  0.000000000000000E+000
