 -2.500000000000000E-002  0.000000000000000E+000
 -2.400000000000000E-002  0.000000000000000E+000
 -2.300000000000000E-002  0.000000000000000E+000
 -2.200000000000000E-002  0.000000000000000E+000
 -2.100000000000000E-002  0.000000000000000E+000
 -2.000000000000000E-002  0.000000000000000E+000
 -1.900000000000000E-002  0.000000000000000E+000
 -1.800000000000000E-002  0.000000000000000E+000
 -1.700000000000000E-002  0.000000000000000E+000
 -1.600000000000000E-002  0.000000000000000E+000
 -1.500000000000000E-002  0.000000000000000E+000
 -1.400000000000000E-002  0.000000000000000E+000
 -1.300000000000000E-002  0.000000000000000E+000
 -1.200000000000000E-002  0.502559846441555     
 -1.100000000000000E-002  0.706203267134445     
 -1.000000000000000E-002   2.02746010667143     
 -9.000000000000001E-003   1.67326257890466     
 -8.000000000000000E-003  6.940499363746146E-002
 -6.999999999999999E-003   1.37859952775404     
 -6.000000000000002E-003   3.03750125050945     
 -5.000000000000001E-003   5.49005481963343     
 -4.000000000000000E-003   5.62561959904269     
 -3.000000000000003E-003   20.0681468853332     
 -2.000000000000002E-003   37.3720501783352     
 -1.000000000000001E-003   37.1893366483610     
  0.000000000000000E+000   27.3308047625634     
  1.000000000000001E-003   23.2628500836221     
  1.999999999999998E-003   22.1133691842472     
  2.999999999999999E-003   12.1274724374176     
  4.000000000000000E-003   2.94949580938953     
  4.999999999999998E-003   2.58191134172000     
  5.999999999999998E-003   6.83562475317312     
  6.999999999999999E-003   4.60697485028468     
  8.000000000000000E-003   9.84893709808771     
  9.000000000000001E-003   1.58808997773612     
  1.000000000000000E-002  0.000000000000000E+000
  1.100000000000000E-002  0.000000000000000E+000
  1.200000000000000E-002  0.000000000000000E+000
  1.300000000000000E-002  0.000000000000000E+000
  1.400000000000000E-002  0.000000000000000E+000
  1.500000000000000E-002  0.000000000000000E+000
  1.600000000000000E-002  0.000000000000000E+000
  1.700000000000000E-002  0.000000000000000E+000
  1.800000000000000E-002  0.000000000000000E+000
  1.900000000000000E-002  0.000000000000000E+000
  2.000000000000000E-002  0.000000000000000E+000
  2.100000000000000E-002  0.000000000000000E+000
  2.200000000000000E-002  0.000000000000000E+000
  2.300000000000000E-002  0.000000000000000E+000
  2.400000000000000E-002  0.000000000000000E+000
  2.500000000000000E-002  0.000000000000000E+000
