 -2.500000000000000E-002  0.000000000000000E+000
 -2.400000000000000E-002  0.000000000000000E+000
 -2.300000000000000E-002  0.000000000000000E+000
 -2.200000000000000E-002  0.000000000000000E+000
 -2.100000000000000E-002  0.204495345494454     
 -2.000000000000000E-002  0.820676346895429     
 -1.900000000000000E-002   1.33264834259619     
 -1.800000000000000E-002  0.715205828013415     
 -1.700000000000000E-002  0.415776560397720     
 -1.600000000000000E-002   1.75267812856067     
 -1.500000000000000E-002  0.993557077270654     
 -1.400000000000000E-002  0.922526191001023     
 -1.300000000000000E-002  0.843101482907035     
 -1.200000000000000E-002   1.54857617816495     
 -1.100000000000000E-002   1.56915868448059     
 -1.000000000000000E-002   3.67163045630343     
 -9.000000000000001E-003   4.26129773382126     
 -8.000000000000000E-003   4.46638121101314     
 -6.999999999999999E-003   3.54550356225607     
 -6.000000000000002E-003   3.30549563943105     
 -5.000000000000001E-003   3.72062204068020     
 -4.000000000000000E-003   4.00780117900843     
 -3.000000000000003E-003   3.78545491928086     
 -2.000000000000002E-003   4.82927785410567     
 -1.000000000000001E-003   3.13606117140729     
  0.000000000000000E+000   4.16310686141265     
  1.000000000000001E-003   5.23988167225431     
  1.999999999999998E-003   4.99835277440564     
  2.999999999999999E-003   4.89987753329618     
  4.000000000000000E-003   5.47548752638445     
  4.999999999999998E-003   5.14053156263500     
  5.999999999999998E-003   4.68652555165876     
  6.999999999999999E-003   7.05028384013044     
  8.000000000000000E-003   6.65298193970538     
  9.000000000000001E-003   9.10645002667805     
  1.000000000000000E-002   5.24312987459181     
  1.100000000000000E-002   2.34012948205338     
  1.200000000000000E-002   1.18885021834224     
  1.300000000000000E-002  7.866520336222640E-002
  1.400000000000000E-002  0.000000000000000E+000
  1.500000000000000E-002  0.000000000000000E+000
  1.600000000000000E-002  0.000000000000000E+000
  1.700000000000000E-002  0.000000000000000E+000
  1.800000000000000E-002  0.000000000000000E+000
  1.900000000000000E-002  0.000000000000000E+000
  2.000000000000000E-002  0.000000000000000E+000
  2.100000000000000E-002  0.000000000000000E+000
  2.200000000000000E-002  0.000000000000000E+000
  2.300000000000000E-002  0.000000000000000E+000
  2.400000000000000E-002  0.000000000000000E+000
  2.500000000000000E-002  0.000000000000000E+000
