 -2.500000000000000E-002  0.000000000000000E+000
 -2.400000000000000E-002  0.000000000000000E+000
 -2.300000000000000E-002  0.000000000000000E+000
 -2.200000000000000E-002  0.000000000000000E+000
 -2.100000000000000E-002  0.000000000000000E+000
 -2.000000000000000E-002  0.000000000000000E+000
 -1.900000000000000E-002  0.000000000000000E+000
 -1.800000000000000E-002  0.000000000000000E+000
 -1.700000000000000E-002  0.000000000000000E+000
 -1.600000000000000E-002  0.000000000000000E+000
 -1.500000000000000E-002  0.000000000000000E+000
 -1.400000000000000E-002  0.000000000000000E+000
 -1.300000000000000E-002  0.000000000000000E+000
 -1.200000000000000E-002  0.000000000000000E+000
 -1.100000000000000E-002  0.000000000000000E+000
 -1.000000000000000E-002  0.000000000000000E+000
 -9.000000000000001E-003  0.000000000000000E+000
 -8.000000000000000E-003  2.939348601617341E-002
 -6.999999999999999E-003   5.39483651087286     
 -6.000000000000002E-003   18.5291497902498     
 -5.000000000000001E-003   17.5178646328551     
 -4.000000000000000E-003   17.4238018267241     
 -3.000000000000003E-003   21.2042401045543     
 -2.000000000000002E-003   21.4710062842755     
 -1.000000000000001E-003   17.0297991278200     
  0.000000000000000E+000   16.9463927046812     
  1.000000000000001E-003   21.8059506886226     
  1.999999999999998E-003   17.6756332774138     
  2.999999999999999E-003   6.97348009093389     
  4.000000000000000E-003   7.08332805184855     
  4.999999999999998E-003   4.78346054758569     
  5.999999999999998E-003   3.92733900885307     
  6.999999999999999E-003   2.57053161444174     
  8.000000000000000E-003   6.29126145447639     
  9.000000000000001E-003   2.50415437524619     
  1.000000000000000E-002   7.69588328903663     
  1.100000000000000E-002   9.13136072328221     
  1.200000000000000E-002  0.748022410210181     
  1.300000000000000E-002  0.000000000000000E+000
  1.400000000000000E-002  0.000000000000000E+000
  1.500000000000000E-002  0.000000000000000E+000
  1.600000000000000E-002  0.000000000000000E+000
  1.700000000000000E-002  0.000000000000000E+000
  1.800000000000000E-002  0.000000000000000E+000
  1.900000000000000E-002  0.000000000000000E+000
  2.000000000000000E-002  0.000000000000000E+000
  2.100000000000000E-002  0.000000000000000E+000
  2.200000000000000E-002  0.000000000000000E+000
  2.300000000000000E-002  0.000000000000000E+000
  2.400000000000000E-002  0.000000000000000E+000
  2.500000000000000E-002  0.000000000000000E+000
