 -2.500000000000000E-002  0.000000000000000E+000
 -2.400000000000000E-002  0.000000000000000E+000
 -2.300000000000000E-002  0.000000000000000E+000
 -2.200000000000000E-002  0.000000000000000E+000
 -2.100000000000000E-002  0.000000000000000E+000
 -2.000000000000000E-002  0.000000000000000E+000
 -1.900000000000000E-002  0.000000000000000E+000
 -1.800000000000000E-002  0.000000000000000E+000
 -1.700000000000000E-002  0.000000000000000E+000
 -1.600000000000000E-002  0.137306969932770     
 -1.500000000000000E-002  0.416708081929141     
 -1.400000000000000E-002   1.75127262235781     
 -1.300000000000000E-002  0.246302325780278     
 -1.200000000000000E-002  0.603834459006649     
 -1.100000000000000E-002  0.825880005843372     
 -1.000000000000000E-002   1.25993676776993     
 -9.000000000000001E-003  0.872528767380054     
 -8.000000000000000E-003  0.662571277260256     
 -6.999999999999999E-003  0.707341322498974     
 -6.000000000000002E-003   1.37208475444039     
 -5.000000000000001E-003   1.91695124985746     
 -4.000000000000000E-003   5.53600487685862     
 -3.000000000000003E-003   19.8598820433581     
 -2.000000000000002E-003   50.8048136927479     
 -1.000000000000001E-003   64.3474513177994     
  0.000000000000000E+000   51.0174238355899     
  1.000000000000001E-003   40.3588634335202     
  1.999999999999998E-003   26.7255418606830     
  2.999999999999999E-003   20.2584284968425     
  4.000000000000000E-003   2.09684696217711     
  4.999999999999998E-003   1.06221317437818     
  5.999999999999998E-003   1.37873832360973     
  6.999999999999999E-003  0.580130039510188     
  8.000000000000000E-003  0.641527322911602     
  9.000000000000001E-003   1.06690805619016     
  1.000000000000000E-002   1.35812541589373     
  1.100000000000000E-002   1.52528907543331     
  1.200000000000000E-002   1.62958106053742     
  1.300000000000000E-002   1.82649836625306     
  1.400000000000000E-002   2.47433261399243     
  1.500000000000000E-002   1.98756298953145     
  1.600000000000000E-002  0.387498438125116     
  1.700000000000000E-002  0.000000000000000E+000
  1.800000000000000E-002  0.000000000000000E+000
  1.900000000000000E-002  0.000000000000000E+000
  2.000000000000000E-002  0.000000000000000E+000
  2.100000000000000E-002  0.000000000000000E+000
  2.200000000000000E-002  0.000000000000000E+000
  2.300000000000000E-002  0.000000000000000E+000
  2.400000000000000E-002  0.000000000000000E+000
  2.500000000000000E-002  0.000000000000000E+000
