 -2.500000000000000E-002  0.000000000000000E+000
 -2.400000000000000E-002  0.000000000000000E+000
 -2.300000000000000E-002  0.000000000000000E+000
 -2.200000000000000E-002  0.000000000000000E+000
 -2.100000000000000E-002  0.000000000000000E+000
 -2.000000000000000E-002  0.000000000000000E+000
 -1.900000000000000E-002  0.000000000000000E+000
 -1.800000000000000E-002  0.000000000000000E+000
 -1.700000000000000E-002  0.218887060173122     
 -1.600000000000000E-002  0.979987344197373     
 -1.500000000000000E-002   1.01905559562950     
 -1.400000000000000E-002  0.534523047107525     
 -1.300000000000000E-002   1.33678259062705     
 -1.200000000000000E-002   2.30586282242665     
 -1.100000000000000E-002   2.53016646591180     
 -1.000000000000000E-002   1.86399622861597     
 -9.000000000000001E-003   1.31480623033697     
 -8.000000000000000E-003   3.58940550824335     
 -6.999999999999999E-003   4.94778296468719     
 -6.000000000000002E-003   12.1796866972329     
 -5.000000000000001E-003   12.8566294942212     
 -4.000000000000000E-003   9.31629982434402     
 -3.000000000000003E-003   5.87941485097460     
 -2.000000000000002E-003   5.13668588964826     
 -1.000000000000001E-003   5.52972537363280     
  0.000000000000000E+000   4.11457394602532     
  1.000000000000001E-003   2.90235850832245     
  1.999999999999998E-003   2.24003152126675     
  2.999999999999999E-003   2.61466302752018     
  4.000000000000000E-003   3.15904384429767     
  4.999999999999998E-003   3.70415562122094     
  5.999999999999998E-003   3.12511960321957     
  6.999999999999999E-003   2.26618319561580     
  8.000000000000000E-003   3.05209339203009     
  9.000000000000001E-003   3.55032494604387     
  1.000000000000000E-002   3.08192620892132     
  1.100000000000000E-002   3.37087753838687     
  1.200000000000000E-002   5.29587222216677     
  1.300000000000000E-002   5.25904521881373     
  1.400000000000000E-002   3.89448959310978     
  1.500000000000000E-002   1.61414362502859     
  1.600000000000000E-002  0.000000000000000E+000
  1.700000000000000E-002  0.000000000000000E+000
  1.800000000000000E-002  0.000000000000000E+000
  1.900000000000000E-002  0.000000000000000E+000
  2.000000000000000E-002  0.000000000000000E+000
  2.100000000000000E-002  0.000000000000000E+000
  2.200000000000000E-002  0.000000000000000E+000
  2.300000000000000E-002  0.000000000000000E+000
  2.400000000000000E-002  0.000000000000000E+000
  2.500000000000000E-002  0.000000000000000E+000
