 -2.500000000000000E-002  0.000000000000000E+000
 -2.400000000000000E-002  0.000000000000000E+000
 -2.300000000000000E-002  0.000000000000000E+000
 -2.200000000000000E-002  0.000000000000000E+000
 -2.100000000000000E-002  0.000000000000000E+000
 -2.000000000000000E-002  0.000000000000000E+000
 -1.900000000000000E-002  0.000000000000000E+000
 -1.800000000000000E-002  0.000000000000000E+000
 -1.700000000000000E-002  0.000000000000000E+000
 -1.600000000000000E-002  0.000000000000000E+000
 -1.500000000000000E-002  0.000000000000000E+000
 -1.400000000000000E-002  0.000000000000000E+000
 -1.300000000000000E-002  0.212342225876197     
 -1.200000000000000E-002   1.99349153822887     
 -1.100000000000000E-002   4.22494310726638     
 -1.000000000000000E-002   5.30679067736932     
 -9.000000000000001E-003   4.56229367106237     
 -8.000000000000000E-003   5.23937551980894     
 -6.999999999999999E-003   5.63381779809985     
 -6.000000000000002E-003   5.19224762563265     
 -5.000000000000001E-003   7.00143535459124     
 -4.000000000000000E-003   9.88369768598047     
 -3.000000000000003E-003   7.65125231401040     
 -2.000000000000002E-003   7.36414173004633     
 -1.000000000000001E-003   6.00324999074718     
  0.000000000000000E+000   6.12231863158500     
  1.000000000000001E-003   5.11426900747639     
  1.999999999999998E-003   5.78993311731340     
  2.999999999999999E-003   8.22633366854529     
  4.000000000000000E-003   8.69127576075489     
  4.999999999999998E-003   9.84615204241928     
  5.999999999999998E-003   10.9272683848723     
  6.999999999999999E-003   8.07073014926576     
  8.000000000000000E-003   6.00253556687394     
  9.000000000000001E-003   1.74586417426302     
  1.000000000000000E-002   1.73236180320343     
  1.100000000000000E-002   1.24774401771736     
  1.200000000000000E-002   1.27384608985720     
  1.300000000000000E-002   1.00300378916149     
  1.400000000000000E-002   1.87210665773404     
  1.500000000000000E-002  2.627900237027663E-003
  1.600000000000000E-002  0.000000000000000E+000
  1.700000000000000E-002  0.000000000000000E+000
  1.800000000000000E-002  0.000000000000000E+000
  1.900000000000000E-002  0.000000000000000E+000
  2.000000000000000E-002  0.000000000000000E+000
  2.100000000000000E-002  0.000000000000000E+000
  2.200000000000000E-002  0.000000000000000E+000
  2.300000000000000E-002  0.000000000000000E+000
  2.400000000000000E-002  0.000000000000000E+000
  2.500000000000000E-002  0.000000000000000E+000
