 -2.500000000000000E-002  0.000000000000000E+000
 -2.400000000000000E-002  0.000000000000000E+000
 -2.300000000000000E-002  0.000000000000000E+000
 -2.200000000000000E-002  0.000000000000000E+000
 -2.100000000000000E-002  0.000000000000000E+000
 -2.000000000000000E-002  0.000000000000000E+000
 -1.900000000000000E-002  0.000000000000000E+000
 -1.800000000000000E-002  0.000000000000000E+000
 -1.700000000000000E-002  0.000000000000000E+000
 -1.600000000000000E-002  0.000000000000000E+000
 -1.500000000000000E-002  0.000000000000000E+000
 -1.400000000000000E-002  0.000000000000000E+000
 -1.300000000000000E-002  0.000000000000000E+000
 -1.200000000000000E-002  5.111667378969709E-002
 -1.100000000000000E-002  0.719610399662270     
 -1.000000000000000E-002   2.01566292476440     
 -9.000000000000001E-003  0.519343713290561     
 -8.000000000000000E-003   1.23427797019758     
 -6.999999999999999E-003   2.03555581916294     
 -6.000000000000002E-003   3.23814571910855     
 -5.000000000000001E-003   7.69531596999336     
 -4.000000000000000E-003   9.71888346832628     
 -3.000000000000003E-003   10.3140147092635     
 -2.000000000000002E-003   10.6283154498498     
 -1.000000000000001E-003   8.64889703250411     
  0.000000000000000E+000   8.68735174255685     
  1.000000000000001E-003   9.88198059963369     
  1.999999999999998E-003   6.74207256093912     
  2.999999999999999E-003   4.11890091018811     
  4.000000000000000E-003   2.61509628104985     
  4.999999999999998E-003   1.76957521094150     
  5.999999999999998E-003   1.30534821642879     
  6.999999999999999E-003  0.608610313914695     
  8.000000000000000E-003   1.60358390763494     
  9.000000000000001E-003  0.861572300877499     
  1.000000000000000E-002  0.167108105921988     
  1.100000000000000E-002  0.202181013892435     
  1.200000000000000E-002   2.37608195163373     
  1.300000000000000E-002   1.30486773505632     
  1.400000000000000E-002  0.928426558716066     
  1.500000000000000E-002  0.693192740701442     
  1.600000000000000E-002  0.183422054691541     
  1.700000000000000E-002   1.51189077029792     
  1.800000000000000E-002  0.499697802195949     
  1.900000000000000E-002  0.781286360493942     
  2.000000000000000E-002  1.855301232064483E-002
  2.100000000000000E-002  0.000000000000000E+000
  2.200000000000000E-002  0.000000000000000E+000
  2.300000000000000E-002  0.000000000000000E+000
  2.400000000000000E-002  0.000000000000000E+000
  2.500000000000000E-002  0.000000000000000E+000
