 -2.500000000000000E-002  0.000000000000000E+000
 -2.400000000000000E-002  0.000000000000000E+000
 -2.300000000000000E-002  0.000000000000000E+000
 -2.200000000000000E-002  0.000000000000000E+000
 -2.100000000000000E-002  0.000000000000000E+000
 -2.000000000000000E-002  0.000000000000000E+000
 -1.900000000000000E-002  0.000000000000000E+000
 -1.800000000000000E-002  0.432863681722040     
 -1.700000000000000E-002  0.854604029987712     
 -1.600000000000000E-002  0.959136166291345     
 -1.500000000000000E-002  0.726746121998904     
 -1.400000000000000E-002  0.424877167359561     
 -1.300000000000000E-002   1.74332914097413     
 -1.200000000000000E-002  0.542913691666308     
 -1.100000000000000E-002  0.623345564620448     
 -1.000000000000000E-002  0.506158314546336     
 -9.000000000000001E-003  0.908836392152026     
 -8.000000000000000E-003  0.960181747187938     
 -6.999999999999999E-003   4.62669859693656     
 -6.000000000000002E-003   10.5347726540698     
 -5.000000000000001E-003   11.7750432836752     
 -4.000000000000000E-003   9.10343586711260     
 -3.000000000000003E-003   6.99064772245984     
 -2.000000000000002E-003   8.88075486216754     
 -1.000000000000001E-003   14.4157834343351     
  0.000000000000000E+000   5.89549891035225     
  1.000000000000001E-003   2.99933874969224     
  1.999999999999998E-003   2.28403953833581     
  2.999999999999999E-003   3.12857299932188     
  4.000000000000000E-003   3.57845468353101     
  4.999999999999998E-003   1.82280963705488     
  5.999999999999998E-003   2.86378877352074     
  6.999999999999999E-003   4.28548230460202     
  8.000000000000000E-003   6.45000058020834     
  9.000000000000001E-003   6.63461033305204     
  1.000000000000000E-002   5.11451546078882     
  1.100000000000000E-002   5.58953508346131     
  1.200000000000000E-002   3.53959674105083     
  1.300000000000000E-002  1.722776576443514E-002
  1.400000000000000E-002  0.000000000000000E+000
  1.500000000000000E-002  0.000000000000000E+000
  1.600000000000000E-002  0.000000000000000E+000
  1.700000000000000E-002  0.000000000000000E+000
  1.800000000000000E-002  0.000000000000000E+000
  1.900000000000000E-002  0.000000000000000E+000
  2.000000000000000E-002  0.000000000000000E+000
  2.100000000000000E-002  0.000000000000000E+000
  2.200000000000000E-002  0.000000000000000E+000
  2.300000000000000E-002  0.000000000000000E+000
  2.400000000000000E-002  0.000000000000000E+000
  2.500000000000000E-002  0.000000000000000E+000
