 -2.500000000000000E-002  0.000000000000000E+000
 -2.400000000000000E-002  0.000000000000000E+000
 -2.300000000000000E-002  0.000000000000000E+000
 -2.200000000000000E-002  0.000000000000000E+000
 -2.100000000000000E-002  0.000000000000000E+000
 -2.000000000000000E-002  0.000000000000000E+000
 -1.900000000000000E-002  0.000000000000000E+000
 -1.800000000000000E-002  0.000000000000000E+000
 -1.700000000000000E-002  0.000000000000000E+000
 -1.600000000000000E-002  0.000000000000000E+000
 -1.500000000000000E-002  0.000000000000000E+000
 -1.400000000000000E-002  0.000000000000000E+000
 -1.300000000000000E-002  0.000000000000000E+000
 -1.200000000000000E-002  9.909703468363260E-002
 -1.100000000000000E-002   1.14039952834088     
 -1.000000000000000E-002   1.80857486518292     
 -9.000000000000001E-003  0.633121149719342     
 -8.000000000000000E-003   1.72042819142751     
 -6.999999999999999E-003   1.86344890798883     
 -6.000000000000002E-003   5.79751853097140     
 -5.000000000000001E-003   8.39668331311341     
 -4.000000000000000E-003   8.65043223463204     
 -3.000000000000003E-003   6.06429056967609     
 -2.000000000000002E-003   5.22038495578118     
 -1.000000000000001E-003   6.70224963073535     
  0.000000000000000E+000   5.05902291718567     
  1.000000000000001E-003   4.24517227064211     
  1.999999999999998E-003   4.48774590210439     
  2.999999999999999E-003   2.68588588946156     
  4.000000000000000E-003   4.07925202837116     
  4.999999999999998E-003   2.12084866842396     
  5.999999999999998E-003   1.24523238054578     
  6.999999999999999E-003  0.847484545188453     
  8.000000000000000E-003   1.21268517829208     
  9.000000000000001E-003  0.612508606556007     
  1.000000000000000E-002  0.700019908717413     
  1.100000000000000E-002   1.15948052415872     
  1.200000000000000E-002   1.15608555251580     
  1.300000000000000E-002   1.44396159672337     
  1.400000000000000E-002  0.773701229017986     
  1.500000000000000E-002   1.13193354107267     
  1.600000000000000E-002  0.693501543307536     
  1.700000000000000E-002   1.22545893282417     
  1.800000000000000E-002  0.835448219653538     
  1.900000000000000E-002  0.282431652985041     
  2.000000000000000E-002  0.000000000000000E+000
  2.100000000000000E-002  0.000000000000000E+000
  2.200000000000000E-002  0.000000000000000E+000
  2.300000000000000E-002  0.000000000000000E+000
  2.400000000000000E-002  0.000000000000000E+000
  2.500000000000000E-002  0.000000000000000E+000
