 -2.500000000000000E-002  0.000000000000000E+000
 -2.400000000000000E-002  0.000000000000000E+000
 -2.300000000000000E-002  0.000000000000000E+000
 -2.200000000000000E-002  0.000000000000000E+000
 -2.100000000000000E-002  0.000000000000000E+000
 -2.000000000000000E-002  0.000000000000000E+000
 -1.900000000000000E-002  0.000000000000000E+000
 -1.800000000000000E-002  0.000000000000000E+000
 -1.700000000000000E-002  0.000000000000000E+000
 -1.600000000000000E-002  0.719758134842195     
 -1.500000000000000E-002   1.77711354149899     
 -1.400000000000000E-002   2.81053179280204     
 -1.300000000000000E-002  0.806919242017878     
 -1.200000000000000E-002   1.59120773068219     
 -1.100000000000000E-002   2.29236490805490     
 -1.000000000000000E-002   3.73059379391316     
 -9.000000000000001E-003   2.96639554397713     
 -8.000000000000000E-003   3.07163243363607     
 -6.999999999999999E-003   3.82348266786413     
 -6.000000000000002E-003   6.16574930851841     
 -5.000000000000001E-003   9.91466282091852     
 -4.000000000000000E-003   12.4979803248485     
 -3.000000000000003E-003   12.6551010864466     
 -2.000000000000002E-003   13.8650944623099     
 -1.000000000000001E-003   10.5248509019152     
  0.000000000000000E+000   9.75669602837777     
  1.000000000000001E-003   5.10325187364068     
  1.999999999999998E-003   4.63431591055292     
  2.999999999999999E-003   5.39029385262419     
  4.000000000000000E-003   3.18150128888203     
  4.999999999999998E-003   2.61556836411273     
  5.999999999999998E-003   2.81468069734618     
  6.999999999999999E-003   1.62885632506732     
  8.000000000000000E-003   2.63039813411594     
  9.000000000000001E-003   2.50431449904207     
  1.000000000000000E-002   3.53462381371359     
  1.100000000000000E-002   3.59851860587317     
  1.200000000000000E-002   3.03079933954298     
  1.300000000000000E-002   6.78799987456085     
  1.400000000000000E-002   5.02605934067548     
  1.500000000000000E-002   2.77620633191389     
  1.600000000000000E-002  0.142447327109398     
  1.700000000000000E-002  0.322815568397145     
  1.800000000000000E-002  0.533539712526817     
  1.900000000000000E-002  5.385441767901376E-002
  2.000000000000000E-002  0.000000000000000E+000
  2.100000000000000E-002  0.000000000000000E+000
  2.200000000000000E-002  0.000000000000000E+000
  2.300000000000000E-002  0.000000000000000E+000
  2.400000000000000E-002  0.000000000000000E+000
  2.500000000000000E-002  0.000000000000000E+000
