 -2.500000000000000E-002  0.000000000000000E+000
 -2.400000000000000E-002  0.000000000000000E+000
 -2.300000000000000E-002  0.000000000000000E+000
 -2.200000000000000E-002  0.000000000000000E+000
 -2.100000000000000E-002  0.000000000000000E+000
 -2.000000000000000E-002  0.000000000000000E+000
 -1.900000000000000E-002  0.000000000000000E+000
 -1.800000000000000E-002  0.000000000000000E+000
 -1.700000000000000E-002  0.317160129391668     
 -1.600000000000000E-002   1.30844097007103     
 -1.500000000000000E-002   4.14075047381022     
 -1.400000000000000E-002  0.710727972853576     
 -1.300000000000000E-002   1.39444155122517     
 -1.200000000000000E-002   1.36526022199888     
 -1.100000000000000E-002   2.32775432405962     
 -1.000000000000000E-002   2.19366946186762     
 -9.000000000000001E-003   2.16860326539406     
 -8.000000000000000E-003   1.58284205963731     
 -6.999999999999999E-003   1.31757449221463     
 -6.000000000000002E-003   3.71711857731457     
 -5.000000000000001E-003   17.1679597835008     
 -4.000000000000000E-003   18.6113020583252     
 -3.000000000000003E-003   11.7587688343787     
 -2.000000000000002E-003   9.54842539028827     
 -1.000000000000001E-003   8.01041578548039     
  0.000000000000000E+000   7.11539156872700     
  1.000000000000001E-003   5.91760483993445     
  1.999999999999998E-003   7.68701287521853     
  2.999999999999999E-003   5.30161923211112     
  4.000000000000000E-003   7.42593384313811     
  4.999999999999998E-003   3.28215643744952     
  5.999999999999998E-003   1.65310834334264     
  6.999999999999999E-003   2.17273960294094     
  8.000000000000000E-003   4.06131978068686     
  9.000000000000001E-003   3.66838566602763     
  1.000000000000000E-002   5.76819055284508     
  1.100000000000000E-002   3.66387190940170     
  1.200000000000000E-002   3.06222643777671     
  1.300000000000000E-002   6.00511960860834     
  1.400000000000000E-002   3.91260638594646     
  1.500000000000000E-002   1.45166756403322     
  1.600000000000000E-002  0.000000000000000E+000
  1.700000000000000E-002  0.000000000000000E+000
  1.800000000000000E-002  0.000000000000000E+000
  1.900000000000000E-002  0.000000000000000E+000
  2.000000000000000E-002  0.000000000000000E+000
  2.100000000000000E-002  0.000000000000000E+000
  2.200000000000000E-002  0.000000000000000E+000
  2.300000000000000E-002  0.000000000000000E+000
  2.400000000000000E-002  0.000000000000000E+000
  2.500000000000000E-002  0.000000000000000E+000
