 -2.500000000000000E-002  0.000000000000000E+000
 -2.400000000000000E-002  0.000000000000000E+000
 -2.300000000000000E-002  0.000000000000000E+000
 -2.200000000000000E-002  0.000000000000000E+000
 -2.100000000000000E-002  0.000000000000000E+000
 -2.000000000000000E-002  0.000000000000000E+000
 -1.900000000000000E-002  0.000000000000000E+000
 -1.800000000000000E-002  0.000000000000000E+000
 -1.700000000000000E-002  0.000000000000000E+000
 -1.600000000000000E-002  0.000000000000000E+000
 -1.500000000000000E-002  0.000000000000000E+000
 -1.400000000000000E-002  0.000000000000000E+000
 -1.300000000000000E-002  0.000000000000000E+000
 -1.200000000000000E-002  0.000000000000000E+000
 -1.100000000000000E-002  0.000000000000000E+000
 -1.000000000000000E-002  0.000000000000000E+000
 -9.000000000000001E-003  0.000000000000000E+000
 -8.000000000000000E-003  0.342421948514326     
 -6.999999999999999E-003   1.66226704572202     
 -6.000000000000002E-003   5.56352215770363     
 -5.000000000000001E-003   12.6566638403881     
 -4.000000000000000E-003   15.5976578691231     
 -3.000000000000003E-003   14.1177424939781     
 -2.000000000000002E-003   10.7741348621171     
 -1.000000000000001E-003   9.35737517227319     
  0.000000000000000E+000   9.59839829115323     
  1.000000000000001E-003   9.21788191240250     
  1.999999999999998E-003   3.63572335208476     
  2.999999999999999E-003   3.84326152272199     
  4.000000000000000E-003   2.77916648710186     
  4.999999999999998E-003   3.12686251168525     
  5.999999999999998E-003   4.73565398698769     
  6.999999999999999E-003   4.34221141460411     
  8.000000000000000E-003   6.26680030548030     
  9.000000000000001E-003   3.82753057239598     
  1.000000000000000E-002   2.39235148822598     
  1.100000000000000E-002   1.97889684538913     
  1.200000000000000E-002  5.162591994768954E-002
  1.300000000000000E-002  0.000000000000000E+000
  1.400000000000000E-002  0.000000000000000E+000
  1.500000000000000E-002  0.000000000000000E+000
  1.600000000000000E-002  0.000000000000000E+000
  1.700000000000000E-002  0.000000000000000E+000
  1.800000000000000E-002  0.000000000000000E+000
  1.900000000000000E-002  0.000000000000000E+000
  2.000000000000000E-002  0.000000000000000E+000
  2.100000000000000E-002  0.000000000000000E+000
  2.200000000000000E-002  0.000000000000000E+000
  2.300000000000000E-002  0.000000000000000E+000
  2.400000000000000E-002  0.000000000000000E+000
  2.500000000000000E-002  0.000000000000000E+000
