 -2.500000000000000E-002  0.000000000000000E+000
 -2.400000000000000E-002  0.000000000000000E+000
 -2.300000000000000E-002  0.000000000000000E+000
 -2.200000000000000E-002  0.000000000000000E+000
 -2.100000000000000E-002  0.000000000000000E+000
 -2.000000000000000E-002  0.000000000000000E+000
 -1.900000000000000E-002  0.000000000000000E+000
 -1.800000000000000E-002  0.000000000000000E+000
 -1.700000000000000E-002  0.000000000000000E+000
 -1.600000000000000E-002  0.000000000000000E+000
 -1.500000000000000E-002  0.000000000000000E+000
 -1.400000000000000E-002  0.000000000000000E+000
 -1.300000000000000E-002  0.000000000000000E+000
 -1.200000000000000E-002  0.000000000000000E+000
 -1.100000000000000E-002  0.000000000000000E+000
 -1.000000000000000E-002  7.518970015286883E-002
 -9.000000000000001E-003   3.11125694507386     
 -8.000000000000000E-003   6.09031669060848     
 -6.999999999999999E-003   9.60726612974345     
 -6.000000000000002E-003   9.55506150017682     
 -5.000000000000001E-003   10.7444245700172     
 -4.000000000000000E-003   13.2737933905231     
 -3.000000000000003E-003   15.4486896046759     
 -2.000000000000002E-003   23.2724056607217     
 -1.000000000000001E-003   18.7174738194327     
  0.000000000000000E+000   5.48594335167145     
  1.000000000000001E-003   6.42109450287595     
  1.999999999999998E-003   3.90960768402569     
  2.999999999999999E-003   6.18404084863224     
  4.000000000000000E-003   7.70254442072357     
  4.999999999999998E-003   14.1525026651486     
  5.999999999999998E-003   15.2628089052384     
  6.999999999999999E-003   7.24671644432323     
  8.000000000000000E-003   5.69644337134605     
  9.000000000000001E-003   5.74477477135479     
  1.000000000000000E-002   4.42742575713538     
  1.100000000000000E-002  0.285449266398550     
  1.200000000000000E-002  0.000000000000000E+000
  1.300000000000000E-002  0.000000000000000E+000
  1.400000000000000E-002  0.000000000000000E+000
  1.500000000000000E-002  0.000000000000000E+000
  1.600000000000000E-002  0.000000000000000E+000
  1.700000000000000E-002  0.000000000000000E+000
  1.800000000000000E-002  0.000000000000000E+000
  1.900000000000000E-002  0.000000000000000E+000
  2.000000000000000E-002  0.000000000000000E+000
  2.100000000000000E-002  0.000000000000000E+000
  2.200000000000000E-002  0.000000000000000E+000
  2.300000000000000E-002  0.000000000000000E+000
  2.400000000000000E-002  0.000000000000000E+000
  2.500000000000000E-002  0.000000000000000E+000
