 -2.500000000000000E-002  0.000000000000000E+000
 -2.400000000000000E-002  0.000000000000000E+000
 -2.300000000000000E-002  0.000000000000000E+000
 -2.200000000000000E-002  0.000000000000000E+000
 -2.100000000000000E-002  0.000000000000000E+000
 -2.000000000000000E-002  0.000000000000000E+000
 -1.900000000000000E-002  0.000000000000000E+000
 -1.800000000000000E-002  0.000000000000000E+000
 -1.700000000000000E-002  0.000000000000000E+000
 -1.600000000000000E-002  0.000000000000000E+000
 -1.500000000000000E-002  0.000000000000000E+000
 -1.400000000000000E-002  0.000000000000000E+000
 -1.300000000000000E-002  0.735312727009105     
 -1.200000000000000E-002  0.907673713908721     
 -1.100000000000000E-002   2.71818499022083     
 -1.000000000000000E-002   1.62309286757626     
 -9.000000000000001E-003   2.14626459608307     
 -8.000000000000000E-003   2.36548543148608     
 -6.999999999999999E-003   2.26649269945704     
 -6.000000000000002E-003   1.56593059765500     
 -5.000000000000001E-003   4.25533844943372     
 -4.000000000000000E-003   1.27902619946076     
 -3.000000000000003E-003   3.17978840349607     
 -2.000000000000002E-003   3.90919178585697     
 -1.000000000000001E-003   2.90875914996745     
  0.000000000000000E+000   6.78909024030348     
  1.000000000000001E-003   10.0810257583254     
  1.999999999999998E-003   23.4213188460741     
  2.999999999999999E-003   17.7977825012468     
  4.000000000000000E-003   9.08821005363928     
  4.999999999999998E-003   4.44582976565584     
  5.999999999999998E-003   1.18483122314401     
  6.999999999999999E-003  0.000000000000000E+000
  8.000000000000000E-003  0.000000000000000E+000
  9.000000000000001E-003  0.000000000000000E+000
  1.000000000000000E-002  0.000000000000000E+000
  1.100000000000000E-002  0.000000000000000E+000
  1.200000000000000E-002  0.000000000000000E+000
  1.300000000000000E-002  0.000000000000000E+000
  1.400000000000000E-002  0.000000000000000E+000
  1.500000000000000E-002  0.000000000000000E+000
  1.600000000000000E-002  0.000000000000000E+000
  1.700000000000000E-002  0.000000000000000E+000
  1.800000000000000E-002  0.000000000000000E+000
  1.900000000000000E-002  0.000000000000000E+000
  2.000000000000000E-002  0.000000000000000E+000
  2.100000000000000E-002  0.000000000000000E+000
  2.200000000000000E-002  0.000000000000000E+000
  2.300000000000000E-002  0.000000000000000E+000
  2.400000000000000E-002  0.000000000000000E+000
  2.500000000000000E-002  0.000000000000000E+000
