 -2.500000000000000E-002  0.000000000000000E+000
 -2.400000000000000E-002  0.000000000000000E+000
 -2.300000000000000E-002  0.000000000000000E+000
 -2.200000000000000E-002  0.000000000000000E+000
 -2.100000000000000E-002  0.000000000000000E+000
 -2.000000000000000E-002  0.000000000000000E+000
 -1.900000000000000E-002  0.000000000000000E+000
 -1.800000000000000E-002  0.000000000000000E+000
 -1.700000000000000E-002  0.000000000000000E+000
 -1.600000000000000E-002  0.000000000000000E+000
 -1.500000000000000E-002  0.000000000000000E+000
 -1.400000000000000E-002  0.000000000000000E+000
 -1.300000000000000E-002  0.000000000000000E+000
 -1.200000000000000E-002  0.000000000000000E+000
 -1.100000000000000E-002   1.83854432649618     
 -1.000000000000000E-002   5.64101009922078     
 -9.000000000000001E-003   2.35148955808339     
 -8.000000000000000E-003   3.31565881080499     
 -6.999999999999999E-003   3.03526008124757     
 -6.000000000000002E-003   2.42940932194296     
 -5.000000000000001E-003   1.35139817573669     
 -4.000000000000000E-003   2.16552273048186     
 -3.000000000000003E-003   5.64011682152090     
 -2.000000000000002E-003   4.31639686583500     
 -1.000000000000001E-003   3.06627560319221     
  0.000000000000000E+000   8.83327573342558     
  1.000000000000001E-003   4.58902257360394     
  1.999999999999998E-003   1.52222973423307     
  2.999999999999999E-003   15.3263853686105     
  4.000000000000000E-003   14.4383694444986     
  4.999999999999998E-003   17.5345202071076     
  5.999999999999998E-003  0.989314543958220     
  6.999999999999999E-003  0.000000000000000E+000
  8.000000000000000E-003  0.000000000000000E+000
  9.000000000000001E-003  0.000000000000000E+000
  1.000000000000000E-002  0.000000000000000E+000
  1.100000000000000E-002  0.000000000000000E+000
  1.200000000000000E-002  0.000000000000000E+000
  1.300000000000000E-002  0.000000000000000E+000
  1.400000000000000E-002  0.000000000000000E+000
  1.500000000000000E-002  0.000000000000000E+000
  1.600000000000000E-002  0.000000000000000E+000
  1.700000000000000E-002  0.000000000000000E+000
  1.800000000000000E-002  0.000000000000000E+000
  1.900000000000000E-002  0.000000000000000E+000
  2.000000000000000E-002  0.000000000000000E+000
  2.100000000000000E-002  0.000000000000000E+000
  2.200000000000000E-002  0.000000000000000E+000
  2.300000000000000E-002  0.000000000000000E+000
  2.400000000000000E-002  0.000000000000000E+000
  2.500000000000000E-002  0.000000000000000E+000
