 -2.500000000000000E-002  0.000000000000000E+000
 -2.400000000000000E-002  0.000000000000000E+000
 -2.300000000000000E-002  0.000000000000000E+000
 -2.200000000000000E-002  0.000000000000000E+000
 -2.100000000000000E-002  0.000000000000000E+000
 -2.000000000000000E-002  0.000000000000000E+000
 -1.900000000000000E-002  0.000000000000000E+000
 -1.800000000000000E-002  0.000000000000000E+000
 -1.700000000000000E-002  0.000000000000000E+000
 -1.600000000000000E-002  0.000000000000000E+000
 -1.500000000000000E-002  0.000000000000000E+000
 -1.400000000000000E-002  0.000000000000000E+000
 -1.300000000000000E-002  0.000000000000000E+000
 -1.200000000000000E-002  0.506034049453124     
 -1.100000000000000E-002  0.773210406191069     
 -1.000000000000000E-002   2.00672677821977     
 -9.000000000000001E-003   1.64726055338665     
 -8.000000000000000E-003  5.401248550342129E-002
 -6.999999999999999E-003   1.24363683745768     
 -6.000000000000002E-003   1.35903263998588     
 -5.000000000000001E-003   5.56969529755603     
 -4.000000000000000E-003   12.3518527604194     
 -3.000000000000003E-003   13.8921382464513     
 -2.000000000000002E-003   15.7188156761519     
 -1.000000000000001E-003   10.1350454229593     
  0.000000000000000E+000   8.15645381504333     
  1.000000000000001E-003   15.6406009789481     
  1.999999999999998E-003   7.56624778618300     
  2.999999999999999E-003   3.80839215572822     
  4.000000000000000E-003   2.53201625723965     
  4.999999999999998E-003   2.78821543655336     
  5.999999999999998E-003   5.98768043978063     
  6.999999999999999E-003   4.88144188613052     
  8.000000000000000E-003   9.46327530683783     
  9.000000000000001E-003   1.57698478381981     
  1.000000000000000E-002  0.000000000000000E+000
  1.100000000000000E-002  0.000000000000000E+000
  1.200000000000000E-002  0.000000000000000E+000
  1.300000000000000E-002  0.000000000000000E+000
  1.400000000000000E-002  0.000000000000000E+000
  1.500000000000000E-002  0.000000000000000E+000
  1.600000000000000E-002  0.000000000000000E+000
  1.700000000000000E-002  0.000000000000000E+000
  1.800000000000000E-002  0.000000000000000E+000
  1.900000000000000E-002  0.000000000000000E+000
  2.000000000000000E-002  0.000000000000000E+000
  2.100000000000000E-002  0.000000000000000E+000
  2.200000000000000E-002  0.000000000000000E+000
  2.300000000000000E-002  0.000000000000000E+000
  2.400000000000000E-002  0.000000000000000E+000
  2.500000000000000E-002  0.000000000000000E+000
