 -2.500000000000000E-002  0.000000000000000E+000
 -2.400000000000000E-002  0.000000000000000E+000
 -2.300000000000000E-002  0.000000000000000E+000
 -2.200000000000000E-002  0.000000000000000E+000
 -2.100000000000000E-002  0.000000000000000E+000
 -2.000000000000000E-002  0.000000000000000E+000
 -1.900000000000000E-002  0.000000000000000E+000
 -1.800000000000000E-002  0.000000000000000E+000
 -1.700000000000000E-002  0.000000000000000E+000
 -1.600000000000000E-002  0.000000000000000E+000
 -1.500000000000000E-002  0.000000000000000E+000
 -1.400000000000000E-002  0.000000000000000E+000
 -1.300000000000000E-002  0.000000000000000E+000
 -1.200000000000000E-002  0.000000000000000E+000
 -1.100000000000000E-002  0.000000000000000E+000
 -1.000000000000000E-002  0.000000000000000E+000
 -9.000000000000001E-003  0.000000000000000E+000
 -8.000000000000000E-003  0.000000000000000E+000
 -6.999999999999999E-003  0.000000000000000E+000
 -6.000000000000002E-003   6.31847692512665     
 -5.000000000000001E-003   16.6394027295957     
 -4.000000000000000E-003   22.2250317368079     
 -3.000000000000003E-003   20.2240731983358     
 -2.000000000000002E-003   19.0928576820123     
 -1.000000000000001E-003   12.9665522078092     
  0.000000000000000E+000   16.8714825726302     
  1.000000000000001E-003   8.35444179389595     
  1.999999999999998E-003   3.38821181242988     
  2.999999999999999E-003   2.47067676217405     
  4.000000000000000E-003   3.88514936449536     
  4.999999999999998E-003   1.95290528681745     
  5.999999999999998E-003   3.81546963306762     
  6.999999999999999E-003   3.74385728224707     
  8.000000000000000E-003   3.96970792508702     
  9.000000000000001E-003   6.80812924982030     
  1.000000000000000E-002   3.86995789438650     
  1.100000000000000E-002   5.57826816790811     
  1.200000000000000E-002   2.52666777535300     
  1.300000000000000E-002  0.000000000000000E+000
  1.400000000000000E-002  0.000000000000000E+000
  1.500000000000000E-002  0.000000000000000E+000
  1.600000000000000E-002  0.000000000000000E+000
  1.700000000000000E-002  0.000000000000000E+000
  1.800000000000000E-002  0.000000000000000E+000
  1.900000000000000E-002  0.000000000000000E+000
  2.000000000000000E-002  0.000000000000000E+000
  2.100000000000000E-002  0.000000000000000E+000
  2.200000000000000E-002  0.000000000000000E+000
  2.300000000000000E-002  0.000000000000000E+000
  2.400000000000000E-002  0.000000000000000E+000
  2.500000000000000E-002  0.000000000000000E+000
