 -2.500000000000000E-002  0.000000000000000E+000
 -2.400000000000000E-002  0.000000000000000E+000
 -2.300000000000000E-002  0.000000000000000E+000
 -2.200000000000000E-002  0.000000000000000E+000
 -2.100000000000000E-002  0.000000000000000E+000
 -2.000000000000000E-002  0.000000000000000E+000
 -1.900000000000000E-002  0.000000000000000E+000
 -1.800000000000000E-002  0.000000000000000E+000
 -1.700000000000000E-002  0.000000000000000E+000
 -1.600000000000000E-002  0.000000000000000E+000
 -1.500000000000000E-002  0.000000000000000E+000
 -1.400000000000000E-002  0.000000000000000E+000
 -1.300000000000000E-002  0.000000000000000E+000
 -1.200000000000000E-002  7.503254812570452E-002
 -1.100000000000000E-002   2.04566952619503     
 -1.000000000000000E-002   3.70034957596916     
 -9.000000000000001E-003   1.65357257229687     
 -8.000000000000000E-003   3.57137911184064     
 -6.999999999999999E-003   2.50997666222737     
 -6.000000000000002E-003   3.80968865505352     
 -5.000000000000001E-003   6.39723929514452     
 -4.000000000000000E-003   4.97346433959497     
 -3.000000000000003E-003   2.73322874342753     
 -2.000000000000002E-003   12.9525838067342     
 -1.000000000000001E-003   12.3197668941073     
  0.000000000000000E+000   5.17525203178648     
  1.000000000000001E-003   14.7249414532510     
  1.999999999999998E-003   20.7978564957793     
  2.999999999999999E-003   28.8949837854014     
  4.000000000000000E-003   13.5197140727946     
  4.999999999999998E-003   8.96682463705498     
  5.999999999999998E-003  0.427885793215365     
  6.999999999999999E-003  0.000000000000000E+000
  8.000000000000000E-003  0.000000000000000E+000
  9.000000000000001E-003  0.000000000000000E+000
  1.000000000000000E-002  0.000000000000000E+000
  1.100000000000000E-002  0.000000000000000E+000
  1.200000000000000E-002  0.000000000000000E+000
  1.300000000000000E-002  0.000000000000000E+000
  1.400000000000000E-002  0.000000000000000E+000
  1.500000000000000E-002  0.000000000000000E+000
  1.600000000000000E-002  0.000000000000000E+000
  1.700000000000000E-002  0.000000000000000E+000
  1.800000000000000E-002  0.000000000000000E+000
  1.900000000000000E-002  0.000000000000000E+000
  2.000000000000000E-002  0.000000000000000E+000
  2.100000000000000E-002  0.000000000000000E+000
  2.200000000000000E-002  0.000000000000000E+000
  2.300000000000000E-002  0.000000000000000E+000
  2.400000000000000E-002  0.000000000000000E+000
  2.500000000000000E-002  0.000000000000000E+000
