 -2.500000000000000E-002  0.000000000000000E+000
 -2.400000000000000E-002  0.000000000000000E+000
 -2.300000000000000E-002  0.000000000000000E+000
 -2.200000000000000E-002  0.000000000000000E+000
 -2.100000000000000E-002  0.000000000000000E+000
 -2.000000000000000E-002  0.000000000000000E+000
 -1.900000000000000E-002  0.000000000000000E+000
 -1.800000000000000E-002  0.000000000000000E+000
 -1.700000000000000E-002  0.000000000000000E+000
 -1.600000000000000E-002  0.000000000000000E+000
 -1.500000000000000E-002  0.000000000000000E+000
 -1.400000000000000E-002  0.000000000000000E+000
 -1.300000000000000E-002  0.000000000000000E+000
 -1.200000000000000E-002  0.000000000000000E+000
 -1.100000000000000E-002  0.000000000000000E+000
 -1.000000000000000E-002  0.148458249810242     
 -9.000000000000001E-003   3.04674077768286     
 -8.000000000000000E-003   5.63479150807841     
 -6.999999999999999E-003   4.99787691260975     
 -6.000000000000002E-003   4.88121203923062     
 -5.000000000000001E-003   7.35316133672817     
 -4.000000000000000E-003   8.98773136123343     
 -3.000000000000003E-003   11.4709129429043     
 -2.000000000000002E-003   8.99470383450357     
 -1.000000000000001E-003   15.0286097030764     
  0.000000000000000E+000   21.6241910808701     
  1.000000000000001E-003   25.5083580461229     
  1.999999999999998E-003   23.7452973162222     
  2.999999999999999E-003   21.3397727667993     
  4.000000000000000E-003   14.7023652906841     
  4.999999999999998E-003   4.38960236683317     
  5.999999999999998E-003   9.85179394530523     
  6.999999999999999E-003  0.333170521305234     
  8.000000000000000E-003  0.000000000000000E+000
  9.000000000000001E-003  0.000000000000000E+000
  1.000000000000000E-002  0.000000000000000E+000
  1.100000000000000E-002  0.000000000000000E+000
  1.200000000000000E-002  0.000000000000000E+000
  1.300000000000000E-002  0.000000000000000E+000
  1.400000000000000E-002  0.000000000000000E+000
  1.500000000000000E-002  0.000000000000000E+000
  1.600000000000000E-002  0.000000000000000E+000
  1.700000000000000E-002  0.000000000000000E+000
  1.800000000000000E-002  0.000000000000000E+000
  1.900000000000000E-002  0.000000000000000E+000
  2.000000000000000E-002  0.000000000000000E+000
  2.100000000000000E-002  0.000000000000000E+000
  2.200000000000000E-002  0.000000000000000E+000
  2.300000000000000E-002  0.000000000000000E+000
  2.400000000000000E-002  0.000000000000000E+000
  2.500000000000000E-002  0.000000000000000E+000
