 -2.500000000000000E-002  0.000000000000000E+000
 -2.400000000000000E-002  0.000000000000000E+000
 -2.300000000000000E-002  0.000000000000000E+000
 -2.200000000000000E-002  0.000000000000000E+000
 -2.100000000000000E-002  0.000000000000000E+000
 -2.000000000000000E-002  0.000000000000000E+000
 -1.900000000000000E-002  0.000000000000000E+000
 -1.800000000000000E-002  0.000000000000000E+000
 -1.700000000000000E-002  0.000000000000000E+000
 -1.600000000000000E-002  0.000000000000000E+000
 -1.500000000000000E-002  0.000000000000000E+000
 -1.400000000000000E-002  0.000000000000000E+000
 -1.300000000000000E-002  0.000000000000000E+000
 -1.200000000000000E-002  0.000000000000000E+000
 -1.100000000000000E-002  0.000000000000000E+000
 -1.000000000000000E-002  0.379742040441056     
 -9.000000000000001E-003   4.44632761779876     
 -8.000000000000000E-003   5.74265539233171     
 -6.999999999999999E-003   4.50587207830445     
 -6.000000000000002E-003   6.01103801550793     
 -5.000000000000001E-003   10.8118904964053     
 -4.000000000000000E-003   8.23393339918290     
 -3.000000000000003E-003   6.73212873668614     
 -2.000000000000002E-003   5.45251900852219     
 -1.000000000000001E-003   5.45105997176627     
  0.000000000000000E+000   4.95088461544184     
  1.000000000000001E-003   2.96683559562850     
  1.999999999999998E-003   2.58689823956770     
  2.999999999999999E-003   1.61420535370523     
  4.000000000000000E-003   2.17540625251253     
  4.999999999999998E-003   3.64525834286139     
  5.999999999999998E-003   8.25118822743361     
  6.999999999999999E-003   9.07192349867059     
  8.000000000000000E-003   5.06171021374226     
  9.000000000000001E-003   3.39946503152399     
  1.000000000000000E-002   2.58665677687059     
  1.100000000000000E-002   2.41506218884946     
  1.200000000000000E-002  0.361748906245702     
  1.300000000000000E-002  0.000000000000000E+000
  1.400000000000000E-002  0.000000000000000E+000
  1.500000000000000E-002  0.000000000000000E+000
  1.600000000000000E-002  0.000000000000000E+000
  1.700000000000000E-002  0.000000000000000E+000
  1.800000000000000E-002  0.000000000000000E+000
  1.900000000000000E-002  0.000000000000000E+000
  2.000000000000000E-002  0.000000000000000E+000
  2.100000000000000E-002  0.000000000000000E+000
  2.200000000000000E-002  0.000000000000000E+000
  2.300000000000000E-002  0.000000000000000E+000
  2.400000000000000E-002  0.000000000000000E+000
  2.500000000000000E-002  0.000000000000000E+000
