 -2.500000000000000E-002  0.000000000000000E+000
 -2.400000000000000E-002  0.000000000000000E+000
 -2.300000000000000E-002  0.000000000000000E+000
 -2.200000000000000E-002  0.000000000000000E+000
 -2.100000000000000E-002  0.000000000000000E+000
 -2.000000000000000E-002  0.000000000000000E+000
 -1.900000000000000E-002  0.000000000000000E+000
 -1.800000000000000E-002  0.000000000000000E+000
 -1.700000000000000E-002  0.000000000000000E+000
 -1.600000000000000E-002  0.000000000000000E+000
 -1.500000000000000E-002  0.000000000000000E+000
 -1.400000000000000E-002  0.000000000000000E+000
 -1.300000000000000E-002  0.000000000000000E+000
 -1.200000000000000E-002  0.000000000000000E+000
 -1.100000000000000E-002  0.112349563684390     
 -1.000000000000000E-002   1.68407725031484     
 -9.000000000000001E-003   4.61816861194221     
 -8.000000000000000E-003   2.21466448523992     
 -6.999999999999999E-003   4.41170415795055     
 -6.000000000000002E-003   5.25875015000734     
 -5.000000000000001E-003   4.91225213563078     
 -4.000000000000000E-003   13.0499622604795     
 -3.000000000000003E-003   16.8627882596386     
 -2.000000000000002E-003   12.2857609107803     
 -1.000000000000001E-003   8.34361020029093     
  0.000000000000000E+000   9.14454535588396     
  1.000000000000001E-003   8.04845217511837     
  1.999999999999998E-003   8.47432190313074     
  2.999999999999999E-003   2.79399323871422     
  4.000000000000000E-003   1.83703130180087     
  4.999999999999998E-003  0.485790165965441     
  5.999999999999998E-003   1.31574257196819     
  6.999999999999999E-003   2.94688665274075     
  8.000000000000000E-003   1.24934385762152     
  9.000000000000001E-003   1.11564910858859     
  1.000000000000000E-002   1.39369600399240     
  1.100000000000000E-002   1.35172048324551     
  1.200000000000000E-002  0.644128423381000     
  1.300000000000000E-002  0.998773081509182     
  1.400000000000000E-002   2.00964007362474     
  1.500000000000000E-002   1.86583572905183     
  1.600000000000000E-002  0.287980096435395     
  1.700000000000000E-002   1.19701347700084     
  1.800000000000000E-002   1.40375305470067     
  1.900000000000000E-002  0.929919158081293     
  2.000000000000000E-002  0.527808997354281     
  2.100000000000000E-002  0.691102500903421     
  2.200000000000000E-002  0.278164603227422     
  2.300000000000000E-002  0.000000000000000E+000
  2.400000000000000E-002  0.000000000000000E+000
  2.500000000000000E-002  0.000000000000000E+000
