 -2.500000000000000E-002  0.000000000000000E+000
 -2.400000000000000E-002  0.000000000000000E+000
 -2.300000000000000E-002  0.000000000000000E+000
 -2.200000000000000E-002  0.000000000000000E+000
 -2.100000000000000E-002  0.000000000000000E+000
 -2.000000000000000E-002  0.000000000000000E+000
 -1.900000000000000E-002  0.000000000000000E+000
 -1.800000000000000E-002  0.000000000000000E+000
 -1.700000000000000E-002  0.000000000000000E+000
 -1.600000000000000E-002  0.000000000000000E+000
 -1.500000000000000E-002  0.000000000000000E+000
 -1.400000000000000E-002  0.000000000000000E+000
 -1.300000000000000E-002  0.000000000000000E+000
 -1.200000000000000E-002  0.000000000000000E+000
 -1.100000000000000E-002  0.000000000000000E+000
 -1.000000000000000E-002  0.000000000000000E+000
 -9.000000000000001E-003  0.000000000000000E+000
 -8.000000000000000E-003  0.184067128401904     
 -6.999999999999999E-003   5.36303829265994     
 -6.000000000000002E-003   10.5692302575695     
 -5.000000000000001E-003   14.0909514771811     
 -4.000000000000000E-003   18.9336326931799     
 -3.000000000000003E-003   19.7154869688495     
 -2.000000000000002E-003   21.3403845046881     
 -1.000000000000001E-003   17.7997889907933     
  0.000000000000000E+000   17.7982528484244     
  1.000000000000001E-003   18.6264546647959     
  1.999999999999998E-003   15.2003819111310     
  2.999999999999999E-003   13.4051840572087     
  4.000000000000000E-003   11.9405117724863     
  4.999999999999998E-003   11.5477390046982     
  5.999999999999998E-003   1.87177624779232     
  6.999999999999999E-003   1.55516353299452     
  8.000000000000000E-003   1.97088874289807     
  9.000000000000001E-003   2.69698966894587     
  1.000000000000000E-002   1.39586260412944     
  1.100000000000000E-002   4.95964465028926     
  1.200000000000000E-002   3.23807983020344     
  1.300000000000000E-002  6.090015067934641E-002
  1.400000000000000E-002  0.000000000000000E+000
  1.500000000000000E-002  0.000000000000000E+000
  1.600000000000000E-002  0.000000000000000E+000
  1.700000000000000E-002  0.000000000000000E+000
  1.800000000000000E-002  0.000000000000000E+000
  1.900000000000000E-002  0.000000000000000E+000
  2.000000000000000E-002  0.000000000000000E+000
  2.100000000000000E-002  0.000000000000000E+000
  2.200000000000000E-002  0.000000000000000E+000
  2.300000000000000E-002  0.000000000000000E+000
  2.400000000000000E-002  0.000000000000000E+000
  2.500000000000000E-002  0.000000000000000E+000
