 -2.500000000000000E-002  0.000000000000000E+000
 -2.400000000000000E-002  0.000000000000000E+000
 -2.300000000000000E-002  0.000000000000000E+000
 -2.200000000000000E-002  0.000000000000000E+000
 -2.100000000000000E-002  0.000000000000000E+000
 -2.000000000000000E-002  0.000000000000000E+000
 -1.900000000000000E-002  0.000000000000000E+000
 -1.800000000000000E-002  0.000000000000000E+000
 -1.700000000000000E-002  0.000000000000000E+000
 -1.600000000000000E-002  0.000000000000000E+000
 -1.500000000000000E-002  0.000000000000000E+000
 -1.400000000000000E-002  0.000000000000000E+000
 -1.300000000000000E-002  0.000000000000000E+000
 -1.200000000000000E-002  0.000000000000000E+000
 -1.100000000000000E-002  0.000000000000000E+000
 -1.000000000000000E-002  0.229998439722310     
 -9.000000000000001E-003   1.82906440064442     
 -8.000000000000000E-003   3.86098208870846     
 -6.999999999999999E-003   4.53594560113523     
 -6.000000000000002E-003   5.82928558730313     
 -5.000000000000001E-003   2.74471798936057     
 -4.000000000000000E-003   4.10462575666375     
 -3.000000000000003E-003   4.72421690360325     
 -2.000000000000002E-003   5.69376147067872     
 -1.000000000000001E-003   4.25393543771002     
  0.000000000000000E+000   6.52716931226528     
  1.000000000000001E-003   5.98805301933926     
  1.999999999999998E-003   4.18572808135203     
  2.999999999999999E-003   10.9070482388158     
  4.000000000000000E-003   13.6742762357758     
  4.999999999999998E-003   11.7718566933826     
  5.999999999999998E-003   2.51781101898232     
  6.999999999999999E-003  7.123372455710601E-002
  8.000000000000000E-003  0.000000000000000E+000
  9.000000000000001E-003  0.000000000000000E+000
  1.000000000000000E-002  0.000000000000000E+000
  1.100000000000000E-002  0.000000000000000E+000
  1.200000000000000E-002  0.000000000000000E+000
  1.300000000000000E-002  0.000000000000000E+000
  1.400000000000000E-002  0.000000000000000E+000
  1.500000000000000E-002  0.000000000000000E+000
  1.600000000000000E-002  0.000000000000000E+000
  1.700000000000000E-002  0.000000000000000E+000
  1.800000000000000E-002  0.000000000000000E+000
  1.900000000000000E-002  0.000000000000000E+000
  2.000000000000000E-002  0.000000000000000E+000
  2.100000000000000E-002  0.000000000000000E+000
  2.200000000000000E-002  0.000000000000000E+000
  2.300000000000000E-002  0.000000000000000E+000
  2.400000000000000E-002  0.000000000000000E+000
  2.500000000000000E-002  0.000000000000000E+000
