 -2.500000000000000E-002  0.000000000000000E+000
 -2.400000000000000E-002  0.000000000000000E+000
 -2.300000000000000E-002  0.000000000000000E+000
 -2.200000000000000E-002  0.000000000000000E+000
 -2.100000000000000E-002  0.000000000000000E+000
 -2.000000000000000E-002  0.000000000000000E+000
 -1.900000000000000E-002  2.631413609206680E-003
 -1.800000000000000E-002   1.04706093777122     
 -1.700000000000000E-002  0.736427648619573     
 -1.600000000000000E-002  0.464770639142111     
 -1.500000000000000E-002   1.46543501736681     
 -1.400000000000000E-002   1.43553593314106     
 -1.300000000000000E-002  0.430141268262407     
 -1.200000000000000E-002  0.149171285011368     
 -1.100000000000000E-002  0.372313280021833     
 -1.000000000000000E-002   1.02789355054524     
 -9.000000000000001E-003  0.965096154864305     
 -8.000000000000000E-003   1.45905930297559     
 -6.999999999999999E-003   5.98266786558701     
 -6.000000000000002E-003   6.49937663064611     
 -5.000000000000001E-003   10.3775504026360     
 -4.000000000000000E-003   12.3604542696551     
 -3.000000000000003E-003   9.62981618636068     
 -2.000000000000002E-003   11.5304830936913     
 -1.000000000000001E-003   6.67843505788531     
  0.000000000000000E+000   3.18344666312159     
  1.000000000000001E-003   2.06413834191287     
  1.999999999999998E-003   3.75755747084023     
  2.999999999999999E-003   4.65685615490479     
  4.000000000000000E-003   3.75725111962669     
  4.999999999999998E-003   2.21609598646559     
  5.999999999999998E-003   1.60333958122752     
  6.999999999999999E-003   5.20381546959036     
  8.000000000000000E-003   4.28277674250659     
  9.000000000000001E-003   3.29932580994813     
  1.000000000000000E-002   6.50576203225375     
  1.100000000000000E-002   4.42649584428990     
  1.200000000000000E-002   2.71967994018980     
  1.300000000000000E-002   2.67287627899204     
  1.400000000000000E-002   1.62892262633790     
  1.500000000000000E-002  0.000000000000000E+000
  1.600000000000000E-002  0.000000000000000E+000
  1.700000000000000E-002  0.000000000000000E+000
  1.800000000000000E-002  0.000000000000000E+000
  1.900000000000000E-002  0.000000000000000E+000
  2.000000000000000E-002  0.000000000000000E+000
  2.100000000000000E-002  0.000000000000000E+000
  2.200000000000000E-002  0.000000000000000E+000
  2.300000000000000E-002  0.000000000000000E+000
  2.400000000000000E-002  0.000000000000000E+000
  2.500000000000000E-002  0.000000000000000E+000
