 -2.500000000000000E-002  0.000000000000000E+000
 -2.400000000000000E-002  0.000000000000000E+000
 -2.300000000000000E-002  0.000000000000000E+000
 -2.200000000000000E-002  0.000000000000000E+000
 -2.100000000000000E-002  0.000000000000000E+000
 -2.000000000000000E-002  0.000000000000000E+000
 -1.900000000000000E-002  0.000000000000000E+000
 -1.800000000000000E-002  0.000000000000000E+000
 -1.700000000000000E-002  0.000000000000000E+000
 -1.600000000000000E-002  0.000000000000000E+000
 -1.500000000000000E-002  0.000000000000000E+000
 -1.400000000000000E-002  0.000000000000000E+000
 -1.300000000000000E-002  0.000000000000000E+000
 -1.200000000000000E-002  0.000000000000000E+000
 -1.100000000000000E-002  0.000000000000000E+000
 -1.000000000000000E-002  0.000000000000000E+000
 -9.000000000000001E-003  0.000000000000000E+000
 -8.000000000000000E-003  0.000000000000000E+000
 -6.999999999999999E-003  0.356026624908430     
 -6.000000000000002E-003   2.91616840292088     
 -5.000000000000001E-003   6.13276398954324     
 -4.000000000000000E-003   20.4095241050696     
 -3.000000000000003E-003   25.7489807119660     
 -2.000000000000002E-003   29.2309950597199     
 -1.000000000000001E-003   19.5755268415285     
  0.000000000000000E+000   21.0039888035134     
  1.000000000000001E-003   22.3680505354336     
  1.999999999999998E-003   12.7691948874509     
  2.999999999999999E-003   2.00539113371242     
  4.000000000000000E-003   1.55247943519728     
  4.999999999999998E-003   2.04430687414539     
  5.999999999999998E-003   1.46803788908301     
  6.999999999999999E-003  0.957350947515483     
  8.000000000000000E-003   1.37428159363035     
  9.000000000000001E-003   1.86371905842658     
  1.000000000000000E-002   1.96252789544825     
  1.100000000000000E-002   3.78633360030382     
  1.200000000000000E-002   4.62376102056399     
  1.300000000000000E-002   2.80725405763974     
  1.400000000000000E-002   1.07514457512771     
  1.500000000000000E-002  0.161471957151523     
  1.600000000000000E-002  0.000000000000000E+000
  1.700000000000000E-002  0.000000000000000E+000
  1.800000000000000E-002  0.000000000000000E+000
  1.900000000000000E-002  0.000000000000000E+000
  2.000000000000000E-002  0.000000000000000E+000
  2.100000000000000E-002  0.000000000000000E+000
  2.200000000000000E-002  0.000000000000000E+000
  2.300000000000000E-002  0.000000000000000E+000
  2.400000000000000E-002  0.000000000000000E+000
  2.500000000000000E-002  0.000000000000000E+000
