 -2.500000000000000E-002  0.000000000000000E+000
 -2.400000000000000E-002  0.000000000000000E+000
 -2.300000000000000E-002  0.000000000000000E+000
 -2.200000000000000E-002  0.000000000000000E+000
 -2.100000000000000E-002  0.000000000000000E+000
 -2.000000000000000E-002  0.000000000000000E+000
 -1.900000000000000E-002  0.000000000000000E+000
 -1.800000000000000E-002  0.000000000000000E+000
 -1.700000000000000E-002  0.000000000000000E+000
 -1.600000000000000E-002  0.000000000000000E+000
 -1.500000000000000E-002  0.000000000000000E+000
 -1.400000000000000E-002  0.000000000000000E+000
 -1.300000000000000E-002  0.000000000000000E+000
 -1.200000000000000E-002  0.000000000000000E+000
 -1.100000000000000E-002  0.000000000000000E+000
 -1.000000000000000E-002  0.000000000000000E+000
 -9.000000000000001E-003  0.000000000000000E+000
 -8.000000000000000E-003  0.000000000000000E+000
 -6.999999999999999E-003  0.000000000000000E+000
 -6.000000000000002E-003  2.052286599117058E-002
 -5.000000000000001E-003   5.60149909214024     
 -4.000000000000000E-003   21.7530649150644     
 -3.000000000000003E-003   35.2592616969672     
 -2.000000000000002E-003   31.1973643977152     
 -1.000000000000001E-003   34.9813091377845     
  0.000000000000000E+000   37.9237957669582     
  1.000000000000001E-003   11.8230711841935     
  1.999999999999998E-003   3.80276411085757     
  2.999999999999999E-003   5.31936786853500     
  4.000000000000000E-003   2.80968290456902     
  4.999999999999998E-003   1.99618526234472     
  5.999999999999998E-003  0.950730705601034     
  6.999999999999999E-003  0.949650973038665     
  8.000000000000000E-003   1.03012823298971     
  9.000000000000001E-003  0.210949487111318     
  1.000000000000000E-002  0.541911936011643     
  1.100000000000000E-002   1.30214452473854     
  1.200000000000000E-002   3.20697609312883     
  1.300000000000000E-002   2.99197184141657     
  1.400000000000000E-002  0.392843611746150     
  1.500000000000000E-002   2.76751369115193     
  1.600000000000000E-002   4.33322188306213     
  1.700000000000000E-002   1.22328781688275     
  1.800000000000000E-002  0.000000000000000E+000
  1.900000000000000E-002  0.000000000000000E+000
  2.000000000000000E-002  0.000000000000000E+000
  2.100000000000000E-002  0.000000000000000E+000
  2.200000000000000E-002  0.000000000000000E+000
  2.300000000000000E-002  0.000000000000000E+000
  2.400000000000000E-002  0.000000000000000E+000
  2.500000000000000E-002  0.000000000000000E+000
