 -2.500000000000000E-002  0.000000000000000E+000
 -2.400000000000000E-002  0.000000000000000E+000
 -2.300000000000000E-002  0.000000000000000E+000
 -2.200000000000000E-002  0.000000000000000E+000
 -2.100000000000000E-002  0.000000000000000E+000
 -2.000000000000000E-002  0.000000000000000E+000
 -1.900000000000000E-002  0.000000000000000E+000
 -1.800000000000000E-002  0.000000000000000E+000
 -1.700000000000000E-002  0.000000000000000E+000
 -1.600000000000000E-002  0.000000000000000E+000
 -1.500000000000000E-002  0.000000000000000E+000
 -1.400000000000000E-002  0.000000000000000E+000
 -1.300000000000000E-002  0.000000000000000E+000
 -1.200000000000000E-002  0.000000000000000E+000
 -1.100000000000000E-002  0.495917716889710     
 -1.000000000000000E-002   3.31655132841713     
 -9.000000000000001E-003   4.48741892680069     
 -8.000000000000000E-003   2.72609575027853     
 -6.999999999999999E-003   4.00317963247271     
 -6.000000000000002E-003   3.35259641285820     
 -5.000000000000001E-003   7.08873988227285     
 -4.000000000000000E-003   15.8404249664056     
 -3.000000000000003E-003   17.3108560931294     
 -2.000000000000002E-003   20.8008317818145     
 -1.000000000000001E-003   27.6342153080843     
  0.000000000000000E+000   20.0314143241094     
  1.000000000000001E-003   12.1689848953158     
  1.999999999999998E-003   3.16621915023287     
  2.999999999999999E-003   4.53809337166628     
  4.000000000000000E-003   4.67079222154170     
  4.999999999999998E-003   2.42771313657160     
  5.999999999999998E-003   1.69770868199549     
  6.999999999999999E-003   1.86166672063839     
  8.000000000000000E-003   1.13056277626722     
  9.000000000000001E-003   1.32330574655702     
  1.000000000000000E-002   1.73120367292331     
  1.100000000000000E-002   1.50346677866163     
  1.200000000000000E-002   1.00259446913015     
  1.300000000000000E-002   2.28193650302373     
  1.400000000000000E-002   3.29760775372302     
  1.500000000000000E-002   1.56351454390775     
  1.600000000000000E-002   1.27378999289368     
  1.700000000000000E-002   1.33011654988545     
  1.800000000000000E-002  0.863213141491657     
  1.900000000000000E-002   1.16683664946019     
  2.000000000000000E-002   1.22538173284850     
  2.100000000000000E-002  0.387889387731526     
  2.200000000000000E-002  0.000000000000000E+000
  2.300000000000000E-002  0.000000000000000E+000
  2.400000000000000E-002  0.000000000000000E+000
  2.500000000000000E-002  0.000000000000000E+000
