 -2.500000000000000E-002  0.000000000000000E+000
 -2.400000000000000E-002  0.000000000000000E+000
 -2.300000000000000E-002  0.000000000000000E+000
 -2.200000000000000E-002  0.000000000000000E+000
 -2.100000000000000E-002  0.000000000000000E+000
 -2.000000000000000E-002  0.000000000000000E+000
 -1.900000000000000E-002  0.000000000000000E+000
 -1.800000000000000E-002  0.000000000000000E+000
 -1.700000000000000E-002  0.000000000000000E+000
 -1.600000000000000E-002  0.000000000000000E+000
 -1.500000000000000E-002  9.511827272748231E-002
 -1.400000000000000E-002  0.602627331440021     
 -1.300000000000000E-002   1.14935351651964     
 -1.200000000000000E-002  0.359792896985614     
 -1.100000000000000E-002  0.101009217993584     
 -1.000000000000000E-002  0.918269947530087     
 -9.000000000000001E-003   1.36494806885817     
 -8.000000000000000E-003   1.04351286864155     
 -6.999999999999999E-003  0.482137879303862     
 -6.000000000000002E-003  0.826388446323713     
 -5.000000000000001E-003   1.57131098320535     
 -4.000000000000000E-003   6.72308948607159     
 -3.000000000000003E-003   19.3752410837620     
 -2.000000000000002E-003   22.4246633985048     
 -1.000000000000001E-003   19.6356696873559     
  0.000000000000000E+000   14.8011340531366     
  1.000000000000001E-003   15.7888224451933     
  1.999999999999998E-003   13.9106134995516     
  2.999999999999999E-003   6.61396527202845     
  4.000000000000000E-003   2.02294268983712     
  4.999999999999998E-003   1.18672317325913     
  5.999999999999998E-003  0.615247597486311     
  6.999999999999999E-003   1.02127043506598     
  8.000000000000000E-003  0.513544064213284     
  9.000000000000001E-003   1.07495524362968     
  1.000000000000000E-002  0.597506590918253     
  1.100000000000000E-002   2.17092742845231     
  1.200000000000000E-002   2.27229787339038     
  1.300000000000000E-002   1.85942561349047     
  1.400000000000000E-002   1.28886085734444     
  1.500000000000000E-002   1.04564469786775     
  1.600000000000000E-002  0.319155379911534     
  1.700000000000000E-002  0.000000000000000E+000
  1.800000000000000E-002  0.000000000000000E+000
  1.900000000000000E-002  0.000000000000000E+000
  2.000000000000000E-002  0.000000000000000E+000
  2.100000000000000E-002  0.000000000000000E+000
  2.200000000000000E-002  0.000000000000000E+000
  2.300000000000000E-002  0.000000000000000E+000
  2.400000000000000E-002  0.000000000000000E+000
  2.500000000000000E-002  0.000000000000000E+000
