 -2.500000000000000E-002  0.000000000000000E+000
 -2.400000000000000E-002  0.000000000000000E+000
 -2.300000000000000E-002  0.000000000000000E+000
 -2.200000000000000E-002  0.000000000000000E+000
 -2.100000000000000E-002  0.000000000000000E+000
 -2.000000000000000E-002  0.000000000000000E+000
 -1.900000000000000E-002  0.000000000000000E+000
 -1.800000000000000E-002  0.000000000000000E+000
 -1.700000000000000E-002  0.000000000000000E+000
 -1.600000000000000E-002  0.000000000000000E+000
 -1.500000000000000E-002  0.000000000000000E+000
 -1.400000000000000E-002  0.000000000000000E+000
 -1.300000000000000E-002  0.000000000000000E+000
 -1.200000000000000E-002  0.000000000000000E+000
 -1.100000000000000E-002  0.000000000000000E+000
 -1.000000000000000E-002  0.000000000000000E+000
 -9.000000000000001E-003  0.000000000000000E+000
 -8.000000000000000E-003  0.000000000000000E+000
 -6.999999999999999E-003  5.044121792344101E-002
 -6.000000000000002E-003   3.46510849999739     
 -5.000000000000001E-003   10.7155767845210     
 -4.000000000000000E-003   17.9109595148974     
 -3.000000000000003E-003   22.4694320420429     
 -2.000000000000002E-003   21.2932311497697     
 -1.000000000000001E-003   19.6060130518927     
  0.000000000000000E+000   19.9870138004448     
  1.000000000000001E-003   18.5191986555826     
  1.999999999999998E-003   16.4386889726271     
  2.999999999999999E-003   9.51347336571576     
  4.000000000000000E-003   6.39954504677885     
  4.999999999999998E-003   5.88754583068719     
  5.999999999999998E-003   9.43366018690295     
  6.999999999999999E-003   6.30296291488094     
  8.000000000000000E-003   4.06446665843647     
  9.000000000000001E-003  0.377932306898693     
  1.000000000000000E-002  0.000000000000000E+000
  1.100000000000000E-002  0.000000000000000E+000
  1.200000000000000E-002  0.000000000000000E+000
  1.300000000000000E-002  0.000000000000000E+000
  1.400000000000000E-002  0.000000000000000E+000
  1.500000000000000E-002  0.000000000000000E+000
  1.600000000000000E-002  0.000000000000000E+000
  1.700000000000000E-002  0.000000000000000E+000
  1.800000000000000E-002  0.000000000000000E+000
  1.900000000000000E-002  0.000000000000000E+000
  2.000000000000000E-002  0.000000000000000E+000
  2.100000000000000E-002  0.000000000000000E+000
  2.200000000000000E-002  0.000000000000000E+000
  2.300000000000000E-002  0.000000000000000E+000
  2.400000000000000E-002  0.000000000000000E+000
  2.500000000000000E-002  0.000000000000000E+000
