 -2.500000000000000E-002  0.000000000000000E+000
 -2.400000000000000E-002  0.000000000000000E+000
 -2.300000000000000E-002  0.000000000000000E+000
 -2.200000000000000E-002  0.000000000000000E+000
 -2.100000000000000E-002  0.000000000000000E+000
 -2.000000000000000E-002  0.000000000000000E+000
 -1.900000000000000E-002  0.000000000000000E+000
 -1.800000000000000E-002  0.000000000000000E+000
 -1.700000000000000E-002  0.000000000000000E+000
 -1.600000000000000E-002  0.000000000000000E+000
 -1.500000000000000E-002  0.000000000000000E+000
 -1.400000000000000E-002  0.000000000000000E+000
 -1.300000000000000E-002  0.000000000000000E+000
 -1.200000000000000E-002  0.000000000000000E+000
 -1.100000000000000E-002  6.607879024385985E-002
 -1.000000000000000E-002   1.15432039434579     
 -9.000000000000001E-003   1.84231537619615     
 -8.000000000000000E-003   1.88284046377565     
 -6.999999999999999E-003   1.51455174860659     
 -6.000000000000002E-003   1.94033619202927     
 -5.000000000000001E-003   2.24548275798711     
 -4.000000000000000E-003   2.11185113251990     
 -3.000000000000003E-003   2.92427133160279     
 -2.000000000000002E-003   3.37261822401128     
 -1.000000000000001E-003   7.48827857173608     
  0.000000000000000E+000   16.8015121697680     
  1.000000000000001E-003   13.8052435088698     
  1.999999999999998E-003   3.00173629319793     
  2.999999999999999E-003   2.03173293811820     
  4.000000000000000E-003   2.93251254850700     
  4.999999999999998E-003   4.43368701982373     
  5.999999999999998E-003   5.80657381656063     
  6.999999999999999E-003   2.04294672210036     
  8.000000000000000E-003  0.000000000000000E+000
  9.000000000000001E-003  0.000000000000000E+000
  1.000000000000000E-002  0.000000000000000E+000
  1.100000000000000E-002  0.000000000000000E+000
  1.200000000000000E-002  0.000000000000000E+000
  1.300000000000000E-002  0.000000000000000E+000
  1.400000000000000E-002  0.000000000000000E+000
  1.500000000000000E-002  0.000000000000000E+000
  1.600000000000000E-002  0.000000000000000E+000
  1.700000000000000E-002  0.000000000000000E+000
  1.800000000000000E-002  0.000000000000000E+000
  1.900000000000000E-002  0.000000000000000E+000
  2.000000000000000E-002  0.000000000000000E+000
  2.100000000000000E-002  0.000000000000000E+000
  2.200000000000000E-002  0.000000000000000E+000
  2.300000000000000E-002  0.000000000000000E+000
  2.400000000000000E-002  0.000000000000000E+000
  2.500000000000000E-002  0.000000000000000E+000
