 -2.500000000000000E-002  0.000000000000000E+000
 -2.400000000000000E-002  0.000000000000000E+000
 -2.300000000000000E-002  0.000000000000000E+000
 -2.200000000000000E-002  0.000000000000000E+000
 -2.100000000000000E-002  0.000000000000000E+000
 -2.000000000000000E-002  0.000000000000000E+000
 -1.900000000000000E-002  0.000000000000000E+000
 -1.800000000000000E-002  0.000000000000000E+000
 -1.700000000000000E-002  0.000000000000000E+000
 -1.600000000000000E-002  0.000000000000000E+000
 -1.500000000000000E-002  0.000000000000000E+000
 -1.400000000000000E-002  0.000000000000000E+000
 -1.300000000000000E-002  0.000000000000000E+000
 -1.200000000000000E-002  0.000000000000000E+000
 -1.100000000000000E-002  0.000000000000000E+000
 -1.000000000000000E-002  0.000000000000000E+000
 -9.000000000000001E-003  0.000000000000000E+000
 -8.000000000000000E-003  0.000000000000000E+000
 -6.999999999999999E-003  0.000000000000000E+000
 -6.000000000000002E-003  0.000000000000000E+000
 -5.000000000000001E-003  0.000000000000000E+000
 -4.000000000000000E-003   2.80528115993576     
 -3.000000000000003E-003   33.8808150810625     
 -2.000000000000002E-003   72.4456570236225     
 -1.000000000000001E-003   78.7884885188436     
  0.000000000000000E+000   62.3482994268606     
  1.000000000000001E-003   44.3835164811736     
  1.999999999999998E-003   38.5010794272906     
  2.999999999999999E-003   21.8177380646472     
  4.000000000000000E-003   1.64258877355869     
  4.999999999999998E-003  0.430647621689875     
  5.999999999999998E-003   1.45415452561276     
  6.999999999999999E-003   1.07646415848370     
  8.000000000000000E-003  0.303447080024062     
  9.000000000000001E-003  0.712892557224578     
  1.000000000000000E-002   1.38442363766562     
  1.100000000000000E-002   2.71597518087502     
  1.200000000000000E-002   1.74787288959377     
  1.300000000000000E-002  0.937532031004870     
  1.400000000000000E-002   1.75538282442040     
  1.500000000000000E-002  0.310053536410390     
  1.600000000000000E-002  0.000000000000000E+000
  1.700000000000000E-002  0.000000000000000E+000
  1.800000000000000E-002  0.000000000000000E+000
  1.900000000000000E-002  0.000000000000000E+000
  2.000000000000000E-002  0.000000000000000E+000
  2.100000000000000E-002  0.000000000000000E+000
  2.200000000000000E-002  0.000000000000000E+000
  2.300000000000000E-002  0.000000000000000E+000
  2.400000000000000E-002  0.000000000000000E+000
  2.500000000000000E-002  0.000000000000000E+000
