 -2.500000000000000E-002  0.000000000000000E+000
 -2.400000000000000E-002  0.000000000000000E+000
 -2.300000000000000E-002  0.000000000000000E+000
 -2.200000000000000E-002  0.000000000000000E+000
 -2.100000000000000E-002  0.000000000000000E+000
 -2.000000000000000E-002  0.000000000000000E+000
 -1.900000000000000E-002  0.000000000000000E+000
 -1.800000000000000E-002  0.000000000000000E+000
 -1.700000000000000E-002  0.000000000000000E+000
 -1.600000000000000E-002  0.000000000000000E+000
 -1.500000000000000E-002  0.000000000000000E+000
 -1.400000000000000E-002  0.000000000000000E+000
 -1.300000000000000E-002  0.000000000000000E+000
 -1.200000000000000E-002  0.000000000000000E+000
 -1.100000000000000E-002  0.000000000000000E+000
 -1.000000000000000E-002  0.000000000000000E+000
 -9.000000000000001E-003  0.000000000000000E+000
 -8.000000000000000E-003  0.000000000000000E+000
 -6.999999999999999E-003  0.000000000000000E+000
 -6.000000000000002E-003  3.526502085026671E-002
 -5.000000000000001E-003   3.96652484106127     
 -4.000000000000000E-003   17.2883210921832     
 -3.000000000000003E-003   25.8003664924873     
 -2.000000000000002E-003   27.4908538421414     
 -1.000000000000001E-003   26.9286821536050     
  0.000000000000000E+000   19.9587495462256     
  1.000000000000001E-003   21.3131560182119     
  1.999999999999998E-003   7.91985252225175     
  2.999999999999999E-003   3.80533227706924     
  4.000000000000000E-003   1.67080209533129     
  4.999999999999998E-003   1.97869043059585     
  5.999999999999998E-003   2.30624490308361     
  6.999999999999999E-003   1.17638904540604     
  8.000000000000000E-003   1.43040728745289     
  9.000000000000001E-003   2.34474013695502     
  1.000000000000000E-002   3.51938206636407     
  1.100000000000000E-002   1.99914823193529     
  1.200000000000000E-002   2.82450616368074     
  1.300000000000000E-002   2.20475007197593     
  1.400000000000000E-002  0.498785761132383     
  1.500000000000000E-002  0.000000000000000E+000
  1.600000000000000E-002  0.000000000000000E+000
  1.700000000000000E-002  0.000000000000000E+000
  1.800000000000000E-002  0.000000000000000E+000
  1.900000000000000E-002  0.000000000000000E+000
  2.000000000000000E-002  0.000000000000000E+000
  2.100000000000000E-002  0.000000000000000E+000
  2.200000000000000E-002  0.000000000000000E+000
  2.300000000000000E-002  0.000000000000000E+000
  2.400000000000000E-002  0.000000000000000E+000
  2.500000000000000E-002  0.000000000000000E+000
