 -2.500000000000000E-002  0.000000000000000E+000
 -2.400000000000000E-002  0.000000000000000E+000
 -2.300000000000000E-002  0.000000000000000E+000
 -2.200000000000000E-002  0.000000000000000E+000
 -2.100000000000000E-002  0.000000000000000E+000
 -2.000000000000000E-002  0.000000000000000E+000
 -1.900000000000000E-002  0.000000000000000E+000
 -1.800000000000000E-002  0.000000000000000E+000
 -1.700000000000000E-002  0.000000000000000E+000
 -1.600000000000000E-002  0.000000000000000E+000
 -1.500000000000000E-002  0.000000000000000E+000
 -1.400000000000000E-002  0.000000000000000E+000
 -1.300000000000000E-002  0.000000000000000E+000
 -1.200000000000000E-002  0.000000000000000E+000
 -1.100000000000000E-002  0.000000000000000E+000
 -1.000000000000000E-002  0.000000000000000E+000
 -9.000000000000001E-003  0.000000000000000E+000
 -8.000000000000000E-003  0.000000000000000E+000
 -6.999999999999999E-003  1.306232890714489E-002
 -6.000000000000002E-003   1.64655149293890     
 -5.000000000000001E-003   4.45319464392616     
 -4.000000000000000E-003   15.5798517807934     
 -3.000000000000003E-003   20.0045936314661     
 -2.000000000000002E-003   24.0327783182874     
 -1.000000000000001E-003   17.9775723491027     
  0.000000000000000E+000   19.4829715235582     
  1.000000000000001E-003   20.9418753092402     
  1.999999999999998E-003   13.0362607763268     
  2.999999999999999E-003   6.95474864491300     
  4.000000000000000E-003   3.90041301585097     
  4.999999999999998E-003   6.04470201860883     
  5.999999999999998E-003   5.13135229319685     
  6.999999999999999E-003   3.93624301334354     
  8.000000000000000E-003   3.76505660577295     
  9.000000000000001E-003   1.46079851311421     
  1.000000000000000E-002  0.216983740652696     
  1.100000000000000E-002  0.000000000000000E+000
  1.200000000000000E-002  0.000000000000000E+000
  1.300000000000000E-002  0.000000000000000E+000
  1.400000000000000E-002  0.000000000000000E+000
  1.500000000000000E-002  0.000000000000000E+000
  1.600000000000000E-002  0.000000000000000E+000
  1.700000000000000E-002  0.000000000000000E+000
  1.800000000000000E-002  0.000000000000000E+000
  1.900000000000000E-002  0.000000000000000E+000
  2.000000000000000E-002  0.000000000000000E+000
  2.100000000000000E-002  0.000000000000000E+000
  2.200000000000000E-002  0.000000000000000E+000
  2.300000000000000E-002  0.000000000000000E+000
  2.400000000000000E-002  0.000000000000000E+000
  2.500000000000000E-002  0.000000000000000E+000
