 -2.500000000000000E-002  0.000000000000000E+000
 -2.400000000000000E-002  0.000000000000000E+000
 -2.300000000000000E-002  0.000000000000000E+000
 -2.200000000000000E-002  0.000000000000000E+000
 -2.100000000000000E-002  0.000000000000000E+000
 -2.000000000000000E-002  0.000000000000000E+000
 -1.900000000000000E-002  0.000000000000000E+000
 -1.800000000000000E-002  0.000000000000000E+000
 -1.700000000000000E-002  0.000000000000000E+000
 -1.600000000000000E-002  0.000000000000000E+000
 -1.500000000000000E-002  0.000000000000000E+000
 -1.400000000000000E-002  0.000000000000000E+000
 -1.300000000000000E-002  0.000000000000000E+000
 -1.200000000000000E-002  0.000000000000000E+000
 -1.100000000000000E-002  0.000000000000000E+000
 -1.000000000000000E-002  0.000000000000000E+000
 -9.000000000000001E-003  0.000000000000000E+000
 -8.000000000000000E-003  8.505699287490956E-002
 -6.999999999999999E-003   2.29542080613270     
 -6.000000000000002E-003   3.89072599472919     
 -5.000000000000001E-003   4.37538095792773     
 -4.000000000000000E-003   7.60833970348319     
 -3.000000000000003E-003   22.2551261448339     
 -2.000000000000002E-003   22.3125781285434     
 -1.000000000000001E-003   19.9114606913809     
  0.000000000000000E+000   15.5932611115880     
  1.000000000000001E-003   11.9990568051355     
  1.999999999999998E-003   13.6284103326800     
  2.999999999999999E-003   7.34477827655772     
  4.000000000000000E-003   2.41400665922041     
  4.999999999999998E-003   3.46671566264080     
  5.999999999999998E-003   10.8723791250784     
  6.999999999999999E-003   8.14558619899946     
  8.000000000000000E-003   1.44612640819384     
  9.000000000000001E-003  0.000000000000000E+000
  1.000000000000000E-002  0.000000000000000E+000
  1.100000000000000E-002  0.000000000000000E+000
  1.200000000000000E-002  0.000000000000000E+000
  1.300000000000000E-002  0.000000000000000E+000
  1.400000000000000E-002  0.000000000000000E+000
  1.500000000000000E-002  0.000000000000000E+000
  1.600000000000000E-002  0.000000000000000E+000
  1.700000000000000E-002  0.000000000000000E+000
  1.800000000000000E-002  0.000000000000000E+000
  1.900000000000000E-002  0.000000000000000E+000
  2.000000000000000E-002  0.000000000000000E+000
  2.100000000000000E-002  0.000000000000000E+000
  2.200000000000000E-002  0.000000000000000E+000
  2.300000000000000E-002  0.000000000000000E+000
  2.400000000000000E-002  0.000000000000000E+000
  2.500000000000000E-002  0.000000000000000E+000
