 -2.500000000000000E-002  0.000000000000000E+000
 -2.400000000000000E-002  0.000000000000000E+000
 -2.300000000000000E-002  0.000000000000000E+000
 -2.200000000000000E-002  0.000000000000000E+000
 -2.100000000000000E-002  0.000000000000000E+000
 -2.000000000000000E-002  0.000000000000000E+000
 -1.900000000000000E-002  0.000000000000000E+000
 -1.800000000000000E-002  0.000000000000000E+000
 -1.700000000000000E-002  0.000000000000000E+000
 -1.600000000000000E-002  0.000000000000000E+000
 -1.500000000000000E-002  0.000000000000000E+000
 -1.400000000000000E-002  0.000000000000000E+000
 -1.300000000000000E-002  0.000000000000000E+000
 -1.200000000000000E-002  0.000000000000000E+000
 -1.100000000000000E-002  0.000000000000000E+000
 -1.000000000000000E-002  0.261785416350284     
 -9.000000000000001E-003   4.70665986173403     
 -8.000000000000000E-003   7.83049849808082     
 -6.999999999999999E-003   9.87302761201298     
 -6.000000000000002E-003   7.23736838438287     
 -5.000000000000001E-003   9.78039125395794     
 -4.000000000000000E-003   12.1311126696854     
 -3.000000000000003E-003   20.6416166305053     
 -2.000000000000002E-003   14.6952731184012     
 -1.000000000000001E-003   8.10635293271335     
  0.000000000000000E+000   5.67347441015205     
  1.000000000000001E-003   4.22838391025466     
  1.999999999999998E-003   5.70458267420118     
  2.999999999999999E-003   6.26251256795229     
  4.000000000000000E-003   6.74662554019234     
  4.999999999999998E-003   16.3404018329968     
  5.999999999999998E-003   14.1126347993713     
  6.999999999999999E-003   6.65933103362128     
  8.000000000000000E-003   5.71827531824284     
  9.000000000000001E-003   5.89456933860910     
  1.000000000000000E-002   4.23724547680655     
  1.100000000000000E-002  0.231306719775483     
  1.200000000000000E-002  0.000000000000000E+000
  1.300000000000000E-002  0.000000000000000E+000
  1.400000000000000E-002  0.000000000000000E+000
  1.500000000000000E-002  0.000000000000000E+000
  1.600000000000000E-002  0.000000000000000E+000
  1.700000000000000E-002  0.000000000000000E+000
  1.800000000000000E-002  0.000000000000000E+000
  1.900000000000000E-002  0.000000000000000E+000
  2.000000000000000E-002  0.000000000000000E+000
  2.100000000000000E-002  0.000000000000000E+000
  2.200000000000000E-002  0.000000000000000E+000
  2.300000000000000E-002  0.000000000000000E+000
  2.400000000000000E-002  0.000000000000000E+000
  2.500000000000000E-002  0.000000000000000E+000
