 -2.500000000000000E-002  0.000000000000000E+000
 -2.400000000000000E-002  0.000000000000000E+000
 -2.300000000000000E-002  0.000000000000000E+000
 -2.200000000000000E-002  0.000000000000000E+000
 -2.100000000000000E-002  0.000000000000000E+000
 -2.000000000000000E-002  0.000000000000000E+000
 -1.900000000000000E-002  0.000000000000000E+000
 -1.800000000000000E-002  0.000000000000000E+000
 -1.700000000000000E-002  0.000000000000000E+000
 -1.600000000000000E-002  0.151931837672332     
 -1.500000000000000E-002  0.482659484888320     
 -1.400000000000000E-002   1.55251812128814     
 -1.300000000000000E-002  0.619640556151207     
 -1.200000000000000E-002  0.475485136350282     
 -1.100000000000000E-002  0.905278791661993     
 -1.000000000000000E-002   2.34873297650769     
 -9.000000000000001E-003   4.13470787500027     
 -8.000000000000000E-003   2.12801706160728     
 -6.999999999999999E-003   3.50637264911875     
 -6.000000000000002E-003   3.86222194724146     
 -5.000000000000001E-003   4.49918943130214     
 -4.000000000000000E-003   8.34233946568207     
 -3.000000000000003E-003   19.4138488177624     
 -2.000000000000002E-003   29.8653381872465     
 -1.000000000000001E-003   26.9607040698633     
  0.000000000000000E+000   19.7843768506629     
  1.000000000000001E-003   11.4516683871291     
  1.999999999999998E-003   8.97378379948004     
  2.999999999999999E-003   2.63946583495613     
  4.000000000000000E-003   3.15758644607161     
  4.999999999999998E-003   2.66560997508186     
  5.999999999999998E-003   1.67855825714972     
  6.999999999999999E-003   1.59189603973099     
  8.000000000000000E-003   1.52824925985164     
  9.000000000000001E-003   1.55200890048035     
  1.000000000000000E-002   2.43256941430081     
  1.100000000000000E-002   1.95260218997008     
  1.200000000000000E-002   1.81852946699157     
  1.300000000000000E-002   2.52486988746862     
  1.400000000000000E-002   3.14569002685292     
  1.500000000000000E-002   3.22765648882303     
  1.600000000000000E-002  0.712866850053901     
  1.700000000000000E-002  0.520295515600579     
  1.800000000000000E-002  0.487536559729944     
  1.900000000000000E-002  0.601503440270049     
  2.000000000000000E-002  0.730743108403975     
  2.100000000000000E-002  0.647056915783880     
  2.200000000000000E-002  0.177969975812145     
  2.300000000000000E-002  0.000000000000000E+000
  2.400000000000000E-002  0.000000000000000E+000
  2.500000000000000E-002  0.000000000000000E+000
