 -2.500000000000000E-002  0.000000000000000E+000
 -2.400000000000000E-002  0.000000000000000E+000
 -2.300000000000000E-002  0.000000000000000E+000
 -2.200000000000000E-002  0.000000000000000E+000
 -2.100000000000000E-002  0.000000000000000E+000
 -2.000000000000000E-002  0.000000000000000E+000
 -1.900000000000000E-002  0.000000000000000E+000
 -1.800000000000000E-002  0.000000000000000E+000
 -1.700000000000000E-002  0.000000000000000E+000
 -1.600000000000000E-002  0.000000000000000E+000
 -1.500000000000000E-002  0.000000000000000E+000
 -1.400000000000000E-002  0.000000000000000E+000
 -1.300000000000000E-002  0.000000000000000E+000
 -1.200000000000000E-002  0.000000000000000E+000
 -1.100000000000000E-002  0.000000000000000E+000
 -1.000000000000000E-002  0.000000000000000E+000
 -9.000000000000001E-003  0.000000000000000E+000
 -8.000000000000000E-003  0.000000000000000E+000
 -6.999999999999999E-003   1.52028288867660     
 -6.000000000000002E-003   7.19694884977760     
 -5.000000000000001E-003   10.9283899036123     
 -4.000000000000000E-003   11.0817160488712     
 -3.000000000000003E-003   17.9701137695323     
 -2.000000000000002E-003   33.9449797605529     
 -1.000000000000001E-003   38.8754743682535     
  0.000000000000000E+000   28.7623527060709     
  1.000000000000001E-003   21.0516467530952     
  1.999999999999998E-003   17.6352860683504     
  2.999999999999999E-003   9.09621216499159     
  4.000000000000000E-003   2.10885126114763     
  4.999999999999998E-003  0.940502273621368     
  5.999999999999998E-003  0.669050280069421     
  6.999999999999999E-003   1.21780867888124     
  8.000000000000000E-003   1.17429555720929     
  9.000000000000001E-003   2.28216082212274     
  1.000000000000000E-002   1.52928878872854     
  1.100000000000000E-002   4.35081293516985     
  1.200000000000000E-002   4.07533130695810     
  1.300000000000000E-002   2.31472613175469     
  1.400000000000000E-002   1.65453823085351     
  1.500000000000000E-002  0.261610451699085     
  1.600000000000000E-002  0.000000000000000E+000
  1.700000000000000E-002  0.000000000000000E+000
  1.800000000000000E-002  0.000000000000000E+000
  1.900000000000000E-002  0.000000000000000E+000
  2.000000000000000E-002  0.000000000000000E+000
  2.100000000000000E-002  0.000000000000000E+000
  2.200000000000000E-002  0.000000000000000E+000
  2.300000000000000E-002  0.000000000000000E+000
  2.400000000000000E-002  0.000000000000000E+000
  2.500000000000000E-002  0.000000000000000E+000
