 -2.500000000000000E-002  0.000000000000000E+000
 -2.400000000000000E-002  0.000000000000000E+000
 -2.300000000000000E-002  0.000000000000000E+000
 -2.200000000000000E-002  0.000000000000000E+000
 -2.100000000000000E-002  0.000000000000000E+000
 -2.000000000000000E-002  0.000000000000000E+000
 -1.900000000000000E-002  0.000000000000000E+000
 -1.800000000000000E-002  0.000000000000000E+000
 -1.700000000000000E-002  0.000000000000000E+000
 -1.600000000000000E-002  0.000000000000000E+000
 -1.500000000000000E-002  0.000000000000000E+000
 -1.400000000000000E-002  0.000000000000000E+000
 -1.300000000000000E-002  0.000000000000000E+000
 -1.200000000000000E-002  0.000000000000000E+000
 -1.100000000000000E-002  0.000000000000000E+000
 -1.000000000000000E-002  0.000000000000000E+000
 -9.000000000000001E-003  0.416632585815562     
 -8.000000000000000E-003   6.73530997456163     
 -6.999999999999999E-003   10.1410292544316     
 -6.000000000000002E-003   10.4263645827440     
 -5.000000000000001E-003   8.76858135400979     
 -4.000000000000000E-003   7.18232656540760     
 -3.000000000000003E-003   9.00850929092929     
 -2.000000000000002E-003   13.0508070472467     
 -1.000000000000001E-003   8.00002913214705     
  0.000000000000000E+000   2.74815738888907     
  1.000000000000001E-003   2.41314878102056     
  1.999999999999998E-003   1.84888141462993     
  2.999999999999999E-003   2.79134869308041     
  4.000000000000000E-003   2.97410149141326     
  4.999999999999998E-003   2.33873683929126     
  5.999999999999998E-003  0.727567371986323     
  6.999999999999999E-003  0.472797243480412     
  8.000000000000000E-003  0.467233768203101     
  9.000000000000001E-003   1.18548346317954     
  1.000000000000000E-002   1.43578485230548     
  1.100000000000000E-002   1.76995025085947     
  1.200000000000000E-002   2.46982509824555     
  1.300000000000000E-002   2.69354895077184     
  1.400000000000000E-002   5.63035353326244     
  1.500000000000000E-002   5.17757392930749     
  1.600000000000000E-002  0.680617142780635     
  1.700000000000000E-002  0.000000000000000E+000
  1.800000000000000E-002  0.000000000000000E+000
  1.900000000000000E-002  0.000000000000000E+000
  2.000000000000000E-002  0.000000000000000E+000
  2.100000000000000E-002  0.000000000000000E+000
  2.200000000000000E-002  0.000000000000000E+000
  2.300000000000000E-002  0.000000000000000E+000
  2.400000000000000E-002  0.000000000000000E+000
  2.500000000000000E-002  0.000000000000000E+000
