 -2.500000000000000E-002  0.000000000000000E+000
 -2.400000000000000E-002  0.000000000000000E+000
 -2.300000000000000E-002  0.000000000000000E+000
 -2.200000000000000E-002  0.000000000000000E+000
 -2.100000000000000E-002  0.000000000000000E+000
 -2.000000000000000E-002  0.000000000000000E+000
 -1.900000000000000E-002  0.000000000000000E+000
 -1.800000000000000E-002  0.000000000000000E+000
 -1.700000000000000E-002  0.000000000000000E+000
 -1.600000000000000E-002  0.000000000000000E+000
 -1.500000000000000E-002  0.000000000000000E+000
 -1.400000000000000E-002  0.000000000000000E+000
 -1.300000000000000E-002  0.000000000000000E+000
 -1.200000000000000E-002  0.000000000000000E+000
 -1.100000000000000E-002  0.000000000000000E+000
 -1.000000000000000E-002  0.985680134311300     
 -9.000000000000001E-003   3.01623722011841     
 -8.000000000000000E-003   1.65046744233624     
 -6.999999999999999E-003   2.57624130372895     
 -6.000000000000002E-003   2.92554428703523     
 -5.000000000000001E-003   2.45484081582005     
 -4.000000000000000E-003   3.55011997720588     
 -3.000000000000003E-003   16.9468032017227     
 -2.000000000000002E-003   35.0583504742562     
 -1.000000000000001E-003   40.4218419738044     
  0.000000000000000E+000   31.4622475106989     
  1.000000000000001E-003   25.0325436737990     
  1.999999999999998E-003   19.2883763534861     
  2.999999999999999E-003   12.7063475371448     
  4.000000000000000E-003   1.65393127664013     
  4.999999999999998E-003   1.86875451530978     
  5.999999999999998E-003  0.419982311557974     
  6.999999999999999E-003  0.329139991024053     
  8.000000000000000E-003  0.502473162395668     
  9.000000000000001E-003  0.949098796199018     
  1.000000000000000E-002   1.11713384009007     
  1.100000000000000E-002  0.375464201315245     
  1.200000000000000E-002  0.210805403778762     
  1.300000000000000E-002   1.24250540327193     
  1.400000000000000E-002  0.824125997553236     
  1.500000000000000E-002  0.141163422361670     
  1.600000000000000E-002  0.797556228054687     
  1.700000000000000E-002  0.677738914573958     
  1.800000000000000E-002   1.00632697437016     
  1.900000000000000E-002  0.461394823132295     
  2.000000000000000E-002  0.495704390898692     
  2.100000000000000E-002  0.977116775264323     
  2.200000000000000E-002  0.141751666740289     
  2.300000000000000E-002  0.000000000000000E+000
  2.400000000000000E-002  0.000000000000000E+000
  2.500000000000000E-002  0.000000000000000E+000
