 -2.500000000000000E-002  0.000000000000000E+000
 -2.400000000000000E-002  0.000000000000000E+000
 -2.300000000000000E-002  0.000000000000000E+000
 -2.200000000000000E-002  0.000000000000000E+000
 -2.100000000000000E-002  0.000000000000000E+000
 -2.000000000000000E-002  0.000000000000000E+000
 -1.900000000000000E-002  0.000000000000000E+000
 -1.800000000000000E-002  0.000000000000000E+000
 -1.700000000000000E-002  0.000000000000000E+000
 -1.600000000000000E-002  0.000000000000000E+000
 -1.500000000000000E-002  0.000000000000000E+000
 -1.400000000000000E-002  0.000000000000000E+000
 -1.300000000000000E-002  0.000000000000000E+000
 -1.200000000000000E-002  0.000000000000000E+000
 -1.100000000000000E-002  0.000000000000000E+000
 -1.000000000000000E-002   2.75791959000226     
 -9.000000000000001E-003   4.94301672625691     
 -8.000000000000000E-003   3.63961516094134     
 -6.999999999999999E-003   6.27060765138929     
 -6.000000000000002E-003   10.7825692417521     
 -5.000000000000001E-003   10.1417918636748     
 -4.000000000000000E-003   4.88659800552144     
 -3.000000000000003E-003   4.99106106058217     
 -2.000000000000002E-003   8.16636007487840     
 -1.000000000000001E-003   4.73822996593788     
  0.000000000000000E+000   6.38966792021267     
  1.000000000000001E-003   5.78730683349217     
  1.999999999999998E-003   5.22434393514804     
  2.999999999999999E-003   2.92785549815718     
  4.000000000000000E-003   5.26003629572584     
  4.999999999999998E-003   3.93164459032835     
  5.999999999999998E-003   3.65812696236689     
  6.999999999999999E-003   3.46126426536790     
  8.000000000000000E-003   4.01323810102552     
  9.000000000000001E-003   4.00960476137620     
  1.000000000000000E-002   5.61428802050502     
  1.100000000000000E-002   4.21009869874757     
  1.200000000000000E-002   2.64144862287941     
  1.300000000000000E-002  0.170236153730645     
  1.400000000000000E-002  0.000000000000000E+000
  1.500000000000000E-002  0.000000000000000E+000
  1.600000000000000E-002  0.000000000000000E+000
  1.700000000000000E-002  0.000000000000000E+000
  1.800000000000000E-002  0.000000000000000E+000
  1.900000000000000E-002  0.000000000000000E+000
  2.000000000000000E-002  0.000000000000000E+000
  2.100000000000000E-002  0.000000000000000E+000
  2.200000000000000E-002  0.000000000000000E+000
  2.300000000000000E-002  0.000000000000000E+000
  2.400000000000000E-002  0.000000000000000E+000
  2.500000000000000E-002  0.000000000000000E+000
