 -2.500000000000000E-002  0.000000000000000E+000
 -2.400000000000000E-002  0.000000000000000E+000
 -2.300000000000000E-002  0.000000000000000E+000
 -2.200000000000000E-002  0.000000000000000E+000
 -2.100000000000000E-002  0.000000000000000E+000
 -2.000000000000000E-002  0.000000000000000E+000
 -1.900000000000000E-002  0.000000000000000E+000
 -1.800000000000000E-002  0.000000000000000E+000
 -1.700000000000000E-002  0.000000000000000E+000
 -1.600000000000000E-002  0.000000000000000E+000
 -1.500000000000000E-002  0.000000000000000E+000
 -1.400000000000000E-002  0.000000000000000E+000
 -1.300000000000000E-002  0.000000000000000E+000
 -1.200000000000000E-002  0.000000000000000E+000
 -1.100000000000000E-002  0.263812470082180     
 -1.000000000000000E-002   3.43030768393572     
 -9.000000000000001E-003   4.57190639952577     
 -8.000000000000000E-003   4.51213785117963     
 -6.999999999999999E-003   5.79556150142390     
 -6.000000000000002E-003   5.84963585062782     
 -5.000000000000001E-003   6.84730036415153     
 -4.000000000000000E-003   7.11227785052147     
 -3.000000000000003E-003   10.4036927753419     
 -2.000000000000002E-003   20.9371227642953     
 -1.000000000000001E-003   16.1419999072110     
  0.000000000000000E+000   12.1546090417243     
  1.000000000000001E-003   20.5612320593753     
  1.999999999999998E-003   32.7566443406787     
  2.999999999999999E-003   17.6188045474473     
  4.000000000000000E-003   5.77262882660468     
  4.999999999999998E-003   5.70386685407275     
  5.999999999999998E-003   8.19019369175997     
  6.999999999999999E-003   4.39535441530098     
  8.000000000000000E-003   2.49225098196521     
  9.000000000000001E-003   2.53335091497985     
  1.000000000000000E-002   2.83855694779466     
  1.100000000000000E-002  0.388351960000205     
  1.200000000000000E-002  0.000000000000000E+000
  1.300000000000000E-002  0.000000000000000E+000
  1.400000000000000E-002  0.000000000000000E+000
  1.500000000000000E-002  0.000000000000000E+000
  1.600000000000000E-002  0.000000000000000E+000
  1.700000000000000E-002  0.000000000000000E+000
  1.800000000000000E-002  0.000000000000000E+000
  1.900000000000000E-002  0.000000000000000E+000
  2.000000000000000E-002  0.000000000000000E+000
  2.100000000000000E-002  0.000000000000000E+000
  2.200000000000000E-002  0.000000000000000E+000
  2.300000000000000E-002  0.000000000000000E+000
  2.400000000000000E-002  0.000000000000000E+000
  2.500000000000000E-002  0.000000000000000E+000
