 -2.500000000000000E-002  0.000000000000000E+000
 -2.400000000000000E-002  0.000000000000000E+000
 -2.300000000000000E-002  0.000000000000000E+000
 -2.200000000000000E-002  8.397307229734843E-002
 -2.100000000000000E-002  0.473957422442273     
 -2.000000000000000E-002   2.35877616859480     
 -1.900000000000000E-002  6.670333666557238E-002
 -1.800000000000000E-002  0.000000000000000E+000
 -1.700000000000000E-002  0.783895247441410     
 -1.600000000000000E-002   2.55371788068134     
 -1.500000000000000E-002   1.15710687187725     
 -1.400000000000000E-002  0.000000000000000E+000
 -1.300000000000000E-002  0.000000000000000E+000
 -1.200000000000000E-002  9.519145095719894E-002
 -1.100000000000000E-002   1.50151081696260     
 -1.000000000000000E-002  5.590773208020360E-002
 -9.000000000000001E-003  0.000000000000000E+000
 -8.000000000000000E-003  0.333644129679388     
 -6.999999999999999E-003   1.31805587032061     
 -6.000000000000002E-003  0.000000000000000E+000
 -5.000000000000001E-003  0.000000000000000E+000
 -4.000000000000000E-003  0.000000000000000E+000
 -3.000000000000003E-003  0.159541711559544     
 -2.000000000000002E-003   2.28099635627497     
 -1.000000000000001E-003   1.66732624583296     
  0.000000000000000E+000  0.564945686332537     
  1.000000000000001E-003  0.000000000000000E+000
  1.999999999999998E-003  0.000000000000000E+000
  2.999999999999999E-003  0.000000000000000E+000
  4.000000000000000E-003  0.757476740053113     
  4.999999999999998E-003   5.72328147660858     
  5.999999999999998E-003   3.36717053406423     
  6.999999999999999E-003   3.00881919778166     
  8.000000000000000E-003   11.2268567921437     
  9.000000000000001E-003  0.448785259348674     
  1.000000000000000E-002  0.000000000000000E+000
  1.100000000000000E-002  0.000000000000000E+000
  1.200000000000000E-002  0.000000000000000E+000
  1.300000000000000E-002  0.000000000000000E+000
  1.400000000000000E-002  0.000000000000000E+000
  1.500000000000000E-002  0.000000000000000E+000
  1.600000000000000E-002  0.000000000000000E+000
  1.700000000000000E-002  0.000000000000000E+000
  1.800000000000000E-002  0.000000000000000E+000
  1.900000000000000E-002  0.000000000000000E+000
  2.000000000000000E-002  0.000000000000000E+000
  2.100000000000000E-002  0.000000000000000E+000
  2.200000000000000E-002  0.000000000000000E+000
  2.300000000000000E-002  0.000000000000000E+000
  2.400000000000000E-002  0.000000000000000E+000
  2.500000000000000E-002  0.000000000000000E+000
