 -2.500000000000000E-002  0.000000000000000E+000
 -2.400000000000000E-002  0.000000000000000E+000
 -2.300000000000000E-002  0.000000000000000E+000
 -2.200000000000000E-002  0.000000000000000E+000
 -2.100000000000000E-002  0.000000000000000E+000
 -2.000000000000000E-002  0.000000000000000E+000
 -1.900000000000000E-002  0.000000000000000E+000
 -1.800000000000000E-002  0.000000000000000E+000
 -1.700000000000000E-002  0.000000000000000E+000
 -1.600000000000000E-002  0.000000000000000E+000
 -1.500000000000000E-002  0.000000000000000E+000
 -1.400000000000000E-002  0.000000000000000E+000
 -1.300000000000000E-002  0.000000000000000E+000
 -1.200000000000000E-002  0.000000000000000E+000
 -1.100000000000000E-002  0.969076045413805     
 -1.000000000000000E-002   3.41926369372845     
 -9.000000000000001E-003   4.99683809061161     
 -8.000000000000000E-003   6.58577441396034     
 -6.999999999999999E-003   7.97770654210647     
 -6.000000000000002E-003   7.35251594935535     
 -5.000000000000001E-003   5.82977077535457     
 -4.000000000000000E-003   4.70907465303293     
 -3.000000000000003E-003   6.86456699283936     
 -2.000000000000002E-003   6.71691051259865     
 -1.000000000000001E-003   6.19922664314660     
  0.000000000000000E+000   8.05379039604069     
  1.000000000000001E-003   10.9935468585016     
  1.999999999999998E-003   8.36507719239019     
  2.999999999999999E-003   6.41066405707627     
  4.000000000000000E-003   4.49905482696936     
  4.999999999999998E-003   2.22536593373575     
  5.999999999999998E-003   2.14399202757191     
  6.999999999999999E-003   2.11156411502499     
  8.000000000000000E-003   2.93632320139749     
  9.000000000000001E-003   2.58047919717974     
  1.000000000000000E-002   3.24640727704517     
  1.100000000000000E-002   5.51651291535115     
  1.200000000000000E-002   3.94216866054567     
  1.300000000000000E-002   2.44263071393497     
  1.400000000000000E-002  0.493818315086912     
  1.500000000000000E-002  0.000000000000000E+000
  1.600000000000000E-002  0.000000000000000E+000
  1.700000000000000E-002  0.000000000000000E+000
  1.800000000000000E-002  0.000000000000000E+000
  1.900000000000000E-002  0.000000000000000E+000
  2.000000000000000E-002  0.000000000000000E+000
  2.100000000000000E-002  0.000000000000000E+000
  2.200000000000000E-002  0.000000000000000E+000
  2.300000000000000E-002  0.000000000000000E+000
  2.400000000000000E-002  0.000000000000000E+000
  2.500000000000000E-002  0.000000000000000E+000
