 -2.500000000000000E-002  0.000000000000000E+000
 -2.400000000000000E-002  0.000000000000000E+000
 -2.300000000000000E-002  0.000000000000000E+000
 -2.200000000000000E-002  0.000000000000000E+000
 -2.100000000000000E-002  0.000000000000000E+000
 -2.000000000000000E-002  0.000000000000000E+000
 -1.900000000000000E-002  0.000000000000000E+000
 -1.800000000000000E-002  0.000000000000000E+000
 -1.700000000000000E-002  0.000000000000000E+000
 -1.600000000000000E-002  0.000000000000000E+000
 -1.500000000000000E-002  0.000000000000000E+000
 -1.400000000000000E-002  0.000000000000000E+000
 -1.300000000000000E-002  0.000000000000000E+000
 -1.200000000000000E-002  0.000000000000000E+000
 -1.100000000000000E-002  0.000000000000000E+000
 -1.000000000000000E-002  0.000000000000000E+000
 -9.000000000000001E-003  0.000000000000000E+000
 -8.000000000000000E-003  0.000000000000000E+000
 -6.999999999999999E-003  9.195557375921230E-002
 -6.000000000000002E-003   4.59043985948463     
 -5.000000000000001E-003   6.97301834568176     
 -4.000000000000000E-003   8.86371317972544     
 -3.000000000000003E-003   4.52021798944510     
 -2.000000000000002E-003   5.62292766140641     
 -1.000000000000001E-003   6.99911422759289     
  0.000000000000000E+000   5.11265124232625     
  1.000000000000001E-003   3.31017640629896     
  1.999999999999998E-003   6.02970138849759     
  2.999999999999999E-003   4.25401631060403     
  4.000000000000000E-003   1.42517516567898     
  4.999999999999998E-003   4.41717349400572     
  5.999999999999998E-003   3.94324644583828     
  6.999999999999999E-003   1.70172386682083     
  8.000000000000000E-003   3.27194923630177     
  9.000000000000001E-003   1.24810449381938     
  1.000000000000000E-002  6.945112712782698E-003
  1.100000000000000E-002  0.000000000000000E+000
  1.200000000000000E-002  0.000000000000000E+000
  1.300000000000000E-002  0.000000000000000E+000
  1.400000000000000E-002  0.000000000000000E+000
  1.500000000000000E-002  0.000000000000000E+000
  1.600000000000000E-002  0.000000000000000E+000
  1.700000000000000E-002  0.000000000000000E+000
  1.800000000000000E-002  0.000000000000000E+000
  1.900000000000000E-002  0.000000000000000E+000
  2.000000000000000E-002  0.000000000000000E+000
  2.100000000000000E-002  0.000000000000000E+000
  2.200000000000000E-002  0.000000000000000E+000
  2.300000000000000E-002  0.000000000000000E+000
  2.400000000000000E-002  0.000000000000000E+000
  2.500000000000000E-002  0.000000000000000E+000
