 -2.500000000000000E-002  0.000000000000000E+000
 -2.400000000000000E-002  0.000000000000000E+000
 -2.300000000000000E-002  0.000000000000000E+000
 -2.200000000000000E-002  0.000000000000000E+000
 -2.100000000000000E-002  0.000000000000000E+000
 -2.000000000000000E-002  0.000000000000000E+000
 -1.900000000000000E-002  0.214811312540562     
 -1.800000000000000E-002  0.941404482398235     
 -1.700000000000000E-002   1.87881189716207     
 -1.600000000000000E-002   1.37266759403370     
 -1.500000000000000E-002   1.67549864045359     
 -1.400000000000000E-002   3.97969486094068     
 -1.300000000000000E-002   2.42381642528032     
 -1.200000000000000E-002   1.67747894277702     
 -1.100000000000000E-002   1.10409541763782     
 -1.000000000000000E-002   2.43007524442823     
 -9.000000000000001E-003   1.47732890168873     
 -8.000000000000000E-003   1.13471542443209     
 -6.999999999999999E-003   3.39929220032323     
 -6.000000000000002E-003   6.41229606877208     
 -5.000000000000001E-003   6.60119219952928     
 -4.000000000000000E-003   5.46002914469058     
 -3.000000000000003E-003   5.90474803625676     
 -2.000000000000002E-003   4.36156096696264     
 -1.000000000000001E-003   6.90965915960323     
  0.000000000000000E+000   6.73164022916801     
  1.000000000000001E-003   9.97592721119599     
  1.999999999999998E-003   6.74653552768112     
  2.999999999999999E-003   11.2165336121613     
  4.000000000000000E-003   8.94668873821938     
  4.999999999999998E-003   11.4157131214002     
  5.999999999999998E-003   10.3857240590264     
  6.999999999999999E-003   7.58214173965993     
  8.000000000000000E-003   3.94690786613984     
  9.000000000000001E-003   4.20622559061283     
  1.000000000000000E-002   4.80820521332409     
  1.100000000000000E-002   2.81123011024951     
  1.200000000000000E-002  6.591006125061484E-002
  1.300000000000000E-002  0.000000000000000E+000
  1.400000000000000E-002  0.000000000000000E+000
  1.500000000000000E-002  0.000000000000000E+000
  1.600000000000000E-002  0.000000000000000E+000
  1.700000000000000E-002  0.000000000000000E+000
  1.800000000000000E-002  0.000000000000000E+000
  1.900000000000000E-002  0.000000000000000E+000
  2.000000000000000E-002  0.000000000000000E+000
  2.100000000000000E-002  0.000000000000000E+000
  2.200000000000000E-002  0.000000000000000E+000
  2.300000000000000E-002  0.000000000000000E+000
  2.400000000000000E-002  0.000000000000000E+000
  2.500000000000000E-002  0.000000000000000E+000
