 -2.500000000000000E-002  0.000000000000000E+000
 -2.400000000000000E-002  0.000000000000000E+000
 -2.300000000000000E-002  0.000000000000000E+000
 -2.200000000000000E-002  0.000000000000000E+000
 -2.100000000000000E-002  0.000000000000000E+000
 -2.000000000000000E-002  0.000000000000000E+000
 -1.900000000000000E-002  0.000000000000000E+000
 -1.800000000000000E-002  0.000000000000000E+000
 -1.700000000000000E-002  0.000000000000000E+000
 -1.600000000000000E-002  0.000000000000000E+000
 -1.500000000000000E-002  0.000000000000000E+000
 -1.400000000000000E-002  0.000000000000000E+000
 -1.300000000000000E-002  0.000000000000000E+000
 -1.200000000000000E-002  0.000000000000000E+000
 -1.100000000000000E-002  0.000000000000000E+000
 -1.000000000000000E-002  0.000000000000000E+000
 -9.000000000000001E-003  0.244044773357315     
 -8.000000000000000E-003   4.26780009897177     
 -6.999999999999999E-003   8.53689735488988     
 -6.000000000000002E-003   12.8352829774512     
 -5.000000000000001E-003   18.5595671119285     
 -4.000000000000000E-003   15.0508200094147     
 -3.000000000000003E-003   17.4047314535834     
 -2.000000000000002E-003   9.39368142054880     
 -1.000000000000001E-003   6.05243708186410     
  0.000000000000000E+000  0.904487956260170     
  1.000000000000001E-003  0.675993198550234     
  1.999999999999998E-003  0.766916736629231     
  2.999999999999999E-003   1.19164590948032     
  4.000000000000000E-003   1.18956292764060     
  4.999999999999998E-003   1.39168652044738     
  5.999999999999998E-003   5.10747870374694     
  6.999999999999999E-003   2.48395576523545     
  8.000000000000000E-003   1.43176641712075     
  9.000000000000001E-003   5.82242129431962     
  1.000000000000000E-002   11.6978432836730     
  1.100000000000000E-002   9.64045226790946     
  1.200000000000000E-002   4.15188673697718     
  1.300000000000000E-002  0.000000000000000E+000
  1.400000000000000E-002  0.000000000000000E+000
  1.500000000000000E-002  0.000000000000000E+000
  1.600000000000000E-002  0.000000000000000E+000
  1.700000000000000E-002  0.000000000000000E+000
  1.800000000000000E-002  0.000000000000000E+000
  1.900000000000000E-002  0.000000000000000E+000
  2.000000000000000E-002  0.000000000000000E+000
  2.100000000000000E-002  0.000000000000000E+000
  2.200000000000000E-002  0.000000000000000E+000
  2.300000000000000E-002  0.000000000000000E+000
  2.400000000000000E-002  0.000000000000000E+000
  2.500000000000000E-002  0.000000000000000E+000
