 -2.500000000000000E-002  0.000000000000000E+000
 -2.400000000000000E-002  0.000000000000000E+000
 -2.300000000000000E-002  0.000000000000000E+000
 -2.200000000000000E-002  0.000000000000000E+000
 -2.100000000000000E-002  0.000000000000000E+000
 -2.000000000000000E-002  0.000000000000000E+000
 -1.900000000000000E-002  0.000000000000000E+000
 -1.800000000000000E-002  0.000000000000000E+000
 -1.700000000000000E-002  0.249165637398142     
 -1.600000000000000E-002  0.956902259669766     
 -1.500000000000000E-002   1.64716386301859     
 -1.400000000000000E-002  0.370079520846665     
 -1.300000000000000E-002  0.798810251122782     
 -1.200000000000000E-002   1.40512049303560     
 -1.100000000000000E-002   1.53355504705173     
 -1.000000000000000E-002   1.60929461655577     
 -9.000000000000001E-003   1.69787164758887     
 -8.000000000000000E-003   3.61562691509972     
 -6.999999999999999E-003   6.22689871143908     
 -6.000000000000002E-003   11.3900413645493     
 -5.000000000000001E-003   12.1212641890139     
 -4.000000000000000E-003   8.73056032778097     
 -3.000000000000003E-003   6.11394912869803     
 -2.000000000000002E-003   5.41619135315644     
 -1.000000000000001E-003   6.10763267102032     
  0.000000000000000E+000   2.18046156967956     
  1.000000000000001E-003   4.81259948275632     
  1.999999999999998E-003   7.16418712022370     
  2.999999999999999E-003   3.94163371998431     
  4.000000000000000E-003   3.42324061018368     
  4.999999999999998E-003   11.9534934309186     
  5.999999999999998E-003   8.21116603625810     
  6.999999999999999E-003   4.63122591023273     
  8.000000000000000E-003   3.54863581236089     
  9.000000000000001E-003   3.11317390847449     
  1.000000000000000E-002   1.83002233380606     
  1.100000000000000E-002   2.93015117951976     
  1.200000000000000E-002   2.53803552385157     
  1.300000000000000E-002   4.22806257338195     
  1.400000000000000E-002   1.15764483295085     
  1.500000000000000E-002  8.872795837175705E-002
  1.600000000000000E-002  0.000000000000000E+000
  1.700000000000000E-002  0.000000000000000E+000
  1.800000000000000E-002  0.000000000000000E+000
  1.900000000000000E-002  0.000000000000000E+000
  2.000000000000000E-002  0.000000000000000E+000
  2.100000000000000E-002  0.000000000000000E+000
  2.200000000000000E-002  0.000000000000000E+000
  2.300000000000000E-002  0.000000000000000E+000
  2.400000000000000E-002  0.000000000000000E+000
  2.500000000000000E-002  0.000000000000000E+000
