 -2.500000000000000E-002  0.000000000000000E+000
 -2.400000000000000E-002  0.000000000000000E+000
 -2.300000000000000E-002  0.000000000000000E+000
 -2.200000000000000E-002  0.000000000000000E+000
 -2.100000000000000E-002  0.000000000000000E+000
 -2.000000000000000E-002  0.000000000000000E+000
 -1.900000000000000E-002  0.000000000000000E+000
 -1.800000000000000E-002  0.000000000000000E+000
 -1.700000000000000E-002  0.000000000000000E+000
 -1.600000000000000E-002  0.000000000000000E+000
 -1.500000000000000E-002  0.000000000000000E+000
 -1.400000000000000E-002  0.000000000000000E+000
 -1.300000000000000E-002  0.000000000000000E+000
 -1.200000000000000E-002  0.000000000000000E+000
 -1.100000000000000E-002  0.000000000000000E+000
 -1.000000000000000E-002  0.000000000000000E+000
 -9.000000000000001E-003  0.000000000000000E+000
 -8.000000000000000E-003  0.282934745673923     
 -6.999999999999999E-003   4.93809452083894     
 -6.000000000000002E-003   10.0231853600757     
 -5.000000000000001E-003   15.2062924300934     
 -4.000000000000000E-003   11.5805800171636     
 -3.000000000000003E-003   8.81636306245052     
 -2.000000000000002E-003   8.19271273687357     
 -1.000000000000001E-003   12.4331204282733     
  0.000000000000000E+000   10.8470718067401     
  1.000000000000001E-003   8.26693014406849     
  1.999999999999998E-003   7.37281622266490     
  2.999999999999999E-003   9.29910043932556     
  4.000000000000000E-003   10.9337677845819     
  4.999999999999998E-003   3.95322804603920     
  5.999999999999998E-003   2.00265903385979     
  6.999999999999999E-003  0.979407885430991     
  8.000000000000000E-003  0.930268941676020     
  9.000000000000001E-003   2.66982013476777     
  1.000000000000000E-002  0.438424797425218     
  1.100000000000000E-002   1.14065828327061     
  1.200000000000000E-002   1.67496615896975     
  1.300000000000000E-002   1.03728704912389     
  1.400000000000000E-002  0.831616656321202     
  1.500000000000000E-002   1.02618190058833     
  1.600000000000000E-002   1.11014796703451     
  1.700000000000000E-002  0.575486851960281     
  1.800000000000000E-002  0.135366594708542     
  1.900000000000000E-002  0.000000000000000E+000
  2.000000000000000E-002  0.000000000000000E+000
  2.100000000000000E-002  0.000000000000000E+000
  2.200000000000000E-002  0.000000000000000E+000
  2.300000000000000E-002  0.000000000000000E+000
  2.400000000000000E-002  0.000000000000000E+000
  2.500000000000000E-002  0.000000000000000E+000
