 -2.500000000000000E-002  0.000000000000000E+000
 -2.400000000000000E-002  0.000000000000000E+000
 -2.300000000000000E-002  0.000000000000000E+000
 -2.200000000000000E-002  0.000000000000000E+000
 -2.100000000000000E-002  0.000000000000000E+000
 -2.000000000000000E-002  0.000000000000000E+000
 -1.900000000000000E-002  0.000000000000000E+000
 -1.800000000000000E-002  0.000000000000000E+000
 -1.700000000000000E-002  0.000000000000000E+000
 -1.600000000000000E-002  0.000000000000000E+000
 -1.500000000000000E-002  0.000000000000000E+000
 -1.400000000000000E-002  0.000000000000000E+000
 -1.300000000000000E-002  0.000000000000000E+000
 -1.200000000000000E-002  0.000000000000000E+000
 -1.100000000000000E-002  0.000000000000000E+000
 -1.000000000000000E-002  0.329896589503400     
 -9.000000000000001E-003   6.37904274976234     
 -8.000000000000000E-003   7.84512572422120     
 -6.999999999999999E-003   5.07459912051877     
 -6.000000000000002E-003   4.09370718472929     
 -5.000000000000001E-003   9.12945760639444     
 -4.000000000000000E-003   7.96026385582553     
 -3.000000000000003E-003   1.71832716904505     
 -2.000000000000002E-003   2.64792105828737     
 -1.000000000000001E-003   3.01516730389826     
  0.000000000000000E+000  4.521637814380231E-003
  1.000000000000001E-003  0.850202090773384     
  1.999999999999998E-003   4.37431371189496     
  2.999999999999999E-003   2.01138981411108     
  4.000000000000000E-003  0.243504383220574     
  4.999999999999998E-003   2.14640295364776     
  5.999999999999998E-003  0.749276402476682     
  6.999999999999999E-003   2.60944812616590     
  8.000000000000000E-003   2.64678872461511     
  9.000000000000001E-003   4.71743139744809     
  1.000000000000000E-002   5.56926138633102     
  1.100000000000000E-002   4.53681730387926     
  1.200000000000000E-002   3.44181055663995     
  1.300000000000000E-002  0.977133148796224     
  1.400000000000000E-002  0.000000000000000E+000
  1.500000000000000E-002  0.000000000000000E+000
  1.600000000000000E-002  0.000000000000000E+000
  1.700000000000000E-002  0.000000000000000E+000
  1.800000000000000E-002  0.000000000000000E+000
  1.900000000000000E-002  0.000000000000000E+000
  2.000000000000000E-002  0.000000000000000E+000
  2.100000000000000E-002  0.000000000000000E+000
  2.200000000000000E-002  0.000000000000000E+000
  2.300000000000000E-002  0.000000000000000E+000
  2.400000000000000E-002  0.000000000000000E+000
  2.500000000000000E-002  0.000000000000000E+000
