 -2.500000000000000E-002  0.000000000000000E+000
 -2.400000000000000E-002  0.000000000000000E+000
 -2.300000000000000E-002  0.000000000000000E+000
 -2.200000000000000E-002  0.000000000000000E+000
 -2.100000000000000E-002  0.000000000000000E+000
 -2.000000000000000E-002  0.000000000000000E+000
 -1.900000000000000E-002   2.13344911291921     
 -1.800000000000000E-002   4.90436360537404     
 -1.700000000000000E-002   1.29396438572021     
 -1.600000000000000E-002   5.33338742890259     
 -1.500000000000000E-002   6.32887567292163     
 -1.400000000000000E-002   2.18894747308781     
 -1.300000000000000E-002  0.515254479210354     
 -1.200000000000000E-002   1.45702464189183     
 -1.100000000000000E-002   3.83020149252296     
 -1.000000000000000E-002   4.11000314342593     
 -9.000000000000001E-003   1.74927383751205     
 -8.000000000000000E-003   3.67209292055670     
 -6.999999999999999E-003   4.33734224219823     
 -6.000000000000002E-003   3.33029694352313     
 -5.000000000000001E-003   9.17077850484853     
 -4.000000000000000E-003   10.3107217737206     
 -3.000000000000003E-003   11.8432485829032     
 -2.000000000000002E-003   18.2251736864861     
 -1.000000000000001E-003   13.6060900939200     
  0.000000000000000E+000   10.6038597324150     
  1.000000000000001E-003   11.1867194492382     
  1.999999999999998E-003   15.5841839348377     
  2.999999999999999E-003   10.5949123447763     
  4.000000000000000E-003   9.51966984839296     
  4.999999999999998E-003   6.21429498120723     
  5.999999999999998E-003   10.7819455955152     
  6.999999999999999E-003   12.4557427212111     
  8.000000000000000E-003   7.91479457781236     
  9.000000000000001E-003   22.6929216929235     
  1.000000000000000E-002   15.3365562403959     
  1.100000000000000E-002   2.00021885962963     
  1.200000000000000E-002  0.000000000000000E+000
  1.300000000000000E-002  0.000000000000000E+000
  1.400000000000000E-002  0.000000000000000E+000
  1.500000000000000E-002  0.000000000000000E+000
  1.600000000000000E-002  0.000000000000000E+000
  1.700000000000000E-002  0.000000000000000E+000
  1.800000000000000E-002  0.000000000000000E+000
  1.900000000000000E-002  0.000000000000000E+000
  2.000000000000000E-002  0.000000000000000E+000
  2.100000000000000E-002  0.000000000000000E+000
  2.200000000000000E-002  0.000000000000000E+000
  2.300000000000000E-002  0.000000000000000E+000
  2.400000000000000E-002  0.000000000000000E+000
  2.500000000000000E-002  0.000000000000000E+000
