 -2.500000000000000E-002  0.000000000000000E+000
 -2.400000000000000E-002  0.000000000000000E+000
 -2.300000000000000E-002  0.000000000000000E+000
 -2.200000000000000E-002  0.000000000000000E+000
 -2.100000000000000E-002  0.000000000000000E+000
 -2.000000000000000E-002  0.000000000000000E+000
 -1.900000000000000E-002  0.000000000000000E+000
 -1.800000000000000E-002  0.000000000000000E+000
 -1.700000000000000E-002  0.000000000000000E+000
 -1.600000000000000E-002  0.000000000000000E+000
 -1.500000000000000E-002  0.000000000000000E+000
 -1.400000000000000E-002  0.000000000000000E+000
 -1.300000000000000E-002  0.000000000000000E+000
 -1.200000000000000E-002  0.000000000000000E+000
 -1.100000000000000E-002  0.000000000000000E+000
 -1.000000000000000E-002  0.000000000000000E+000
 -9.000000000000001E-003  0.000000000000000E+000
 -8.000000000000000E-003  0.182249108152294     
 -6.999999999999999E-003   1.98823998259783     
 -6.000000000000002E-003   8.54470028649011     
 -5.000000000000001E-003   16.9893749190083     
 -4.000000000000000E-003   18.5993354549419     
 -3.000000000000003E-003   17.7937615569773     
 -2.000000000000002E-003   14.9161021609211     
 -1.000000000000001E-003   13.0120505095608     
  0.000000000000000E+000   10.6617156214437     
  1.000000000000001E-003   4.38724182126234     
  1.999999999999998E-003   4.63942054668436     
  2.999999999999999E-003   5.94707679331085     
  4.000000000000000E-003   4.03238719683696     
  4.999999999999998E-003   4.55409450537999     
  5.999999999999998E-003   4.30570949959797     
  6.999999999999999E-003   3.81690024231993     
  8.000000000000000E-003   4.22631439887542     
  9.000000000000001E-003   3.01851963418162     
  1.000000000000000E-002   1.98129201218561     
  1.100000000000000E-002   3.36164847300839     
  1.200000000000000E-002   3.15171318289100     
  1.300000000000000E-002   2.88188430266251     
  1.400000000000000E-002  0.284087790709806     
  1.500000000000000E-002  0.000000000000000E+000
  1.600000000000000E-002  0.000000000000000E+000
  1.700000000000000E-002  0.000000000000000E+000
  1.800000000000000E-002  0.000000000000000E+000
  1.900000000000000E-002  0.000000000000000E+000
  2.000000000000000E-002  0.000000000000000E+000
  2.100000000000000E-002  0.000000000000000E+000
  2.200000000000000E-002  0.000000000000000E+000
  2.300000000000000E-002  0.000000000000000E+000
  2.400000000000000E-002  0.000000000000000E+000
  2.500000000000000E-002  0.000000000000000E+000
