 -2.500000000000000E-002  0.000000000000000E+000
 -2.400000000000000E-002  0.000000000000000E+000
 -2.300000000000000E-002  0.000000000000000E+000
 -2.200000000000000E-002  0.000000000000000E+000
 -2.100000000000000E-002  0.000000000000000E+000
 -2.000000000000000E-002  0.000000000000000E+000
 -1.900000000000000E-002  0.000000000000000E+000
 -1.800000000000000E-002  0.000000000000000E+000
 -1.700000000000000E-002  0.000000000000000E+000
 -1.600000000000000E-002  0.288941854743509     
 -1.500000000000000E-002  0.735923467483053     
 -1.400000000000000E-002   1.05567467777344     
 -1.300000000000000E-002  0.560459461539176     
 -1.200000000000000E-002  0.856899351957866     
 -1.100000000000000E-002  0.699216902438796     
 -1.000000000000000E-002  0.837311932723271     
 -9.000000000000001E-003  0.802371134494164     
 -8.000000000000000E-003   1.36099711797215     
 -6.999999999999999E-003   2.49143713098532     
 -6.000000000000002E-003   9.65925565136649     
 -5.000000000000001E-003   13.9250014198825     
 -4.000000000000000E-003   15.1763901985181     
 -3.000000000000003E-003   15.5454351494687     
 -2.000000000000002E-003   12.2057381908643     
 -1.000000000000001E-003   12.0202979843656     
  0.000000000000000E+000   12.6645746636777     
  1.000000000000001E-003   15.9744810545505     
  1.999999999999998E-003   8.34130199636807     
  2.999999999999999E-003   8.54205496821042     
  4.000000000000000E-003   7.51854200568568     
  4.999999999999998E-003   11.9803710615258     
  5.999999999999998E-003   8.30844219401265     
  6.999999999999999E-003   8.61142645299364     
  8.000000000000000E-003   2.20498968649274     
  9.000000000000001E-003  0.831143702853133     
  1.000000000000000E-002   1.79264218103805     
  1.100000000000000E-002   2.63168075570967     
  1.200000000000000E-002   1.36191158445088     
  1.300000000000000E-002  0.662429882073518     
  1.400000000000000E-002  0.846894081040889     
  1.500000000000000E-002  4.608210274011768E-002
  1.600000000000000E-002  0.000000000000000E+000
  1.700000000000000E-002  0.000000000000000E+000
  1.800000000000000E-002  0.000000000000000E+000
  1.900000000000000E-002  0.000000000000000E+000
  2.000000000000000E-002  0.000000000000000E+000
  2.100000000000000E-002  0.000000000000000E+000
  2.200000000000000E-002  0.000000000000000E+000
  2.300000000000000E-002  0.000000000000000E+000
  2.400000000000000E-002  0.000000000000000E+000
  2.500000000000000E-002  0.000000000000000E+000
