 -2.500000000000000E-002  0.000000000000000E+000
 -2.400000000000000E-002  0.000000000000000E+000
 -2.300000000000000E-002  0.000000000000000E+000
 -2.200000000000000E-002  0.000000000000000E+000
 -2.100000000000000E-002  0.000000000000000E+000
 -2.000000000000000E-002  0.000000000000000E+000
 -1.900000000000000E-002  0.000000000000000E+000
 -1.800000000000000E-002  0.000000000000000E+000
 -1.700000000000000E-002  0.000000000000000E+000
 -1.600000000000000E-002  0.000000000000000E+000
 -1.500000000000000E-002  0.436941700286644     
 -1.400000000000000E-002   1.00293415473063     
 -1.300000000000000E-002   1.34724414498273     
 -1.200000000000000E-002  0.111351038971131     
 -1.100000000000000E-002  0.756497170142832     
 -1.000000000000000E-002   1.03260881844248     
 -9.000000000000001E-003   1.10560067184003     
 -8.000000000000000E-003   1.02945075503003     
 -6.999999999999999E-003  0.626172720725465     
 -6.000000000000002E-003  0.811865174193099     
 -5.000000000000001E-003  0.827975681014236     
 -4.000000000000000E-003   3.23424030723932     
 -3.000000000000003E-003   15.9688853487967     
 -2.000000000000002E-003   29.4065323615042     
 -1.000000000000001E-003   30.5180355832082     
  0.000000000000000E+000   19.6361536714619     
  1.000000000000001E-003   15.1021949461262     
  1.999999999999998E-003   15.6707291063894     
  2.999999999999999E-003   5.23567551118085     
  4.000000000000000E-003   1.95193309807726     
  4.999999999999998E-003  0.696251568628574     
  5.999999999999998E-003   1.34740537513872     
  6.999999999999999E-003  0.903611457946680     
  8.000000000000000E-003  0.661758967914533     
  9.000000000000001E-003  0.813766996561533     
  1.000000000000000E-002  0.630642271340426     
  1.100000000000000E-002   2.87330966910218     
  1.200000000000000E-002   1.63323270318870     
  1.300000000000000E-002   1.25952990149222     
  1.400000000000000E-002   2.52883389361687     
  1.500000000000000E-002   1.66976221774612     
  1.600000000000000E-002  5.308301298005606E-002
  1.700000000000000E-002  0.000000000000000E+000
  1.800000000000000E-002  0.000000000000000E+000
  1.900000000000000E-002  0.000000000000000E+000
  2.000000000000000E-002  0.000000000000000E+000
  2.100000000000000E-002  0.000000000000000E+000
  2.200000000000000E-002  0.000000000000000E+000
  2.300000000000000E-002  0.000000000000000E+000
  2.400000000000000E-002  0.000000000000000E+000
  2.500000000000000E-002  0.000000000000000E+000
