 -2.500000000000000E-002  0.000000000000000E+000
 -2.400000000000000E-002  0.000000000000000E+000
 -2.300000000000000E-002  0.000000000000000E+000
 -2.200000000000000E-002  0.000000000000000E+000
 -2.100000000000000E-002  0.000000000000000E+000
 -2.000000000000000E-002  0.000000000000000E+000
 -1.900000000000000E-002  0.000000000000000E+000
 -1.800000000000000E-002  0.000000000000000E+000
 -1.700000000000000E-002  0.000000000000000E+000
 -1.600000000000000E-002  0.000000000000000E+000
 -1.500000000000000E-002  0.000000000000000E+000
 -1.400000000000000E-002  0.000000000000000E+000
 -1.300000000000000E-002  0.000000000000000E+000
 -1.200000000000000E-002  0.000000000000000E+000
 -1.100000000000000E-002  0.000000000000000E+000
 -1.000000000000000E-002  0.000000000000000E+000
 -9.000000000000001E-003  0.000000000000000E+000
 -8.000000000000000E-003  0.000000000000000E+000
 -6.999999999999999E-003  0.661080291094967     
 -6.000000000000002E-003   6.63626659545197     
 -5.000000000000001E-003   10.6342726208898     
 -4.000000000000000E-003   14.3963633058655     
 -3.000000000000003E-003   34.8949886458193     
 -2.000000000000002E-003   74.9452949901114     
 -1.000000000000001E-003   80.7561844222764     
  0.000000000000000E+000   64.5394211509232     
  1.000000000000001E-003   39.9566758790561     
  1.999999999999998E-003   37.8551175425535     
  2.999999999999999E-003   17.0741025107319     
  4.000000000000000E-003   5.52890999399274     
  4.999999999999998E-003   5.61634950057583     
  5.999999999999998E-003   5.89110193022898     
  6.999999999999999E-003   5.23850889416308     
  8.000000000000000E-003   5.16350157616899     
  9.000000000000001E-003   3.39814000626746     
  1.000000000000000E-002   2.79962216370316     
  1.100000000000000E-002   5.32522828121738     
  1.200000000000000E-002   2.69832632079929     
  1.300000000000000E-002  0.361783378109234     
  1.400000000000000E-002  0.000000000000000E+000
  1.500000000000000E-002  0.000000000000000E+000
  1.600000000000000E-002  0.000000000000000E+000
  1.700000000000000E-002  0.000000000000000E+000
  1.800000000000000E-002  0.000000000000000E+000
  1.900000000000000E-002  0.000000000000000E+000
  2.000000000000000E-002  0.000000000000000E+000
  2.100000000000000E-002  0.000000000000000E+000
  2.200000000000000E-002  0.000000000000000E+000
  2.300000000000000E-002  0.000000000000000E+000
  2.400000000000000E-002  0.000000000000000E+000
  2.500000000000000E-002  0.000000000000000E+000
