 -2.500000000000000E-002  0.000000000000000E+000
 -2.400000000000000E-002  0.000000000000000E+000
 -2.300000000000000E-002  0.000000000000000E+000
 -2.200000000000000E-002  0.000000000000000E+000
 -2.100000000000000E-002  0.000000000000000E+000
 -2.000000000000000E-002  0.000000000000000E+000
 -1.900000000000000E-002  0.000000000000000E+000
 -1.800000000000000E-002  0.000000000000000E+000
 -1.700000000000000E-002  0.000000000000000E+000
 -1.600000000000000E-002  0.000000000000000E+000
 -1.500000000000000E-002  0.000000000000000E+000
 -1.400000000000000E-002  0.000000000000000E+000
 -1.300000000000000E-002  0.801208283483154     
 -1.200000000000000E-002   3.10641913348505     
 -1.100000000000000E-002   1.56271088889345     
 -1.000000000000000E-002   1.41705332547283     
 -9.000000000000001E-003  0.948051465106480     
 -8.000000000000000E-003  0.608979948073640     
 -6.999999999999999E-003   1.71436132853850     
 -6.000000000000002E-003   3.26550013413896     
 -5.000000000000001E-003   4.21840617646227     
 -4.000000000000000E-003   1.79377952266460     
 -3.000000000000003E-003   7.69670690044684     
 -2.000000000000002E-003   6.87217279621465     
 -1.000000000000001E-003   1.50640577924932     
  0.000000000000000E+000   10.4789905801613     
  1.000000000000001E-003   20.9497449713259     
  1.999999999999998E-003   37.1535205680032     
  2.999999999999999E-003   25.8446021665247     
  4.000000000000000E-003   4.68138603175515     
  4.999999999999998E-003  0.000000000000000E+000
  5.999999999999998E-003  0.000000000000000E+000
  6.999999999999999E-003  0.000000000000000E+000
  8.000000000000000E-003  0.000000000000000E+000
  9.000000000000001E-003  0.000000000000000E+000
  1.000000000000000E-002  0.000000000000000E+000
  1.100000000000000E-002  0.000000000000000E+000
  1.200000000000000E-002  0.000000000000000E+000
  1.300000000000000E-002  0.000000000000000E+000
  1.400000000000000E-002  0.000000000000000E+000
  1.500000000000000E-002  0.000000000000000E+000
  1.600000000000000E-002  0.000000000000000E+000
  1.700000000000000E-002  0.000000000000000E+000
  1.800000000000000E-002  0.000000000000000E+000
  1.900000000000000E-002  0.000000000000000E+000
  2.000000000000000E-002  0.000000000000000E+000
  2.100000000000000E-002  0.000000000000000E+000
  2.200000000000000E-002  0.000000000000000E+000
  2.300000000000000E-002  0.000000000000000E+000
  2.400000000000000E-002  0.000000000000000E+000
  2.500000000000000E-002  0.000000000000000E+000
