 -2.500000000000000E-002  0.000000000000000E+000
 -2.400000000000000E-002  0.000000000000000E+000
 -2.300000000000000E-002  0.000000000000000E+000
 -2.200000000000000E-002  0.000000000000000E+000
 -2.100000000000000E-002  0.000000000000000E+000
 -2.000000000000000E-002  0.000000000000000E+000
 -1.900000000000000E-002  0.000000000000000E+000
 -1.800000000000000E-002  0.000000000000000E+000
 -1.700000000000000E-002  0.220377394354628     
 -1.600000000000000E-002  0.838169964344843     
 -1.500000000000000E-002   2.89489944847616     
 -1.400000000000000E-002   2.58964109844499     
 -1.300000000000000E-002   2.71109345197325     
 -1.200000000000000E-002   3.48426518147522     
 -1.100000000000000E-002   5.36278769223549     
 -1.000000000000000E-002   4.75093150093432     
 -9.000000000000001E-003   4.61646584454882     
 -8.000000000000000E-003   3.86722049356873     
 -6.999999999999999E-003   10.9222066682539     
 -6.000000000000002E-003   10.7359925018205     
 -5.000000000000001E-003   11.8837919791161     
 -4.000000000000000E-003   9.53213917424073     
 -3.000000000000003E-003   5.98035453759870     
 -2.000000000000002E-003   6.27057098848987     
 -1.000000000000001E-003   7.00008128521487     
  0.000000000000000E+000   5.90673743821909     
  1.000000000000001E-003   4.85602118598627     
  1.999999999999998E-003   5.94450473488761     
  2.999999999999999E-003   4.77596311408743     
  4.000000000000000E-003   7.11155930122441     
  4.999999999999998E-003   6.49632466766687     
  5.999999999999998E-003   5.24745247806406     
  6.999999999999999E-003   8.05370533763383     
  8.000000000000000E-003   7.03996526482286     
  9.000000000000001E-003   6.55358304704655     
  1.000000000000000E-002   6.39592603022012     
  1.100000000000000E-002   6.07566443451197     
  1.200000000000000E-002   5.76301861966328     
  1.300000000000000E-002   5.61726322212750     
  1.400000000000000E-002   2.56024653464837     
  1.500000000000000E-002   1.34559341297381     
  1.600000000000000E-002  0.200511971124669     
  1.700000000000000E-002  0.000000000000000E+000
  1.800000000000000E-002  0.000000000000000E+000
  1.900000000000000E-002  0.000000000000000E+000
  2.000000000000000E-002  0.000000000000000E+000
  2.100000000000000E-002  0.000000000000000E+000
  2.200000000000000E-002  0.000000000000000E+000
  2.300000000000000E-002  0.000000000000000E+000
  2.400000000000000E-002  0.000000000000000E+000
  2.500000000000000E-002  0.000000000000000E+000
