 -2.500000000000000E-002  0.000000000000000E+000
 -2.400000000000000E-002  0.000000000000000E+000
 -2.300000000000000E-002  0.000000000000000E+000
 -2.200000000000000E-002  0.000000000000000E+000
 -2.100000000000000E-002  0.000000000000000E+000
 -2.000000000000000E-002  0.000000000000000E+000
 -1.900000000000000E-002  0.000000000000000E+000
 -1.800000000000000E-002  0.000000000000000E+000
 -1.700000000000000E-002  0.000000000000000E+000
 -1.600000000000000E-002  0.000000000000000E+000
 -1.500000000000000E-002  0.000000000000000E+000
 -1.400000000000000E-002  0.000000000000000E+000
 -1.300000000000000E-002  0.000000000000000E+000
 -1.200000000000000E-002  0.000000000000000E+000
 -1.100000000000000E-002  0.000000000000000E+000
 -1.000000000000000E-002  0.932161259825234     
 -9.000000000000001E-003   2.89736452854803     
 -8.000000000000000E-003   1.87402292454671     
 -6.999999999999999E-003   2.56379889491361     
 -6.000000000000002E-003   2.99442301744011     
 -5.000000000000001E-003   2.44373986284053     
 -4.000000000000000E-003   3.47252419577182     
 -3.000000000000003E-003   16.2985045228858     
 -2.000000000000002E-003   28.2244074862100     
 -1.000000000000001E-003   29.9459029297726     
  0.000000000000000E+000   23.0982074090258     
  1.000000000000001E-003   18.5381534717269     
  1.999999999999998E-003   17.0125568885926     
  2.999999999999999E-003   8.61556885093041     
  4.000000000000000E-003  0.913161024785398     
  4.999999999999998E-003   1.52511050067416     
  5.999999999999998E-003  0.455224671303370     
  6.999999999999999E-003   1.13499289211019     
  8.000000000000000E-003  0.688663302448590     
  9.000000000000001E-003  0.606352113830990     
  1.000000000000000E-002   1.13914856570170     
  1.100000000000000E-002  0.602984519516439     
  1.200000000000000E-002  0.248362470619608     
  1.300000000000000E-002  0.112303695979350     
  1.400000000000000E-002   1.00268234416920     
  1.500000000000000E-002   1.15016311165821     
  1.600000000000000E-002  0.387250484994800     
  1.700000000000000E-002  0.723760545882851     
  1.800000000000000E-002  0.699261568949374     
  1.900000000000000E-002  0.928331944345559     
  2.000000000000000E-002  0.552041576598601     
  2.100000000000000E-002  0.708193938710192     
  2.200000000000000E-002  0.139954484691207     
  2.300000000000000E-002  0.000000000000000E+000
  2.400000000000000E-002  0.000000000000000E+000
  2.500000000000000E-002  0.000000000000000E+000
