 -2.500000000000000E-002  0.000000000000000E+000
 -2.400000000000000E-002  0.000000000000000E+000
 -2.300000000000000E-002  0.000000000000000E+000
 -2.200000000000000E-002  0.000000000000000E+000
 -2.100000000000000E-002  0.000000000000000E+000
 -2.000000000000000E-002  0.000000000000000E+000
 -1.900000000000000E-002  0.000000000000000E+000
 -1.800000000000000E-002  0.000000000000000E+000
 -1.700000000000000E-002  0.000000000000000E+000
 -1.600000000000000E-002  0.000000000000000E+000
 -1.500000000000000E-002  0.000000000000000E+000
 -1.400000000000000E-002  0.000000000000000E+000
 -1.300000000000000E-002  0.000000000000000E+000
 -1.200000000000000E-002  0.000000000000000E+000
 -1.100000000000000E-002  0.000000000000000E+000
 -1.000000000000000E-002  3.159458479875708E-002
 -9.000000000000001E-003   1.10733803471294     
 -8.000000000000000E-003   4.84746652492265     
 -6.999999999999999E-003   8.38510232405797     
 -6.000000000000002E-003   12.7280061247636     
 -5.000000000000001E-003   12.9058115336146     
 -4.000000000000000E-003   15.3213562210059     
 -3.000000000000003E-003   15.4994825170201     
 -2.000000000000002E-003   14.0137367261206     
 -1.000000000000001E-003   10.9573605268287     
  0.000000000000000E+000   6.69216971359712     
  1.000000000000001E-003   2.05503632845333     
  1.999999999999998E-003   2.84208253129585     
  2.999999999999999E-003   3.27646817521593     
  4.000000000000000E-003   2.98824077270045     
  4.999999999999998E-003   4.14830587120467     
  5.999999999999998E-003   4.12813224946207     
  6.999999999999999E-003   5.20533019239396     
  8.000000000000000E-003   5.23116120096466     
  9.000000000000001E-003   4.47584425564386     
  1.000000000000000E-002   6.98732509083527     
  1.100000000000000E-002   7.77204153843048     
  1.200000000000000E-002   3.15886233275689     
  1.300000000000000E-002  0.701784629199603     
  1.400000000000000E-002  0.000000000000000E+000
  1.500000000000000E-002  0.000000000000000E+000
  1.600000000000000E-002  0.000000000000000E+000
  1.700000000000000E-002  0.000000000000000E+000
  1.800000000000000E-002  0.000000000000000E+000
  1.900000000000000E-002  0.000000000000000E+000
  2.000000000000000E-002  0.000000000000000E+000
  2.100000000000000E-002  0.000000000000000E+000
  2.200000000000000E-002  0.000000000000000E+000
  2.300000000000000E-002  0.000000000000000E+000
  2.400000000000000E-002  0.000000000000000E+000
  2.500000000000000E-002  0.000000000000000E+000
