 -2.500000000000000E-002  0.000000000000000E+000
 -2.400000000000000E-002  0.000000000000000E+000
 -2.300000000000000E-002  0.000000000000000E+000
 -2.200000000000000E-002  0.000000000000000E+000
 -2.100000000000000E-002  0.000000000000000E+000
 -2.000000000000000E-002  0.000000000000000E+000
 -1.900000000000000E-002  0.000000000000000E+000
 -1.800000000000000E-002  0.000000000000000E+000
 -1.700000000000000E-002  0.000000000000000E+000
 -1.600000000000000E-002  0.000000000000000E+000
 -1.500000000000000E-002  0.000000000000000E+000
 -1.400000000000000E-002  0.000000000000000E+000
 -1.300000000000000E-002  0.000000000000000E+000
 -1.200000000000000E-002  0.000000000000000E+000
 -1.100000000000000E-002  0.000000000000000E+000
 -1.000000000000000E-002  0.000000000000000E+000
 -9.000000000000001E-003  0.000000000000000E+000
 -8.000000000000000E-003  0.251348040526080     
 -6.999999999999999E-003   2.58902674175964     
 -6.000000000000002E-003   4.84200414057691     
 -5.000000000000001E-003   9.26162322697678     
 -4.000000000000000E-003   12.0790253313066     
 -3.000000000000003E-003   25.4497576483005     
 -2.000000000000002E-003   43.5764838362241     
 -1.000000000000001E-003   43.6390565255716     
  0.000000000000000E+000   30.8239975525466     
  1.000000000000001E-003   23.1719766558320     
  1.999999999999998E-003   18.0939564101468     
  2.999999999999999E-003   10.0381970107189     
  4.000000000000000E-003   3.35055565874849     
  4.999999999999998E-003   1.58098759736357     
  5.999999999999998E-003   2.33825801484695     
  6.999999999999999E-003   3.48812632963031     
  8.000000000000000E-003   2.43504091603879     
  9.000000000000001E-003   3.29235331539021     
  1.000000000000000E-002   2.08384951344844     
  1.100000000000000E-002   4.24251992191647     
  1.200000000000000E-002   4.44690518891999     
  1.300000000000000E-002   1.86999265487570     
  1.400000000000000E-002  0.195447768334598     
  1.500000000000000E-002  0.000000000000000E+000
  1.600000000000000E-002  0.000000000000000E+000
  1.700000000000000E-002  0.000000000000000E+000
  1.800000000000000E-002  0.000000000000000E+000
  1.900000000000000E-002  0.000000000000000E+000
  2.000000000000000E-002  0.000000000000000E+000
  2.100000000000000E-002  0.000000000000000E+000
  2.200000000000000E-002  0.000000000000000E+000
  2.300000000000000E-002  0.000000000000000E+000
  2.400000000000000E-002  0.000000000000000E+000
  2.500000000000000E-002  0.000000000000000E+000
