 -2.500000000000000E-002  0.000000000000000E+000
 -2.400000000000000E-002  0.000000000000000E+000
 -2.300000000000000E-002  0.000000000000000E+000
 -2.200000000000000E-002  0.000000000000000E+000
 -2.100000000000000E-002  0.000000000000000E+000
 -2.000000000000000E-002  0.000000000000000E+000
 -1.900000000000000E-002  0.000000000000000E+000
 -1.800000000000000E-002  0.000000000000000E+000
 -1.700000000000000E-002  0.000000000000000E+000
 -1.600000000000000E-002  0.000000000000000E+000
 -1.500000000000000E-002  0.000000000000000E+000
 -1.400000000000000E-002  0.000000000000000E+000
 -1.300000000000000E-002  0.000000000000000E+000
 -1.200000000000000E-002  0.000000000000000E+000
 -1.100000000000000E-002  0.000000000000000E+000
 -1.000000000000000E-002  0.431600954009903     
 -9.000000000000001E-003   6.10980526796435     
 -8.000000000000000E-003   8.94721789192535     
 -6.999999999999999E-003   10.5343388715147     
 -6.000000000000002E-003   22.4921042794422     
 -5.000000000000001E-003   25.7234800158911     
 -4.000000000000000E-003   8.69888379916251     
 -3.000000000000003E-003   2.44661892008986     
 -2.000000000000002E-003   2.17098446468216     
 -1.000000000000001E-003   3.76259084088410     
  0.000000000000000E+000   6.29391673961994     
  1.000000000000001E-003   11.1088463354493     
  1.999999999999998E-003   6.09292364471132     
  2.999999999999999E-003   9.46455166030341     
  4.000000000000000E-003   18.2423975726741     
  4.999999999999998E-003   24.2545854074788     
  5.999999999999998E-003   12.0318345806032     
  6.999999999999999E-003   8.17078473753455     
  8.000000000000000E-003   9.25803348682711     
  9.000000000000001E-003   7.34867708588736     
  1.000000000000000E-002  0.550193443344678     
  1.100000000000000E-002  0.000000000000000E+000
  1.200000000000000E-002  0.000000000000000E+000
  1.300000000000000E-002  0.000000000000000E+000
  1.400000000000000E-002  0.000000000000000E+000
  1.500000000000000E-002  0.000000000000000E+000
  1.600000000000000E-002  0.000000000000000E+000
  1.700000000000000E-002  0.000000000000000E+000
  1.800000000000000E-002  0.000000000000000E+000
  1.900000000000000E-002  0.000000000000000E+000
  2.000000000000000E-002  0.000000000000000E+000
  2.100000000000000E-002  0.000000000000000E+000
  2.200000000000000E-002  0.000000000000000E+000
  2.300000000000000E-002  0.000000000000000E+000
  2.400000000000000E-002  0.000000000000000E+000
  2.500000000000000E-002  0.000000000000000E+000
