 -2.500000000000000E-002  0.000000000000000E+000
 -2.400000000000000E-002  0.000000000000000E+000
 -2.300000000000000E-002  0.000000000000000E+000
 -2.200000000000000E-002  0.000000000000000E+000
 -2.100000000000000E-002  0.000000000000000E+000
 -2.000000000000000E-002  0.000000000000000E+000
 -1.900000000000000E-002  0.000000000000000E+000
 -1.800000000000000E-002  0.000000000000000E+000
 -1.700000000000000E-002  0.000000000000000E+000
 -1.600000000000000E-002  0.000000000000000E+000
 -1.500000000000000E-002  0.000000000000000E+000
 -1.400000000000000E-002  0.000000000000000E+000
 -1.300000000000000E-002  0.000000000000000E+000
 -1.200000000000000E-002  0.000000000000000E+000
 -1.100000000000000E-002  0.000000000000000E+000
 -1.000000000000000E-002  0.000000000000000E+000
 -9.000000000000001E-003  0.000000000000000E+000
 -8.000000000000000E-003   1.38992791231333     
 -6.999999999999999E-003   4.38510489917253     
 -6.000000000000002E-003   5.61845747244682     
 -5.000000000000001E-003   6.61862890435031     
 -4.000000000000000E-003   16.2372082259750     
 -3.000000000000003E-003   20.5831248218520     
 -2.000000000000002E-003   21.5096764206339     
 -1.000000000000001E-003   19.0664817363106     
  0.000000000000000E+000   22.8994396544566     
  1.000000000000001E-003   18.0999561580812     
  1.999999999999998E-003   10.2791423698290     
  2.999999999999999E-003   5.79842475888589     
  4.000000000000000E-003   5.88237603915351     
  4.999999999999998E-003   3.46567362421464     
  5.999999999999998E-003   3.48472077083728     
  6.999999999999999E-003   2.07682131009580     
  8.000000000000000E-003   2.81727772073256     
  9.000000000000001E-003   3.95923696891788     
  1.000000000000000E-002   1.10193349132896     
  1.100000000000000E-002   3.34109767375057     
  1.200000000000000E-002   4.68512704406385     
  1.300000000000000E-002  2.745202259770900E-002
  1.400000000000000E-002  0.000000000000000E+000
  1.500000000000000E-002  0.000000000000000E+000
  1.600000000000000E-002  0.000000000000000E+000
  1.700000000000000E-002  0.000000000000000E+000
  1.800000000000000E-002  0.000000000000000E+000
  1.900000000000000E-002  0.000000000000000E+000
  2.000000000000000E-002  0.000000000000000E+000
  2.100000000000000E-002  0.000000000000000E+000
  2.200000000000000E-002  0.000000000000000E+000
  2.300000000000000E-002  0.000000000000000E+000
  2.400000000000000E-002  0.000000000000000E+000
  2.500000000000000E-002  0.000000000000000E+000
