 -2.500000000000000E-002  0.000000000000000E+000
 -2.400000000000000E-002  0.000000000000000E+000
 -2.300000000000000E-002  0.000000000000000E+000
 -2.200000000000000E-002  0.000000000000000E+000
 -2.100000000000000E-002  0.000000000000000E+000
 -2.000000000000000E-002  0.000000000000000E+000
 -1.900000000000000E-002  0.000000000000000E+000
 -1.800000000000000E-002  0.000000000000000E+000
 -1.700000000000000E-002  0.000000000000000E+000
 -1.600000000000000E-002  0.000000000000000E+000
 -1.500000000000000E-002  0.000000000000000E+000
 -1.400000000000000E-002  0.000000000000000E+000
 -1.300000000000000E-002  0.000000000000000E+000
 -1.200000000000000E-002  0.000000000000000E+000
 -1.100000000000000E-002  0.000000000000000E+000
 -1.000000000000000E-002  0.000000000000000E+000
 -9.000000000000001E-003  0.000000000000000E+000
 -8.000000000000000E-003  0.199633904824831     
 -6.999999999999999E-003   5.27578024426055     
 -6.000000000000002E-003   11.1700910135771     
 -5.000000000000001E-003   23.7119845302033     
 -4.000000000000000E-003   25.8594502196791     
 -3.000000000000003E-003   26.1264856026274     
 -2.000000000000002E-003   23.4821086085355     
 -1.000000000000001E-003   18.4363365379380     
  0.000000000000000E+000   20.2918507707459     
  1.000000000000001E-003   10.9492512963496     
  1.999999999999998E-003   5.12130445101686     
  2.999999999999999E-003   3.85277045107670     
  4.000000000000000E-003   5.90982187314499     
  4.999999999999998E-003   3.63993245596872     
  5.999999999999998E-003   5.88099022138153     
  6.999999999999999E-003   5.15696058360087     
  8.000000000000000E-003   5.65359897905566     
  9.000000000000001E-003   7.07344057211986     
  1.000000000000000E-002   3.41759301492969     
  1.100000000000000E-002   8.79312083725991     
  1.200000000000000E-002   6.87892642895074     
  1.300000000000000E-002  0.299607402753117     
  1.400000000000000E-002  0.000000000000000E+000
  1.500000000000000E-002  0.000000000000000E+000
  1.600000000000000E-002  0.000000000000000E+000
  1.700000000000000E-002  0.000000000000000E+000
  1.800000000000000E-002  0.000000000000000E+000
  1.900000000000000E-002  0.000000000000000E+000
  2.000000000000000E-002  0.000000000000000E+000
  2.100000000000000E-002  0.000000000000000E+000
  2.200000000000000E-002  0.000000000000000E+000
  2.300000000000000E-002  0.000000000000000E+000
  2.400000000000000E-002  0.000000000000000E+000
  2.500000000000000E-002  0.000000000000000E+000
