 -2.500000000000000E-002  0.000000000000000E+000
 -2.400000000000000E-002  0.000000000000000E+000
 -2.300000000000000E-002  0.000000000000000E+000
 -2.200000000000000E-002  0.000000000000000E+000
 -2.100000000000000E-002  0.000000000000000E+000
 -2.000000000000000E-002  0.000000000000000E+000
 -1.900000000000000E-002  0.000000000000000E+000
 -1.800000000000000E-002  0.000000000000000E+000
 -1.700000000000000E-002  0.000000000000000E+000
 -1.600000000000000E-002  0.000000000000000E+000
 -1.500000000000000E-002  0.000000000000000E+000
 -1.400000000000000E-002  8.144708873020494E-002
 -1.300000000000000E-002  0.702403106981181     
 -1.200000000000000E-002   2.20544933415101     
 -1.100000000000000E-002   2.43836812175739     
 -1.000000000000000E-002   1.94258173934332     
 -9.000000000000001E-003   2.52147923391821     
 -8.000000000000000E-003   3.18908685478387     
 -6.999999999999999E-003   2.72777913475248     
 -6.000000000000002E-003   5.32154368215128     
 -5.000000000000001E-003   12.1316618084324     
 -4.000000000000000E-003   12.2425116636301     
 -3.000000000000003E-003   12.5016662377267     
 -2.000000000000002E-003   9.29257442962560     
 -1.000000000000001E-003   8.05780035535098     
  0.000000000000000E+000   9.70230603915712     
  1.000000000000001E-003   8.09540110517877     
  1.999999999999998E-003   7.43494762593589     
  2.999999999999999E-003   5.57844392448562     
  4.000000000000000E-003   7.41740947448052     
  4.999999999999998E-003   7.02658521666526     
  5.999999999999998E-003   9.17821732599932     
  6.999999999999999E-003   8.37140839125998     
  8.000000000000000E-003   5.91159830172411     
  9.000000000000001E-003   3.91835618462891     
  1.000000000000000E-002  0.545062468157539     
  1.100000000000000E-002  0.695999903985930     
  1.200000000000000E-002  0.407441554261003     
  1.300000000000000E-002  0.827254416298051     
  1.400000000000000E-002  0.656313038692993     
  1.500000000000000E-002  0.795423614169767     
  1.600000000000000E-002  0.142338623584576     
  1.700000000000000E-002  0.000000000000000E+000
  1.800000000000000E-002  0.000000000000000E+000
  1.900000000000000E-002  0.000000000000000E+000
  2.000000000000000E-002  0.000000000000000E+000
  2.100000000000000E-002  0.000000000000000E+000
  2.200000000000000E-002  0.000000000000000E+000
  2.300000000000000E-002  0.000000000000000E+000
  2.400000000000000E-002  0.000000000000000E+000
  2.500000000000000E-002  0.000000000000000E+000
