 -2.500000000000000E-002  0.000000000000000E+000
 -2.400000000000000E-002  0.000000000000000E+000
 -2.300000000000000E-002  0.000000000000000E+000
 -2.200000000000000E-002  0.000000000000000E+000
 -2.100000000000000E-002  0.000000000000000E+000
 -2.000000000000000E-002  0.000000000000000E+000
 -1.900000000000000E-002  0.000000000000000E+000
 -1.800000000000000E-002  0.000000000000000E+000
 -1.700000000000000E-002  0.000000000000000E+000
 -1.600000000000000E-002  0.000000000000000E+000
 -1.500000000000000E-002  0.000000000000000E+000
 -1.400000000000000E-002  0.000000000000000E+000
 -1.300000000000000E-002  0.000000000000000E+000
 -1.200000000000000E-002  0.000000000000000E+000
 -1.100000000000000E-002  0.000000000000000E+000
 -1.000000000000000E-002  0.000000000000000E+000
 -9.000000000000001E-003  0.000000000000000E+000
 -8.000000000000000E-003  0.000000000000000E+000
 -6.999999999999999E-003  0.352544264290388     
 -6.000000000000002E-003   3.65063577924132     
 -5.000000000000001E-003   14.1397018807953     
 -4.000000000000000E-003   23.8457028473871     
 -3.000000000000003E-003   15.5579248744033     
 -2.000000000000002E-003   16.4248281684133     
 -1.000000000000001E-003   10.1768424102317     
  0.000000000000000E+000   3.26860622116338     
  1.000000000000001E-003   3.99680039866105     
  1.999999999999998E-003   2.22267083453822     
  2.999999999999999E-003   1.56260482602218     
  4.000000000000000E-003   2.37439743671019     
  4.999999999999998E-003   1.48286637624328     
  5.999999999999998E-003   1.73377591936745     
  6.999999999999999E-003   1.68571326783248     
  8.000000000000000E-003   1.22540396221626     
  9.000000000000001E-003   3.02861710636918     
  1.000000000000000E-002   1.46468181264248     
  1.100000000000000E-002   3.13367443331567     
  1.200000000000000E-002   2.31890752286629     
  1.300000000000000E-002   7.73525637796134     
  1.400000000000000E-002  0.788273279328172     
  1.500000000000000E-002  0.000000000000000E+000
  1.600000000000000E-002  0.000000000000000E+000
  1.700000000000000E-002  0.000000000000000E+000
  1.800000000000000E-002  0.000000000000000E+000
  1.900000000000000E-002  0.000000000000000E+000
  2.000000000000000E-002  0.000000000000000E+000
  2.100000000000000E-002  0.000000000000000E+000
  2.200000000000000E-002  0.000000000000000E+000
  2.300000000000000E-002  0.000000000000000E+000
  2.400000000000000E-002  0.000000000000000E+000
  2.500000000000000E-002  0.000000000000000E+000
