 -2.500000000000000E-002  0.000000000000000E+000
 -2.400000000000000E-002  0.000000000000000E+000
 -2.300000000000000E-002  0.000000000000000E+000
 -2.200000000000000E-002  0.000000000000000E+000
 -2.100000000000000E-002  0.000000000000000E+000
 -2.000000000000000E-002  0.000000000000000E+000
 -1.900000000000000E-002  0.000000000000000E+000
 -1.800000000000000E-002  0.000000000000000E+000
 -1.700000000000000E-002  0.000000000000000E+000
 -1.600000000000000E-002  0.000000000000000E+000
 -1.500000000000000E-002  0.000000000000000E+000
 -1.400000000000000E-002  0.000000000000000E+000
 -1.300000000000000E-002  0.000000000000000E+000
 -1.200000000000000E-002  0.000000000000000E+000
 -1.100000000000000E-002  0.000000000000000E+000
 -1.000000000000000E-002  0.000000000000000E+000
 -9.000000000000001E-003  0.000000000000000E+000
 -8.000000000000000E-003  0.000000000000000E+000
 -6.999999999999999E-003   1.06475335286291     
 -6.000000000000002E-003   6.46648763500631     
 -5.000000000000001E-003   16.8824750531740     
 -4.000000000000000E-003   25.2394649183217     
 -3.000000000000003E-003   21.2546364530895     
 -2.000000000000002E-003   22.1565418290825     
 -1.000000000000001E-003   21.8368347638078     
  0.000000000000000E+000   12.0091724047854     
  1.000000000000001E-003   9.09826819915140     
  1.999999999999998E-003   5.57799382621295     
  2.999999999999999E-003   2.44666043834705     
  4.000000000000000E-003   2.89062615522068     
  4.999999999999998E-003   2.98254049188166     
  5.999999999999998E-003   3.15772569786625     
  6.999999999999999E-003   2.69895419402151     
  8.000000000000000E-003   4.16337066114560     
  9.000000000000001E-003   5.28278460517471     
  1.000000000000000E-002   4.72853961450952     
  1.100000000000000E-002   7.10600529297505     
  1.200000000000000E-002   3.57734755462624     
  1.300000000000000E-002   1.52175685873721     
  1.400000000000000E-002  0.000000000000000E+000
  1.500000000000000E-002  0.000000000000000E+000
  1.600000000000000E-002  0.000000000000000E+000
  1.700000000000000E-002  0.000000000000000E+000
  1.800000000000000E-002  0.000000000000000E+000
  1.900000000000000E-002  0.000000000000000E+000
  2.000000000000000E-002  0.000000000000000E+000
  2.100000000000000E-002  0.000000000000000E+000
  2.200000000000000E-002  0.000000000000000E+000
  2.300000000000000E-002  0.000000000000000E+000
  2.400000000000000E-002  0.000000000000000E+000
  2.500000000000000E-002  0.000000000000000E+000
