 -2.500000000000000E-002  0.000000000000000E+000
 -2.400000000000000E-002  0.000000000000000E+000
 -2.300000000000000E-002  0.000000000000000E+000
 -2.200000000000000E-002  0.000000000000000E+000
 -2.100000000000000E-002  0.000000000000000E+000
 -2.000000000000000E-002  0.000000000000000E+000
 -1.900000000000000E-002  0.000000000000000E+000
 -1.800000000000000E-002  0.000000000000000E+000
 -1.700000000000000E-002  0.000000000000000E+000
 -1.600000000000000E-002  0.000000000000000E+000
 -1.500000000000000E-002  0.000000000000000E+000
 -1.400000000000000E-002  0.000000000000000E+000
 -1.300000000000000E-002  0.000000000000000E+000
 -1.200000000000000E-002  0.000000000000000E+000
 -1.100000000000000E-002  0.000000000000000E+000
 -1.000000000000000E-002  0.000000000000000E+000
 -9.000000000000001E-003  0.000000000000000E+000
 -8.000000000000000E-003  0.000000000000000E+000
 -6.999999999999999E-003   1.08747772645053     
 -6.000000000000002E-003   9.43206092623574     
 -5.000000000000001E-003   9.72662488990494     
 -4.000000000000000E-003   9.60940639953346     
 -3.000000000000003E-003   17.5042226138046     
 -2.000000000000002E-003   26.7158053509038     
 -1.000000000000001E-003   29.0895979875138     
  0.000000000000000E+000   19.5044974642368     
  1.000000000000001E-003   15.3006021592521     
  1.999999999999998E-003   14.9436387420480     
  2.999999999999999E-003   5.83252533537446     
  4.000000000000000E-003   1.74676759750790     
  4.999999999999998E-003  0.596782692835789     
  5.999999999999998E-003  0.660914627713133     
  6.999999999999999E-003  0.959522598020643     
  8.000000000000000E-003   2.15826253076300     
  9.000000000000001E-003   1.65439831633862     
  1.000000000000000E-002   1.61808529378680     
  1.100000000000000E-002   4.48460050205926     
  1.200000000000000E-002   4.04811973783647     
  1.300000000000000E-002   2.56723847990066     
  1.400000000000000E-002   1.43043802797951     
  1.500000000000000E-002  0.000000000000000E+000
  1.600000000000000E-002  0.000000000000000E+000
  1.700000000000000E-002  0.000000000000000E+000
  1.800000000000000E-002  0.000000000000000E+000
  1.900000000000000E-002  0.000000000000000E+000
  2.000000000000000E-002  0.000000000000000E+000
  2.100000000000000E-002  0.000000000000000E+000
  2.200000000000000E-002  0.000000000000000E+000
  2.300000000000000E-002  0.000000000000000E+000
  2.400000000000000E-002  0.000000000000000E+000
  2.500000000000000E-002  0.000000000000000E+000
