 -2.500000000000000E-002  0.000000000000000E+000
 -2.400000000000000E-002  0.000000000000000E+000
 -2.300000000000000E-002  0.000000000000000E+000
 -2.200000000000000E-002  0.000000000000000E+000
 -2.100000000000000E-002  0.000000000000000E+000
 -2.000000000000000E-002  0.000000000000000E+000
 -1.900000000000000E-002  0.000000000000000E+000
 -1.800000000000000E-002  0.000000000000000E+000
 -1.700000000000000E-002  0.000000000000000E+000
 -1.600000000000000E-002  0.000000000000000E+000
 -1.500000000000000E-002  0.396624189080669     
 -1.400000000000000E-002   2.31552227991743     
 -1.300000000000000E-002   1.64620618789983     
 -1.200000000000000E-002   2.53408826020083     
 -1.100000000000000E-002   3.13467574507737     
 -1.000000000000000E-002   1.73370945225086     
 -9.000000000000001E-003   1.72865956249975     
 -8.000000000000000E-003   1.65874227895785     
 -6.999999999999999E-003   2.60647190874502     
 -6.000000000000002E-003   5.00861865150742     
 -5.000000000000001E-003   8.21175243905689     
 -4.000000000000000E-003   7.65911345610403     
 -3.000000000000003E-003   8.32461175882755     
 -2.000000000000002E-003   8.06033910641361     
 -1.000000000000001E-003   8.49629020279007     
  0.000000000000000E+000   8.69333303322920     
  1.000000000000001E-003   9.90675913511868     
  1.999999999999998E-003   8.71938673727611     
  2.999999999999999E-003   5.10735667127610     
  4.000000000000000E-003   4.30599940329639     
  4.999999999999998E-003   3.69247787486915     
  5.999999999999998E-003   2.04319475289478     
  6.999999999999999E-003   2.52594679673753     
  8.000000000000000E-003   1.84184167697174     
  9.000000000000001E-003   1.75029920282776     
  1.000000000000000E-002   1.96951424350613     
  1.100000000000000E-002   2.38186210237765     
  1.200000000000000E-002   2.87408184646135     
  1.300000000000000E-002   5.75184406876300     
  1.400000000000000E-002   2.83197234535089     
  1.500000000000000E-002  0.341574629714327     
  1.600000000000000E-002  0.000000000000000E+000
  1.700000000000000E-002  0.000000000000000E+000
  1.800000000000000E-002  0.000000000000000E+000
  1.900000000000000E-002  0.000000000000000E+000
  2.000000000000000E-002  0.000000000000000E+000
  2.100000000000000E-002  0.000000000000000E+000
  2.200000000000000E-002  0.000000000000000E+000
  2.300000000000000E-002  0.000000000000000E+000
  2.400000000000000E-002  0.000000000000000E+000
  2.500000000000000E-002  0.000000000000000E+000
