 -2.500000000000000E-002  0.000000000000000E+000
 -2.400000000000000E-002  0.000000000000000E+000
 -2.300000000000000E-002  0.000000000000000E+000
 -2.200000000000000E-002  0.000000000000000E+000
 -2.100000000000000E-002  0.000000000000000E+000
 -2.000000000000000E-002  0.000000000000000E+000
 -1.900000000000000E-002  0.000000000000000E+000
 -1.800000000000000E-002  0.000000000000000E+000
 -1.700000000000000E-002  0.000000000000000E+000
 -1.600000000000000E-002  0.000000000000000E+000
 -1.500000000000000E-002  0.000000000000000E+000
 -1.400000000000000E-002  0.000000000000000E+000
 -1.300000000000000E-002  0.000000000000000E+000
 -1.200000000000000E-002  0.385004325938851     
 -1.100000000000000E-002   3.46567084098368     
 -1.000000000000000E-002   3.51291412319550     
 -9.000000000000001E-003   2.96982086173571     
 -8.000000000000000E-003   3.62519351949836     
 -6.999999999999999E-003   3.88876534705521     
 -6.000000000000002E-003   8.24123335675791     
 -5.000000000000001E-003   6.25275568911775     
 -4.000000000000000E-003   4.01021680699590     
 -3.000000000000003E-003   5.10811395640722     
 -2.000000000000002E-003   5.26390136482807     
 -1.000000000000001E-003   6.71612713854580     
  0.000000000000000E+000   5.21836053962868     
  1.000000000000001E-003   3.72423607514853     
  1.999999999999998E-003   6.37460582016264     
  2.999999999999999E-003   6.76000023917684     
  4.000000000000000E-003   6.81169946593799     
  4.999999999999998E-003   4.06355268771280     
  5.999999999999998E-003   4.01253805776283     
  6.999999999999999E-003   3.07624647646704     
  8.000000000000000E-003   3.89862971891675     
  9.000000000000001E-003   6.38271232095389     
  1.000000000000000E-002   4.11888575516460     
  1.100000000000000E-002   2.50597092083937     
  1.200000000000000E-002  0.218884591068077     
  1.300000000000000E-002  0.000000000000000E+000
  1.400000000000000E-002  0.000000000000000E+000
  1.500000000000000E-002  0.000000000000000E+000
  1.600000000000000E-002  0.000000000000000E+000
  1.700000000000000E-002  0.000000000000000E+000
  1.800000000000000E-002  0.000000000000000E+000
  1.900000000000000E-002  0.000000000000000E+000
  2.000000000000000E-002  0.000000000000000E+000
  2.100000000000000E-002  0.000000000000000E+000
  2.200000000000000E-002  0.000000000000000E+000
  2.300000000000000E-002  0.000000000000000E+000
  2.400000000000000E-002  0.000000000000000E+000
  2.500000000000000E-002  0.000000000000000E+000
