 -2.500000000000000E-002  0.000000000000000E+000
 -2.400000000000000E-002  0.000000000000000E+000
 -2.300000000000000E-002  0.000000000000000E+000
 -2.200000000000000E-002  0.000000000000000E+000
 -2.100000000000000E-002  0.000000000000000E+000
 -2.000000000000000E-002  0.000000000000000E+000
 -1.900000000000000E-002  0.000000000000000E+000
 -1.800000000000000E-002  0.000000000000000E+000
 -1.700000000000000E-002  0.000000000000000E+000
 -1.600000000000000E-002  0.143051123147832     
 -1.500000000000000E-002  0.288545411120902     
 -1.400000000000000E-002   1.52977642490915     
 -1.300000000000000E-002  0.413567040822115     
 -1.200000000000000E-002  3.054086657475252E-005
 -1.100000000000000E-002   1.20590784096756     
 -1.000000000000000E-002   1.07779527787402     
 -9.000000000000001E-003  0.939738624974025     
 -8.000000000000000E-003  0.710087715317822     
 -6.999999999999999E-003   1.08986583026075     
 -6.000000000000002E-003   8.73522507123751     
 -5.000000000000001E-003   12.8341475264626     
 -4.000000000000000E-003   16.2590300625548     
 -3.000000000000003E-003   15.7564471197218     
 -2.000000000000002E-003   16.3201622357264     
 -1.000000000000001E-003   13.8352352151010     
  0.000000000000000E+000   13.7292615236590     
  1.000000000000001E-003   15.1801236946715     
  1.999999999999998E-003   11.9895110642104     
  2.999999999999999E-003   11.3196828546237     
  4.000000000000000E-003   5.47142509618419     
  4.999999999999998E-003   11.4212138114845     
  5.999999999999998E-003   7.93416745639969     
  6.999999999999999E-003   6.43971782100670     
  8.000000000000000E-003   1.34627939674290     
  9.000000000000001E-003   2.03096344231330     
  1.000000000000000E-002   1.61020934532859     
  1.100000000000000E-002  0.548496900441939     
  1.200000000000000E-002  0.830732397552102     
  1.300000000000000E-002   2.14968199187121     
  1.400000000000000E-002   1.17602814065242     
  1.500000000000000E-002  9.304200179296734E-002
  1.600000000000000E-002  0.000000000000000E+000
  1.700000000000000E-002  0.000000000000000E+000
  1.800000000000000E-002  0.000000000000000E+000
  1.900000000000000E-002  0.000000000000000E+000
  2.000000000000000E-002  0.000000000000000E+000
  2.100000000000000E-002  0.000000000000000E+000
  2.200000000000000E-002  0.000000000000000E+000
  2.300000000000000E-002  0.000000000000000E+000
  2.400000000000000E-002  0.000000000000000E+000
  2.500000000000000E-002  0.000000000000000E+000
