 -2.500000000000000E-002  0.000000000000000E+000
 -2.400000000000000E-002  0.000000000000000E+000
 -2.300000000000000E-002  0.000000000000000E+000
 -2.200000000000000E-002  0.000000000000000E+000
 -2.100000000000000E-002  0.000000000000000E+000
 -2.000000000000000E-002  0.000000000000000E+000
 -1.900000000000000E-002  0.000000000000000E+000
 -1.800000000000000E-002  0.000000000000000E+000
 -1.700000000000000E-002  0.000000000000000E+000
 -1.600000000000000E-002  0.000000000000000E+000
 -1.500000000000000E-002  0.000000000000000E+000
 -1.400000000000000E-002  0.000000000000000E+000
 -1.300000000000000E-002  0.000000000000000E+000
 -1.200000000000000E-002  0.000000000000000E+000
 -1.100000000000000E-002  0.000000000000000E+000
 -1.000000000000000E-002  0.000000000000000E+000
 -9.000000000000001E-003  0.740746063219673     
 -8.000000000000000E-003   1.45350773532672     
 -6.999999999999999E-003   1.97381657020501     
 -6.000000000000002E-003   4.87561833771865     
 -5.000000000000001E-003   5.35410410101833     
 -4.000000000000000E-003   9.88736406545253     
 -3.000000000000003E-003   11.6718038002833     
 -2.000000000000002E-003   9.74018234827839     
 -1.000000000000001E-003   10.0582009843149     
  0.000000000000000E+000   7.09236105649448     
  1.000000000000001E-003   9.11756115901245     
  1.999999999999998E-003   5.59736787221164     
  2.999999999999999E-003   3.32276166012271     
  4.000000000000000E-003   3.75728381879722     
  4.999999999999998E-003   3.12208527232956     
  5.999999999999998E-003   1.95014467629706     
  6.999999999999999E-003   4.07337450732661     
  8.000000000000000E-003   2.08175152863133     
  9.000000000000001E-003   2.97051438029961     
  1.000000000000000E-002   1.53832807532098     
  1.100000000000000E-002   2.61117973642150     
  1.200000000000000E-002  0.276052250917273     
  1.300000000000000E-002  0.000000000000000E+000
  1.400000000000000E-002  0.000000000000000E+000
  1.500000000000000E-002  0.000000000000000E+000
  1.600000000000000E-002  0.000000000000000E+000
  1.700000000000000E-002  0.000000000000000E+000
  1.800000000000000E-002  0.000000000000000E+000
  1.900000000000000E-002  0.000000000000000E+000
  2.000000000000000E-002  0.000000000000000E+000
  2.100000000000000E-002  0.000000000000000E+000
  2.200000000000000E-002  0.000000000000000E+000
  2.300000000000000E-002  0.000000000000000E+000
  2.400000000000000E-002  0.000000000000000E+000
  2.500000000000000E-002  0.000000000000000E+000
