 -2.500000000000000E-002  0.000000000000000E+000
 -2.400000000000000E-002  0.000000000000000E+000
 -2.300000000000000E-002  0.000000000000000E+000
 -2.200000000000000E-002  0.000000000000000E+000
 -2.100000000000000E-002  0.000000000000000E+000
 -2.000000000000000E-002  0.000000000000000E+000
 -1.900000000000000E-002  0.000000000000000E+000
 -1.800000000000000E-002  0.000000000000000E+000
 -1.700000000000000E-002  0.000000000000000E+000
 -1.600000000000000E-002  0.000000000000000E+000
 -1.500000000000000E-002  0.000000000000000E+000
 -1.400000000000000E-002  0.000000000000000E+000
 -1.300000000000000E-002  0.684154229491613     
 -1.200000000000000E-002   2.26011575402102     
 -1.100000000000000E-002  0.374217663395979     
 -1.000000000000000E-002   1.47488844913639     
 -9.000000000000001E-003   1.30705170467155     
 -8.000000000000000E-003  0.198374272256933     
 -6.999999999999999E-003   1.42350641525995     
 -6.000000000000002E-003   2.91882537531480     
 -5.000000000000001E-003   9.86584679714601     
 -4.000000000000000E-003   4.82018075892509     
 -3.000000000000003E-003   7.69580133787950     
 -2.000000000000002E-003   16.3119948145956     
 -1.000000000000001E-003   7.91175980584490     
  0.000000000000000E+000   7.19491643513604     
  1.000000000000001E-003   24.1502215962553     
  1.999999999999998E-003   29.8158943744899     
  2.999999999999999E-003   33.6603368523089     
  4.000000000000000E-003   11.2220733638705     
  4.999999999999998E-003  0.000000000000000E+000
  5.999999999999998E-003  0.000000000000000E+000
  6.999999999999999E-003  0.000000000000000E+000
  8.000000000000000E-003  0.000000000000000E+000
  9.000000000000001E-003  0.000000000000000E+000
  1.000000000000000E-002  0.000000000000000E+000
  1.100000000000000E-002  0.000000000000000E+000
  1.200000000000000E-002  0.000000000000000E+000
  1.300000000000000E-002  0.000000000000000E+000
  1.400000000000000E-002  0.000000000000000E+000
  1.500000000000000E-002  0.000000000000000E+000
  1.600000000000000E-002  0.000000000000000E+000
  1.700000000000000E-002  0.000000000000000E+000
  1.800000000000000E-002  0.000000000000000E+000
  1.900000000000000E-002  0.000000000000000E+000
  2.000000000000000E-002  0.000000000000000E+000
  2.100000000000000E-002  0.000000000000000E+000
  2.200000000000000E-002  0.000000000000000E+000
  2.300000000000000E-002  0.000000000000000E+000
  2.400000000000000E-002  0.000000000000000E+000
  2.500000000000000E-002  0.000000000000000E+000
