 -2.500000000000000E-002  0.000000000000000E+000
 -2.400000000000000E-002  0.000000000000000E+000
 -2.300000000000000E-002  0.000000000000000E+000
 -2.200000000000000E-002  0.000000000000000E+000
 -2.100000000000000E-002  0.000000000000000E+000
 -2.000000000000000E-002  0.000000000000000E+000
 -1.900000000000000E-002  0.000000000000000E+000
 -1.800000000000000E-002  0.000000000000000E+000
 -1.700000000000000E-002  9.004700659513932E-003
 -1.600000000000000E-002  0.499327193600825     
 -1.500000000000000E-002   1.65325617144901     
 -1.400000000000000E-002   1.03772193429065     
 -1.300000000000000E-002  0.445734405213092     
 -1.200000000000000E-002  0.695083064999673     
 -1.100000000000000E-002  0.784935595217391     
 -1.000000000000000E-002   1.42187918478348     
 -9.000000000000001E-003  0.981985670646115     
 -8.000000000000000E-003  0.788433006080397     
 -6.999999999999999E-003  0.475919306284043     
 -6.000000000000002E-003   1.96657148262897     
 -5.000000000000001E-003   13.8584950240527     
 -4.000000000000000E-003   39.5914550169088     
 -3.000000000000003E-003   32.2867499608368     
 -2.000000000000002E-003   22.4089112392294     
 -1.000000000000001E-003   20.2356570334404     
  0.000000000000000E+000   17.3007051820181     
  1.000000000000001E-003   9.67163949368600     
  1.999999999999998E-003   4.56008156900184     
  2.999999999999999E-003   4.18336309347569     
  4.000000000000000E-003   5.71337320844895     
  4.999999999999998E-003   2.61343936552155     
  5.999999999999998E-003   2.58575562412171     
  6.999999999999999E-003   2.43407874347001     
  8.000000000000000E-003   4.29959871965329     
  9.000000000000001E-003   12.4474783259272     
  1.000000000000000E-002   4.78769995996699     
  1.100000000000000E-002   4.07550509162982     
  1.200000000000000E-002   6.78371379033643     
  1.300000000000000E-002   3.85802469263616     
  1.400000000000000E-002   1.81642609171520     
  1.500000000000000E-002  0.306717058069801     
  1.600000000000000E-002  0.000000000000000E+000
  1.700000000000000E-002  0.000000000000000E+000
  1.800000000000000E-002  0.000000000000000E+000
  1.900000000000000E-002  0.000000000000000E+000
  2.000000000000000E-002  0.000000000000000E+000
  2.100000000000000E-002  0.000000000000000E+000
  2.200000000000000E-002  0.000000000000000E+000
  2.300000000000000E-002  0.000000000000000E+000
  2.400000000000000E-002  0.000000000000000E+000
  2.500000000000000E-002  0.000000000000000E+000
