 -2.500000000000000E-002  0.000000000000000E+000
 -2.400000000000000E-002  0.000000000000000E+000
 -2.300000000000000E-002  0.000000000000000E+000
 -2.200000000000000E-002  0.000000000000000E+000
 -2.100000000000000E-002  0.000000000000000E+000
 -2.000000000000000E-002  0.000000000000000E+000
 -1.900000000000000E-002  0.000000000000000E+000
 -1.800000000000000E-002  0.000000000000000E+000
 -1.700000000000000E-002  0.168745446191134     
 -1.600000000000000E-002  0.342307172079409     
 -1.500000000000000E-002  0.621420536894987     
 -1.400000000000000E-002  0.965811389745706     
 -1.300000000000000E-002  0.597606016676832     
 -1.200000000000000E-002  0.398539681600405     
 -1.100000000000000E-002  0.671783466131540     
 -1.000000000000000E-002   1.00409896853937     
 -9.000000000000001E-003  0.974821122074225     
 -8.000000000000000E-003   1.55775083216950     
 -6.999999999999999E-003   1.95563056371586     
 -6.000000000000002E-003   6.79136337775301     
 -5.000000000000001E-003   11.1174317573640     
 -4.000000000000000E-003   15.2089467641957     
 -3.000000000000003E-003   13.5495411706091     
 -2.000000000000002E-003   11.4119253810662     
 -1.000000000000001E-003   11.9947245455589     
  0.000000000000000E+000   13.7770977772222     
  1.000000000000001E-003   12.4483584274374     
  1.999999999999998E-003   8.92470734365348     
  2.999999999999999E-003   6.69685919352765     
  4.000000000000000E-003   10.0488725075430     
  4.999999999999998E-003   6.96929751694871     
  5.999999999999998E-003   8.27498089193221     
  6.999999999999999E-003   7.52813724294113     
  8.000000000000000E-003   6.57768258394449     
  9.000000000000001E-003   2.39867404696672     
  1.000000000000000E-002   1.49150141032516     
  1.100000000000000E-002  0.834452865192117     
  1.200000000000000E-002  0.000000000000000E+000
  1.300000000000000E-002  0.000000000000000E+000
  1.400000000000000E-002  0.000000000000000E+000
  1.500000000000000E-002  0.000000000000000E+000
  1.600000000000000E-002  0.000000000000000E+000
  1.700000000000000E-002  0.000000000000000E+000
  1.800000000000000E-002  0.000000000000000E+000
  1.900000000000000E-002  0.000000000000000E+000
  2.000000000000000E-002  0.000000000000000E+000
  2.100000000000000E-002  0.000000000000000E+000
  2.200000000000000E-002  0.000000000000000E+000
  2.300000000000000E-002  0.000000000000000E+000
  2.400000000000000E-002  0.000000000000000E+000
  2.500000000000000E-002  0.000000000000000E+000
