 -2.500000000000000E-002  0.000000000000000E+000
 -2.400000000000000E-002  0.000000000000000E+000
 -2.300000000000000E-002  0.000000000000000E+000
 -2.200000000000000E-002  0.000000000000000E+000
 -2.100000000000000E-002  0.000000000000000E+000
 -2.000000000000000E-002  0.000000000000000E+000
 -1.900000000000000E-002  0.000000000000000E+000
 -1.800000000000000E-002  0.000000000000000E+000
 -1.700000000000000E-002  0.000000000000000E+000
 -1.600000000000000E-002  0.000000000000000E+000
 -1.500000000000000E-002  0.000000000000000E+000
 -1.400000000000000E-002  0.000000000000000E+000
 -1.300000000000000E-002  0.000000000000000E+000
 -1.200000000000000E-002  0.000000000000000E+000
 -1.100000000000000E-002  8.848985979428166E-002
 -1.000000000000000E-002   1.24596365025459     
 -9.000000000000001E-003   4.87908024080992     
 -8.000000000000000E-003   6.31693736114232     
 -6.999999999999999E-003   7.12347171830736     
 -6.000000000000002E-003   6.56897735084017     
 -5.000000000000001E-003   11.5384681370889     
 -4.000000000000000E-003   18.2748305990846     
 -3.000000000000003E-003   18.0712541404405     
 -2.000000000000002E-003   20.1263012485129     
 -1.000000000000001E-003   17.8849276628726     
  0.000000000000000E+000   8.90624343883850     
  1.000000000000001E-003   7.16895692419196     
  1.999999999999998E-003   5.06273030643036     
  2.999999999999999E-003   2.86043004012338     
  4.000000000000000E-003   2.52886205557297     
  4.999999999999998E-003   2.98762875651430     
  5.999999999999998E-003   1.43006833563947     
  6.999999999999999E-003   4.07552295125223     
  8.000000000000000E-003   3.11859748014020     
  9.000000000000001E-003   4.88323023135263     
  1.000000000000000E-002   6.49802995579433     
  1.100000000000000E-002   4.98954562917194     
  1.200000000000000E-002   3.69419827099282     
  1.300000000000000E-002   1.11261134707270     
  1.400000000000000E-002   1.43952012044617     
  1.500000000000000E-002   1.28102218731798     
  1.600000000000000E-002  0.527617685217767     
  1.700000000000000E-002  0.328052314782234     
  1.800000000000000E-002  0.382688316172306     
  1.900000000000000E-002  0.680483296822144     
  2.000000000000000E-002  0.753821234541958     
  2.100000000000000E-002  0.672227152463588     
  2.200000000000000E-002  0.000000000000000E+000
  2.300000000000000E-002  0.000000000000000E+000
  2.400000000000000E-002  0.000000000000000E+000
  2.500000000000000E-002  0.000000000000000E+000
