 -2.500000000000000E-002  0.000000000000000E+000
 -2.400000000000000E-002  0.000000000000000E+000
 -2.300000000000000E-002  0.000000000000000E+000
 -2.200000000000000E-002  0.000000000000000E+000
 -2.100000000000000E-002  0.000000000000000E+000
 -2.000000000000000E-002  0.000000000000000E+000
 -1.900000000000000E-002  0.000000000000000E+000
 -1.800000000000000E-002  0.000000000000000E+000
 -1.700000000000000E-002  0.000000000000000E+000
 -1.600000000000000E-002  0.000000000000000E+000
 -1.500000000000000E-002  0.000000000000000E+000
 -1.400000000000000E-002  0.000000000000000E+000
 -1.300000000000000E-002  0.000000000000000E+000
 -1.200000000000000E-002  0.000000000000000E+000
 -1.100000000000000E-002  0.000000000000000E+000
 -1.000000000000000E-002  0.000000000000000E+000
 -9.000000000000001E-003  0.376271012292080     
 -8.000000000000000E-003   4.54603001965603     
 -6.999999999999999E-003   7.70946621730823     
 -6.000000000000002E-003   7.83620731857672     
 -5.000000000000001E-003   9.99061106414817     
 -4.000000000000000E-003   10.9049167524357     
 -3.000000000000003E-003   7.16567877338755     
 -2.000000000000002E-003   6.38326610761279     
 -1.000000000000001E-003   10.9697007517313     
  0.000000000000000E+000   4.49235557899154     
  1.000000000000001E-003   5.80777034102580     
  1.999999999999998E-003   9.04186753797945     
  2.999999999999999E-003   5.17709045675886     
  4.000000000000000E-003   5.39894202989729     
  4.999999999999998E-003   16.3209030384932     
  5.999999999999998E-003   15.0748870226028     
  6.999999999999999E-003   5.44690748893202     
  8.000000000000000E-003   1.19932848817045     
  9.000000000000001E-003  0.000000000000000E+000
  1.000000000000000E-002  0.000000000000000E+000
  1.100000000000000E-002  0.000000000000000E+000
  1.200000000000000E-002  0.000000000000000E+000
  1.300000000000000E-002  0.000000000000000E+000
  1.400000000000000E-002  0.000000000000000E+000
  1.500000000000000E-002  0.000000000000000E+000
  1.600000000000000E-002  0.000000000000000E+000
  1.700000000000000E-002  0.000000000000000E+000
  1.800000000000000E-002  0.000000000000000E+000
  1.900000000000000E-002  0.000000000000000E+000
  2.000000000000000E-002  0.000000000000000E+000
  2.100000000000000E-002  0.000000000000000E+000
  2.200000000000000E-002  0.000000000000000E+000
  2.300000000000000E-002  0.000000000000000E+000
  2.400000000000000E-002  0.000000000000000E+000
  2.500000000000000E-002  0.000000000000000E+000
