 -2.500000000000000E-002  0.000000000000000E+000
 -2.400000000000000E-002  0.000000000000000E+000
 -2.300000000000000E-002  0.000000000000000E+000
 -2.200000000000000E-002  0.000000000000000E+000
 -2.100000000000000E-002  0.000000000000000E+000
 -2.000000000000000E-002  0.000000000000000E+000
 -1.900000000000000E-002  0.000000000000000E+000
 -1.800000000000000E-002  0.000000000000000E+000
 -1.700000000000000E-002  0.000000000000000E+000
 -1.600000000000000E-002  0.000000000000000E+000
 -1.500000000000000E-002  0.000000000000000E+000
 -1.400000000000000E-002  0.000000000000000E+000
 -1.300000000000000E-002  0.000000000000000E+000
 -1.200000000000000E-002  0.000000000000000E+000
 -1.100000000000000E-002  0.000000000000000E+000
 -1.000000000000000E-002  0.000000000000000E+000
 -9.000000000000001E-003  0.000000000000000E+000
 -8.000000000000000E-003  2.115499678641089E-002
 -6.999999999999999E-003   1.64963647865260     
 -6.000000000000002E-003   3.98774010841413     
 -5.000000000000001E-003   10.5985039160687     
 -4.000000000000000E-003   17.4996330823449     
 -3.000000000000003E-003   18.6039769343116     
 -2.000000000000002E-003   16.6524172065260     
 -1.000000000000001E-003   20.2841720988762     
  0.000000000000000E+000   15.7045851905897     
  1.000000000000001E-003   22.4377024985843     
  1.999999999999998E-003   7.80492896097218     
  2.999999999999999E-003   2.89769745706467     
  4.000000000000000E-003   2.57440797633146     
  4.999999999999998E-003   2.07713298572795     
  5.999999999999998E-003   1.26137546579824     
  6.999999999999999E-003   3.91147015706324     
  8.000000000000000E-003   3.19778882429994     
  9.000000000000001E-003   2.41473044110824     
  1.000000000000000E-002   2.26697433430963     
  1.100000000000000E-002   2.51349709809853     
  1.200000000000000E-002   2.60985820109294     
  1.300000000000000E-002   1.95002415423085     
  1.400000000000000E-002  0.643781432747562     
  1.500000000000000E-002  0.000000000000000E+000
  1.600000000000000E-002  0.000000000000000E+000
  1.700000000000000E-002  0.000000000000000E+000
  1.800000000000000E-002  0.000000000000000E+000
  1.900000000000000E-002  0.000000000000000E+000
  2.000000000000000E-002  0.000000000000000E+000
  2.100000000000000E-002  0.000000000000000E+000
  2.200000000000000E-002  0.000000000000000E+000
  2.300000000000000E-002  0.000000000000000E+000
  2.400000000000000E-002  0.000000000000000E+000
  2.500000000000000E-002  0.000000000000000E+000
