 -2.500000000000000E-002  0.000000000000000E+000
 -2.400000000000000E-002  0.000000000000000E+000
 -2.300000000000000E-002  0.000000000000000E+000
 -2.200000000000000E-002  0.000000000000000E+000
 -2.100000000000000E-002  0.000000000000000E+000
 -2.000000000000000E-002  0.000000000000000E+000
 -1.900000000000000E-002  0.000000000000000E+000
 -1.800000000000000E-002  0.000000000000000E+000
 -1.700000000000000E-002  0.000000000000000E+000
 -1.600000000000000E-002  0.138938979587136     
 -1.500000000000000E-002  0.470725646588081     
 -1.400000000000000E-002   1.53532292542559     
 -1.300000000000000E-002  0.661762448399190     
 -1.200000000000000E-002  0.447009749621431     
 -1.100000000000000E-002  0.844393735747457     
 -1.000000000000000E-002   1.08192144941686     
 -9.000000000000001E-003  0.860360916811349     
 -8.000000000000000E-003  0.863600742232113     
 -6.999999999999999E-003  0.697554788083559     
 -6.000000000000002E-003   1.18887289450099     
 -5.000000000000001E-003   1.98754610983433     
 -4.000000000000000E-003   5.37099065414356     
 -3.000000000000003E-003   18.2435553240710     
 -2.000000000000002E-003   37.9327882697863     
 -1.000000000000001E-003   43.5097180605796     
  0.000000000000000E+000   34.7098891256579     
  1.000000000000001E-003   26.3851336982060     
  1.999999999999998E-003   20.3333915725166     
  2.999999999999999E-003   12.4241006011766     
  4.000000000000000E-003   1.69799831090143     
  4.999999999999998E-003   1.54730607756777     
  5.999999999999998E-003   1.18753544563355     
  6.999999999999999E-003  0.697243276890923     
  8.000000000000000E-003  0.826966082767765     
  9.000000000000001E-003  0.973674665868559     
  1.000000000000000E-002   1.41554972269564     
  1.100000000000000E-002   1.38369382371305     
  1.200000000000000E-002   1.58628631229363     
  1.300000000000000E-002   2.23181787338627     
  1.400000000000000E-002   2.30270829242446     
  1.500000000000000E-002   1.77537343599642     
  1.600000000000000E-002  0.458988987475019     
  1.700000000000000E-002  0.000000000000000E+000
  1.800000000000000E-002  0.000000000000000E+000
  1.900000000000000E-002  0.000000000000000E+000
  2.000000000000000E-002  0.000000000000000E+000
  2.100000000000000E-002  0.000000000000000E+000
  2.200000000000000E-002  0.000000000000000E+000
  2.300000000000000E-002  0.000000000000000E+000
  2.400000000000000E-002  0.000000000000000E+000
  2.500000000000000E-002  0.000000000000000E+000
