 -2.500000000000000E-002  0.000000000000000E+000
 -2.400000000000000E-002  0.000000000000000E+000
 -2.300000000000000E-002  0.000000000000000E+000
 -2.200000000000000E-002  0.000000000000000E+000
 -2.100000000000000E-002  0.000000000000000E+000
 -2.000000000000000E-002  0.000000000000000E+000
 -1.900000000000000E-002  0.000000000000000E+000
 -1.800000000000000E-002  0.000000000000000E+000
 -1.700000000000000E-002  0.000000000000000E+000
 -1.600000000000000E-002  0.000000000000000E+000
 -1.500000000000000E-002  0.000000000000000E+000
 -1.400000000000000E-002  0.000000000000000E+000
 -1.300000000000000E-002  0.000000000000000E+000
 -1.200000000000000E-002  0.000000000000000E+000
 -1.100000000000000E-002  0.000000000000000E+000
 -1.000000000000000E-002  0.885638492276888     
 -9.000000000000001E-003   3.68198379551437     
 -8.000000000000000E-003   2.51192695503982     
 -6.999999999999999E-003   5.95283463545299     
 -6.000000000000002E-003   8.63399324784276     
 -5.000000000000001E-003   18.4721197333662     
 -4.000000000000000E-003   21.0822060037063     
 -3.000000000000003E-003   14.0865615409583     
 -2.000000000000002E-003   11.9617889748676     
 -1.000000000000001E-003   11.7039469241744     
  0.000000000000000E+000   8.13173338189728     
  1.000000000000001E-003   9.23114601207948     
  1.999999999999998E-003   6.83329176812991     
  2.999999999999999E-003   8.75610310600518     
  4.000000000000000E-003   7.60419388534866     
  4.999999999999998E-003   5.93668184618596     
  5.999999999999998E-003   6.15292878703415     
  6.999999999999999E-003   5.49918463066970     
  8.000000000000000E-003   7.78667191178037     
  9.000000000000001E-003   6.19891469927126     
  1.000000000000000E-002   6.16856911660511     
  1.100000000000000E-002   2.65127853869126     
  1.200000000000000E-002   1.55762201310215     
  1.300000000000000E-002  0.000000000000000E+000
  1.400000000000000E-002  0.000000000000000E+000
  1.500000000000000E-002  0.000000000000000E+000
  1.600000000000000E-002  0.000000000000000E+000
  1.700000000000000E-002  0.000000000000000E+000
  1.800000000000000E-002  0.000000000000000E+000
  1.900000000000000E-002  0.000000000000000E+000
  2.000000000000000E-002  0.000000000000000E+000
  2.100000000000000E-002  0.000000000000000E+000
  2.200000000000000E-002  0.000000000000000E+000
  2.300000000000000E-002  0.000000000000000E+000
  2.400000000000000E-002  0.000000000000000E+000
  2.500000000000000E-002  0.000000000000000E+000
