 -2.500000000000000E-002  0.000000000000000E+000
 -2.400000000000000E-002  0.000000000000000E+000
 -2.300000000000000E-002  0.000000000000000E+000
 -2.200000000000000E-002  0.000000000000000E+000
 -2.100000000000000E-002  0.000000000000000E+000
 -2.000000000000000E-002  0.000000000000000E+000
 -1.900000000000000E-002  0.000000000000000E+000
 -1.800000000000000E-002  0.000000000000000E+000
 -1.700000000000000E-002  0.000000000000000E+000
 -1.600000000000000E-002  0.000000000000000E+000
 -1.500000000000000E-002  0.000000000000000E+000
 -1.400000000000000E-002  0.000000000000000E+000
 -1.300000000000000E-002  0.000000000000000E+000
 -1.200000000000000E-002  0.000000000000000E+000
 -1.100000000000000E-002  0.000000000000000E+000
 -1.000000000000000E-002  0.000000000000000E+000
 -9.000000000000001E-003  0.000000000000000E+000
 -8.000000000000000E-003  0.000000000000000E+000
 -6.999999999999999E-003  0.000000000000000E+000
 -6.000000000000002E-003   5.62780138679422     
 -5.000000000000001E-003   10.3928499319032     
 -4.000000000000000E-003   8.81066072234434     
 -3.000000000000003E-003   25.0631502075511     
 -2.000000000000002E-003   35.2556100361445     
 -1.000000000000001E-003   36.9933061320591     
  0.000000000000000E+000   23.1388083878738     
  1.000000000000001E-003   21.5378799060152     
  1.999999999999998E-003   22.9475576336252     
  2.999999999999999E-003   7.87201615801725     
  4.000000000000000E-003   1.93910389079349     
  4.999999999999998E-003   1.11837465577840     
  5.999999999999998E-003  0.851275001101668     
  6.999999999999999E-003  0.960766869055773     
  8.000000000000000E-003   2.51368781753973     
  9.000000000000001E-003   1.61923032041241     
  1.000000000000000E-002  0.842537196281248     
  1.100000000000000E-002   3.90712409584817     
  1.200000000000000E-002   3.94220338201294     
  1.300000000000000E-002   2.78724533064705     
  1.400000000000000E-002  0.969580938201125     
  1.500000000000000E-002  0.000000000000000E+000
  1.600000000000000E-002  0.000000000000000E+000
  1.700000000000000E-002  0.000000000000000E+000
  1.800000000000000E-002  0.000000000000000E+000
  1.900000000000000E-002  0.000000000000000E+000
  2.000000000000000E-002  0.000000000000000E+000
  2.100000000000000E-002  0.000000000000000E+000
  2.200000000000000E-002  0.000000000000000E+000
  2.300000000000000E-002  0.000000000000000E+000
  2.400000000000000E-002  0.000000000000000E+000
  2.500000000000000E-002  0.000000000000000E+000
