 -2.500000000000000E-002  0.000000000000000E+000
 -2.400000000000000E-002  0.000000000000000E+000
 -2.300000000000000E-002  0.000000000000000E+000
 -2.200000000000000E-002  0.000000000000000E+000
 -2.100000000000000E-002  0.000000000000000E+000
 -2.000000000000000E-002  0.000000000000000E+000
 -1.900000000000000E-002  0.000000000000000E+000
 -1.800000000000000E-002  0.000000000000000E+000
 -1.700000000000000E-002  0.000000000000000E+000
 -1.600000000000000E-002  0.000000000000000E+000
 -1.500000000000000E-002  0.720344349292263     
 -1.400000000000000E-002   1.17650242970874     
 -1.300000000000000E-002   2.08812146418009     
 -1.200000000000000E-002  0.734219359592862     
 -1.100000000000000E-002   1.01338524675104     
 -1.000000000000000E-002   1.55431586375118     
 -9.000000000000001E-003   2.24226161886786     
 -8.000000000000000E-003   2.12601551967735     
 -6.999999999999999E-003   1.05830031004662     
 -6.000000000000002E-003   2.18718328076418     
 -5.000000000000001E-003   3.18241534997694     
 -4.000000000000000E-003   15.9780693603494     
 -3.000000000000003E-003   23.5866914043280     
 -2.000000000000002E-003   20.5002840085958     
 -1.000000000000001E-003   18.1508159012277     
  0.000000000000000E+000   16.8667070912624     
  1.000000000000001E-003   16.9465673421970     
  1.999999999999998E-003   19.7329213603402     
  2.999999999999999E-003   11.4944272709909     
  4.000000000000000E-003   4.97730820650444     
  4.999999999999998E-003   2.23109888871158     
  5.999999999999998E-003   1.34753641097056     
  6.999999999999999E-003   1.20620948490839     
  8.000000000000000E-003   1.04011379096854     
  9.000000000000001E-003   2.21533540402743     
  1.000000000000000E-002   3.59727268720892     
  1.100000000000000E-002   3.69908544801242     
  1.200000000000000E-002   2.19638833383296     
  1.300000000000000E-002   2.72244452775606     
  1.400000000000000E-002   1.90730619812330     
  1.500000000000000E-002   1.19281153340529     
  1.600000000000000E-002  0.165050553669729     
  1.700000000000000E-002  0.000000000000000E+000
  1.800000000000000E-002  0.000000000000000E+000
  1.900000000000000E-002  0.000000000000000E+000
  2.000000000000000E-002  0.000000000000000E+000
  2.100000000000000E-002  0.000000000000000E+000
  2.200000000000000E-002  0.000000000000000E+000
  2.300000000000000E-002  0.000000000000000E+000
  2.400000000000000E-002  0.000000000000000E+000
  2.500000000000000E-002  0.000000000000000E+000
