 -2.500000000000000E-002  0.000000000000000E+000
 -2.400000000000000E-002  0.000000000000000E+000
 -2.300000000000000E-002  0.000000000000000E+000
 -2.200000000000000E-002  0.000000000000000E+000
 -2.100000000000000E-002  0.000000000000000E+000
 -2.000000000000000E-002  0.000000000000000E+000
 -1.900000000000000E-002  0.000000000000000E+000
 -1.800000000000000E-002  0.000000000000000E+000
 -1.700000000000000E-002  0.000000000000000E+000
 -1.600000000000000E-002  0.000000000000000E+000
 -1.500000000000000E-002  0.000000000000000E+000
 -1.400000000000000E-002  0.000000000000000E+000
 -1.300000000000000E-002  0.000000000000000E+000
 -1.200000000000000E-002  0.000000000000000E+000
 -1.100000000000000E-002  0.000000000000000E+000
 -1.000000000000000E-002  0.000000000000000E+000
 -9.000000000000001E-003  0.000000000000000E+000
 -8.000000000000000E-003  0.000000000000000E+000
 -6.999999999999999E-003  0.253500606387479     
 -6.000000000000002E-003   3.40402620820427     
 -5.000000000000001E-003   6.77785385160606     
 -4.000000000000000E-003   15.4798397675126     
 -3.000000000000003E-003   33.7505345080714     
 -2.000000000000002E-003   33.3004243941518     
 -1.000000000000001E-003   27.8845159870835     
  0.000000000000000E+000   21.8965477179584     
  1.000000000000001E-003   19.4906076074428     
  1.999999999999998E-003   17.8665160661490     
  2.999999999999999E-003   3.85284024447619     
  4.000000000000000E-003   2.51651531748565     
  4.999999999999998E-003   2.36216621404723     
  5.999999999999998E-003   2.27973200325807     
  6.999999999999999E-003   3.16671417155189     
  8.000000000000000E-003   2.73708913200940     
  9.000000000000001E-003   3.38549729846954     
  1.000000000000000E-002   1.84007194889950     
  1.100000000000000E-002   4.09479127469614     
  1.200000000000000E-002   4.74310855464850     
  1.300000000000000E-002   1.05583712589065     
  1.400000000000000E-002  0.000000000000000E+000
  1.500000000000000E-002  0.000000000000000E+000
  1.600000000000000E-002  0.000000000000000E+000
  1.700000000000000E-002  0.000000000000000E+000
  1.800000000000000E-002  0.000000000000000E+000
  1.900000000000000E-002  0.000000000000000E+000
  2.000000000000000E-002  0.000000000000000E+000
  2.100000000000000E-002  0.000000000000000E+000
  2.200000000000000E-002  0.000000000000000E+000
  2.300000000000000E-002  0.000000000000000E+000
  2.400000000000000E-002  0.000000000000000E+000
  2.500000000000000E-002  0.000000000000000E+000
