 -2.500000000000000E-002  0.000000000000000E+000
 -2.400000000000000E-002  0.000000000000000E+000
 -2.300000000000000E-002  0.000000000000000E+000
 -2.200000000000000E-002  0.000000000000000E+000
 -2.100000000000000E-002  0.000000000000000E+000
 -2.000000000000000E-002  0.000000000000000E+000
 -1.900000000000000E-002  0.000000000000000E+000
 -1.800000000000000E-002  0.000000000000000E+000
 -1.700000000000000E-002  0.000000000000000E+000
 -1.600000000000000E-002  0.000000000000000E+000
 -1.500000000000000E-002  0.000000000000000E+000
 -1.400000000000000E-002  0.000000000000000E+000
 -1.300000000000000E-002  0.905199071407991     
 -1.200000000000000E-002   4.63784015582082     
 -1.100000000000000E-002   9.98858162452311     
 -1.000000000000000E-002   16.5507242964002     
 -9.000000000000001E-003   11.8994652248564     
 -8.000000000000000E-003   7.54833526639289     
 -6.999999999999999E-003   7.16507413977285     
 -6.000000000000002E-003   3.67917913102449     
 -5.000000000000001E-003   2.06879857777233     
 -4.000000000000000E-003   4.49169742784209     
 -3.000000000000003E-003   4.42342425510840     
 -2.000000000000002E-003   1.31095006959145     
 -1.000000000000001E-003   3.81081958197921     
  0.000000000000000E+000   7.67762581321738     
  1.000000000000001E-003   5.88987302363197     
  1.999999999999998E-003   4.74752294900225     
  2.999999999999999E-003   5.71449967415137     
  4.000000000000000E-003   3.34034976149130     
  4.999999999999998E-003   6.61525292836523     
  5.999999999999998E-003   9.54191127323788     
  6.999999999999999E-003   11.5048333009575     
  8.000000000000000E-003   15.8490775833050     
  9.000000000000001E-003   12.5601103596526     
  1.000000000000000E-002   10.7965917201510     
  1.100000000000000E-002   5.99916322341592     
  1.200000000000000E-002  0.261689566928366     
  1.300000000000000E-002  0.000000000000000E+000
  1.400000000000000E-002  0.000000000000000E+000
  1.500000000000000E-002  0.000000000000000E+000
  1.600000000000000E-002  0.000000000000000E+000
  1.700000000000000E-002  0.000000000000000E+000
  1.800000000000000E-002  0.000000000000000E+000
  1.900000000000000E-002  0.000000000000000E+000
  2.000000000000000E-002  0.000000000000000E+000
  2.100000000000000E-002  0.000000000000000E+000
  2.200000000000000E-002  0.000000000000000E+000
  2.300000000000000E-002  0.000000000000000E+000
  2.400000000000000E-002  0.000000000000000E+000
  2.500000000000000E-002  0.000000000000000E+000
