 -2.500000000000000E-002  0.000000000000000E+000
 -2.400000000000000E-002  0.000000000000000E+000
 -2.300000000000000E-002  0.000000000000000E+000
 -2.200000000000000E-002  0.000000000000000E+000
 -2.100000000000000E-002  0.000000000000000E+000
 -2.000000000000000E-002  0.000000000000000E+000
 -1.900000000000000E-002  0.000000000000000E+000
 -1.800000000000000E-002  0.000000000000000E+000
 -1.700000000000000E-002  0.000000000000000E+000
 -1.600000000000000E-002  0.000000000000000E+000
 -1.500000000000000E-002  0.000000000000000E+000
 -1.400000000000000E-002  0.000000000000000E+000
 -1.300000000000000E-002  0.000000000000000E+000
 -1.200000000000000E-002  0.000000000000000E+000
 -1.100000000000000E-002  0.000000000000000E+000
 -1.000000000000000E-002  0.000000000000000E+000
 -9.000000000000001E-003  0.000000000000000E+000
 -8.000000000000000E-003  0.000000000000000E+000
 -6.999999999999999E-003  0.000000000000000E+000
 -6.000000000000002E-003  0.000000000000000E+000
 -5.000000000000001E-003  0.466003712697172     
 -4.000000000000000E-003   7.71583018676926     
 -3.000000000000003E-003   24.3303292954686     
 -2.000000000000002E-003   30.4307479674114     
 -1.000000000000001E-003   42.0085873030501     
  0.000000000000000E+000   36.4995310050235     
  1.000000000000001E-003   32.5747273874742     
  1.999999999999998E-003   33.7450894170751     
  2.999999999999999E-003   8.03728183096139     
  4.000000000000000E-003   2.42074205615324     
  4.999999999999998E-003   2.00960337276595     
  5.999999999999998E-003  0.912632592926018     
  6.999999999999999E-003  0.195675282323510     
  8.000000000000000E-003  0.109427670200974     
  9.000000000000001E-003  5.545480583235651E-002
  1.000000000000000E-002   1.32530697945129     
  1.100000000000000E-002  0.266009134415897     
  1.200000000000000E-002  0.000000000000000E+000
  1.300000000000000E-002  0.000000000000000E+000
  1.400000000000000E-002  0.694396170006720     
  1.500000000000000E-002   1.45488382999328     
  1.600000000000000E-002  3.700039981524528E-002
  1.700000000000000E-002  7.967960018475483E-002
  1.800000000000000E-002  0.000000000000000E+000
  1.900000000000000E-002  0.000000000000000E+000
  2.000000000000000E-002  0.000000000000000E+000
  2.100000000000000E-002  0.000000000000000E+000
  2.200000000000000E-002  0.000000000000000E+000
  2.300000000000000E-002  0.000000000000000E+000
  2.400000000000000E-002  0.000000000000000E+000
  2.500000000000000E-002  0.000000000000000E+000
