 -2.500000000000000E-002  0.000000000000000E+000
 -2.400000000000000E-002  0.000000000000000E+000
 -2.300000000000000E-002  0.000000000000000E+000
 -2.200000000000000E-002  0.000000000000000E+000
 -2.100000000000000E-002  0.000000000000000E+000
 -2.000000000000000E-002  0.000000000000000E+000
 -1.900000000000000E-002  0.000000000000000E+000
 -1.800000000000000E-002  0.000000000000000E+000
 -1.700000000000000E-002  0.000000000000000E+000
 -1.600000000000000E-002  0.000000000000000E+000
 -1.500000000000000E-002  0.000000000000000E+000
 -1.400000000000000E-002  0.000000000000000E+000
 -1.300000000000000E-002  0.000000000000000E+000
 -1.200000000000000E-002  0.000000000000000E+000
 -1.100000000000000E-002  0.000000000000000E+000
 -1.000000000000000E-002  0.000000000000000E+000
 -9.000000000000001E-003  0.000000000000000E+000
 -8.000000000000000E-003  0.000000000000000E+000
 -6.999999999999999E-003  0.841412956013105     
 -6.000000000000002E-003   6.48972128614682     
 -5.000000000000001E-003   9.32031705705889     
 -4.000000000000000E-003   17.7043538120369     
 -3.000000000000003E-003   17.9862770855519     
 -2.000000000000002E-003   14.0741335790744     
 -1.000000000000001E-003   12.1440346776554     
  0.000000000000000E+000   11.0302809350326     
  1.000000000000001E-003   8.95860402342368     
  1.999999999999998E-003   1.19912906072700     
  2.999999999999999E-003  0.403106782214427     
  4.000000000000000E-003   2.41247248458561     
  4.999999999999998E-003  0.514086980451140     
  5.999999999999998E-003  0.848930462851896     
  6.999999999999999E-003  0.736540070977096     
  8.000000000000000E-003   2.20819097193638     
  9.000000000000001E-003   1.51348010790976     
  1.000000000000000E-002   2.25720845483357     
  1.100000000000000E-002   5.16385034935986     
  1.200000000000000E-002   3.44956562358576     
  1.300000000000000E-002   3.38977256020006     
  1.400000000000000E-002   1.52655413041808     
  1.500000000000000E-002  0.138016547955633     
  1.600000000000000E-002  0.000000000000000E+000
  1.700000000000000E-002  0.000000000000000E+000
  1.800000000000000E-002  0.000000000000000E+000
  1.900000000000000E-002  0.000000000000000E+000
  2.000000000000000E-002  0.000000000000000E+000
  2.100000000000000E-002  0.000000000000000E+000
  2.200000000000000E-002  0.000000000000000E+000
  2.300000000000000E-002  0.000000000000000E+000
  2.400000000000000E-002  0.000000000000000E+000
  2.500000000000000E-002  0.000000000000000E+000
