 -2.500000000000000E-002  0.000000000000000E+000
 -2.400000000000000E-002  0.000000000000000E+000
 -2.300000000000000E-002  0.000000000000000E+000
 -2.200000000000000E-002  0.000000000000000E+000
 -2.100000000000000E-002  0.000000000000000E+000
 -2.000000000000000E-002  0.000000000000000E+000
 -1.900000000000000E-002  0.000000000000000E+000
 -1.800000000000000E-002  0.000000000000000E+000
 -1.700000000000000E-002  0.000000000000000E+000
 -1.600000000000000E-002  0.000000000000000E+000
 -1.500000000000000E-002  0.000000000000000E+000
 -1.400000000000000E-002  0.000000000000000E+000
 -1.300000000000000E-002  0.000000000000000E+000
 -1.200000000000000E-002  0.000000000000000E+000
 -1.100000000000000E-002  0.000000000000000E+000
 -1.000000000000000E-002  0.845978761721842     
 -9.000000000000001E-003   3.50727066757369     
 -8.000000000000000E-003   3.08878060683684     
 -6.999999999999999E-003   6.33924596247052     
 -6.000000000000002E-003   7.29412322336705     
 -5.000000000000001E-003   10.8442039118397     
 -4.000000000000000E-003   5.85909031666400     
 -3.000000000000003E-003   5.62730004127457     
 -2.000000000000002E-003   7.20178488020490     
 -1.000000000000001E-003   6.06942284498503     
  0.000000000000000E+000   7.93275675358115     
  1.000000000000001E-003   6.26623340176197     
  1.999999999999998E-003   6.35662520843080     
  2.999999999999999E-003   4.51644729916943     
  4.000000000000000E-003   8.19648554452309     
  4.999999999999998E-003   9.62717814242942     
  5.999999999999998E-003   9.32810364790708     
  6.999999999999999E-003   6.98760306356159     
  8.000000000000000E-003   5.78267509128618     
  9.000000000000001E-003  0.199030630411135     
  1.000000000000000E-002  0.000000000000000E+000
  1.100000000000000E-002  0.000000000000000E+000
  1.200000000000000E-002  0.000000000000000E+000
  1.300000000000000E-002  0.000000000000000E+000
  1.400000000000000E-002  0.000000000000000E+000
  1.500000000000000E-002  0.000000000000000E+000
  1.600000000000000E-002  0.000000000000000E+000
  1.700000000000000E-002  0.000000000000000E+000
  1.800000000000000E-002  0.000000000000000E+000
  1.900000000000000E-002  0.000000000000000E+000
  2.000000000000000E-002  0.000000000000000E+000
  2.100000000000000E-002  0.000000000000000E+000
  2.200000000000000E-002  0.000000000000000E+000
  2.300000000000000E-002  0.000000000000000E+000
  2.400000000000000E-002  0.000000000000000E+000
  2.500000000000000E-002  0.000000000000000E+000
