 -2.500000000000000E-002  0.000000000000000E+000
 -2.400000000000000E-002  0.000000000000000E+000
 -2.300000000000000E-002  0.000000000000000E+000
 -2.200000000000000E-002  0.000000000000000E+000
 -2.100000000000000E-002  0.000000000000000E+000
 -2.000000000000000E-002  0.000000000000000E+000
 -1.900000000000000E-002  0.000000000000000E+000
 -1.800000000000000E-002  0.000000000000000E+000
 -1.700000000000000E-002  0.000000000000000E+000
 -1.600000000000000E-002  0.000000000000000E+000
 -1.500000000000000E-002  0.000000000000000E+000
 -1.400000000000000E-002  0.000000000000000E+000
 -1.300000000000000E-002  0.000000000000000E+000
 -1.200000000000000E-002  0.000000000000000E+000
 -1.100000000000000E-002  0.000000000000000E+000
 -1.000000000000000E-002  0.000000000000000E+000
 -9.000000000000001E-003  0.000000000000000E+000
 -8.000000000000000E-003  2.832784955652122E-003
 -6.999999999999999E-003   1.74021724780448     
 -6.000000000000002E-003   10.5295455016237     
 -5.000000000000001E-003   14.8943726976342     
 -4.000000000000000E-003   12.1534133845984     
 -3.000000000000003E-003   10.2203773929528     
 -2.000000000000002E-003   9.21497178592641     
 -1.000000000000001E-003   12.2215790832996     
  0.000000000000000E+000   8.63636762657637     
  1.000000000000001E-003   4.21794407264171     
  1.999999999999998E-003   5.35443314122749     
  2.999999999999999E-003   5.27204747177273     
  4.000000000000000E-003   2.24659521021304     
  4.999999999999998E-003   1.01430773647324     
  5.999999999999998E-003   1.15227368373561     
  6.999999999999999E-003   1.13270944018655     
  8.000000000000000E-003   1.27859666159783     
  9.000000000000001E-003   3.22085037355429     
  1.000000000000000E-002   1.97043716965949     
  1.100000000000000E-002   4.87464918549338     
  1.200000000000000E-002   4.03997879407540     
  1.300000000000000E-002   2.15708140000835     
  1.400000000000000E-002  0.671030748310859     
  1.500000000000000E-002  4.813740567838114E-002
  1.600000000000000E-002  0.000000000000000E+000
  1.700000000000000E-002  0.000000000000000E+000
  1.800000000000000E-002  0.000000000000000E+000
  1.900000000000000E-002  0.000000000000000E+000
  2.000000000000000E-002  0.000000000000000E+000
  2.100000000000000E-002  0.000000000000000E+000
  2.200000000000000E-002  0.000000000000000E+000
  2.300000000000000E-002  0.000000000000000E+000
  2.400000000000000E-002  0.000000000000000E+000
  2.500000000000000E-002  0.000000000000000E+000
