 -2.500000000000000E-002  0.000000000000000E+000
 -2.400000000000000E-002  0.000000000000000E+000
 -2.300000000000000E-002  0.000000000000000E+000
 -2.200000000000000E-002  0.000000000000000E+000
 -2.100000000000000E-002  0.000000000000000E+000
 -2.000000000000000E-002  0.000000000000000E+000
 -1.900000000000000E-002  0.000000000000000E+000
 -1.800000000000000E-002  0.000000000000000E+000
 -1.700000000000000E-002  0.000000000000000E+000
 -1.600000000000000E-002  0.000000000000000E+000
 -1.500000000000000E-002  0.000000000000000E+000
 -1.400000000000000E-002  0.000000000000000E+000
 -1.300000000000000E-002  0.000000000000000E+000
 -1.200000000000000E-002  0.000000000000000E+000
 -1.100000000000000E-002  0.000000000000000E+000
 -1.000000000000000E-002  0.000000000000000E+000
 -9.000000000000001E-003  0.650633348409663     
 -8.000000000000000E-003   3.29138073327388     
 -6.999999999999999E-003   7.71753157298025     
 -6.000000000000002E-003   16.8285355600138     
 -5.000000000000001E-003   20.9755740769692     
 -4.000000000000000E-003   23.3650452504054     
 -3.000000000000003E-003   21.0944865528201     
 -2.000000000000002E-003   20.8495802574019     
 -1.000000000000001E-003   20.6757870132924     
  0.000000000000000E+000   17.7615663159943     
  1.000000000000001E-003   17.9554433220656     
  1.999999999999998E-003   10.2965541970309     
  2.999999999999999E-003   10.4525189914563     
  4.000000000000000E-003   12.8566716105055     
  4.999999999999998E-003   11.3809407198826     
  5.999999999999998E-003   9.02636314827286     
  6.999999999999999E-003   2.82051217254675     
  8.000000000000000E-003   3.85390400212397     
  9.000000000000001E-003   2.78279154587793     
  1.000000000000000E-002   3.16651457207409     
  1.100000000000000E-002   8.20361926736023     
  1.200000000000000E-002   3.70837370937973     
  1.300000000000000E-002   2.96376619433900     
  1.400000000000000E-002  9.022586552373871E-002
  1.500000000000000E-002  0.000000000000000E+000
  1.600000000000000E-002  0.000000000000000E+000
  1.700000000000000E-002  0.000000000000000E+000
  1.800000000000000E-002  0.000000000000000E+000
  1.900000000000000E-002  0.000000000000000E+000
  2.000000000000000E-002  0.000000000000000E+000
  2.100000000000000E-002  0.000000000000000E+000
  2.200000000000000E-002  0.000000000000000E+000
  2.300000000000000E-002  0.000000000000000E+000
  2.400000000000000E-002  0.000000000000000E+000
  2.500000000000000E-002  0.000000000000000E+000
