 -2.500000000000000E-002  0.000000000000000E+000
 -2.400000000000000E-002  0.000000000000000E+000
 -2.300000000000000E-002  0.000000000000000E+000
 -2.200000000000000E-002  0.000000000000000E+000
 -2.100000000000000E-002  0.000000000000000E+000
 -2.000000000000000E-002  0.000000000000000E+000
 -1.900000000000000E-002  0.000000000000000E+000
 -1.800000000000000E-002  0.000000000000000E+000
 -1.700000000000000E-002  0.000000000000000E+000
 -1.600000000000000E-002  0.000000000000000E+000
 -1.500000000000000E-002  0.000000000000000E+000
 -1.400000000000000E-002  0.000000000000000E+000
 -1.300000000000000E-002  0.000000000000000E+000
 -1.200000000000000E-002  0.000000000000000E+000
 -1.100000000000000E-002  0.000000000000000E+000
 -1.000000000000000E-002  0.000000000000000E+000
 -9.000000000000001E-003  0.000000000000000E+000
 -8.000000000000000E-003  0.000000000000000E+000
 -6.999999999999999E-003   1.32054151609521     
 -6.000000000000002E-003   7.94596574623225     
 -5.000000000000001E-003   14.7574043657042     
 -4.000000000000000E-003   27.5901985888336     
 -3.000000000000003E-003   59.8497904370123     
 -2.000000000000002E-003   85.3876604611923     
 -1.000000000000001E-003   83.9953737929769     
  0.000000000000000E+000   61.7973822415270     
  1.000000000000001E-003   48.2182675591002     
  1.999999999999998E-003   37.9528026525017     
  2.999999999999999E-003   21.0866725335986     
  4.000000000000000E-003   5.47775962439822     
  4.999999999999998E-003   4.30592877501327     
  5.999999999999998E-003   5.54320652239962     
  6.999999999999999E-003   6.43297355140519     
  8.000000000000000E-003   4.70767222652436     
  9.000000000000001E-003   6.41066874591166     
  1.000000000000000E-002   4.73217203651836     
  1.100000000000000E-002   7.21174302394955     
  1.200000000000000E-002   8.93114851808106     
  1.300000000000000E-002   2.24254708102453     
  1.400000000000000E-002  0.000000000000000E+000
  1.500000000000000E-002  0.000000000000000E+000
  1.600000000000000E-002  0.000000000000000E+000
  1.700000000000000E-002  0.000000000000000E+000
  1.800000000000000E-002  0.000000000000000E+000
  1.900000000000000E-002  0.000000000000000E+000
  2.000000000000000E-002  0.000000000000000E+000
  2.100000000000000E-002  0.000000000000000E+000
  2.200000000000000E-002  0.000000000000000E+000
  2.300000000000000E-002  0.000000000000000E+000
  2.400000000000000E-002  0.000000000000000E+000
  2.500000000000000E-002  0.000000000000000E+000
