 -2.500000000000000E-002  0.000000000000000E+000
 -2.400000000000000E-002  0.000000000000000E+000
 -2.300000000000000E-002  0.000000000000000E+000
 -2.200000000000000E-002  0.000000000000000E+000
 -2.100000000000000E-002  0.000000000000000E+000
 -2.000000000000000E-002  0.000000000000000E+000
 -1.900000000000000E-002  0.000000000000000E+000
 -1.800000000000000E-002  0.000000000000000E+000
 -1.700000000000000E-002  0.000000000000000E+000
 -1.600000000000000E-002  0.000000000000000E+000
 -1.500000000000000E-002  0.000000000000000E+000
 -1.400000000000000E-002  0.000000000000000E+000
 -1.300000000000000E-002  0.658014428764297     
 -1.200000000000000E-002   4.17062499629465     
 -1.100000000000000E-002   2.30592092733841     
 -1.000000000000000E-002   1.46542560725654     
 -9.000000000000001E-003   3.91631731429861     
 -8.000000000000000E-003  0.932869971005610     
 -6.999999999999999E-003  0.752965959902950     
 -6.000000000000002E-003   1.73235205041605     
 -5.000000000000001E-003   2.50220763962500     
 -4.000000000000000E-003   9.22711362050794     
 -3.000000000000003E-003   6.24430979279179     
 -2.000000000000002E-003   4.24875530768531     
 -1.000000000000001E-003   18.8362570334283     
  0.000000000000000E+000   8.22590036536088     
  1.000000000000001E-003   3.59203365529816     
  1.999999999999998E-003   25.0931563176432     
  2.999999999999999E-003   28.2032062627387     
  4.000000000000000E-003   26.3812772929898     
  4.999999999999998E-003   2.26833145665386     
  5.999999999999998E-003  0.000000000000000E+000
  6.999999999999999E-003  0.000000000000000E+000
  8.000000000000000E-003  0.000000000000000E+000
  9.000000000000001E-003  0.000000000000000E+000
  1.000000000000000E-002  0.000000000000000E+000
  1.100000000000000E-002  0.000000000000000E+000
  1.200000000000000E-002  0.000000000000000E+000
  1.300000000000000E-002  0.000000000000000E+000
  1.400000000000000E-002  0.000000000000000E+000
  1.500000000000000E-002  0.000000000000000E+000
  1.600000000000000E-002  0.000000000000000E+000
  1.700000000000000E-002  0.000000000000000E+000
  1.800000000000000E-002  0.000000000000000E+000
  1.900000000000000E-002  0.000000000000000E+000
  2.000000000000000E-002  0.000000000000000E+000
  2.100000000000000E-002  0.000000000000000E+000
  2.200000000000000E-002  0.000000000000000E+000
  2.300000000000000E-002  0.000000000000000E+000
  2.400000000000000E-002  0.000000000000000E+000
  2.500000000000000E-002  0.000000000000000E+000
