 -2.500000000000000E-002  0.000000000000000E+000
 -2.400000000000000E-002  0.000000000000000E+000
 -2.300000000000000E-002  0.000000000000000E+000
 -2.200000000000000E-002  0.000000000000000E+000
 -2.100000000000000E-002  0.000000000000000E+000
 -2.000000000000000E-002  0.000000000000000E+000
 -1.900000000000000E-002  0.000000000000000E+000
 -1.800000000000000E-002  0.000000000000000E+000
 -1.700000000000000E-002  0.000000000000000E+000
 -1.600000000000000E-002  0.000000000000000E+000
 -1.500000000000000E-002  0.000000000000000E+000
 -1.400000000000000E-002  0.000000000000000E+000
 -1.300000000000000E-002  0.000000000000000E+000
 -1.200000000000000E-002  0.000000000000000E+000
 -1.100000000000000E-002  0.000000000000000E+000
 -1.000000000000000E-002  0.000000000000000E+000
 -9.000000000000001E-003  0.000000000000000E+000
 -8.000000000000000E-003  0.000000000000000E+000
 -6.999999999999999E-003  0.000000000000000E+000
 -6.000000000000002E-003  0.000000000000000E+000
 -5.000000000000001E-003  0.774163009179471     
 -4.000000000000000E-003   6.54653550247285     
 -3.000000000000003E-003   27.4002805378316     
 -2.000000000000002E-003   41.1624962961906     
 -1.000000000000001E-003   38.1140216239986     
  0.000000000000000E+000   29.7420366092644     
  1.000000000000001E-003   22.7037122941402     
  1.999999999999998E-003   20.6919827404614     
  2.999999999999999E-003   8.52548136907601     
  4.000000000000000E-003   1.24969222956617     
  4.999999999999998E-003  0.538938229128641     
  5.999999999999998E-003   1.25398319488925     
  6.999999999999999E-003   1.30579304714631     
  8.000000000000000E-003  0.333643748318316     
  9.000000000000001E-003  0.777840601321322     
  1.000000000000000E-002   1.38904029566478     
  1.100000000000000E-002   2.62498402299196     
  1.200000000000000E-002   1.79108455914163     
  1.300000000000000E-002  0.899594482762147     
  1.400000000000000E-002   1.86900392547754     
  1.500000000000000E-002  0.119301680976763     
  1.600000000000000E-002  0.000000000000000E+000
  1.700000000000000E-002  0.000000000000000E+000
  1.800000000000000E-002  0.000000000000000E+000
  1.900000000000000E-002  0.000000000000000E+000
  2.000000000000000E-002  0.000000000000000E+000
  2.100000000000000E-002  0.000000000000000E+000
  2.200000000000000E-002  0.000000000000000E+000
  2.300000000000000E-002  0.000000000000000E+000
  2.400000000000000E-002  0.000000000000000E+000
  2.500000000000000E-002  0.000000000000000E+000
