 -2.500000000000000E-002  0.000000000000000E+000
 -2.400000000000000E-002  0.000000000000000E+000
 -2.300000000000000E-002  0.000000000000000E+000
 -2.200000000000000E-002  0.000000000000000E+000
 -2.100000000000000E-002  0.000000000000000E+000
 -2.000000000000000E-002  0.000000000000000E+000
 -1.900000000000000E-002  0.000000000000000E+000
 -1.800000000000000E-002  0.000000000000000E+000
 -1.700000000000000E-002  0.000000000000000E+000
 -1.600000000000000E-002  0.000000000000000E+000
 -1.500000000000000E-002  0.000000000000000E+000
 -1.400000000000000E-002  0.000000000000000E+000
 -1.300000000000000E-002  0.000000000000000E+000
 -1.200000000000000E-002  0.000000000000000E+000
 -1.100000000000000E-002  0.000000000000000E+000
 -1.000000000000000E-002  0.000000000000000E+000
 -9.000000000000001E-003  0.000000000000000E+000
 -8.000000000000000E-003  0.297843720410123     
 -6.999999999999999E-003   2.75176345633655     
 -6.000000000000002E-003   5.25611889281943     
 -5.000000000000001E-003   9.71782234750892     
 -4.000000000000000E-003   21.3846720985075     
 -3.000000000000003E-003   47.9446271612527     
 -2.000000000000002E-003   48.7916387687149     
 -1.000000000000001E-003   38.6931009688390     
  0.000000000000000E+000   31.3489666047085     
  1.000000000000001E-003   24.3675584160434     
  1.999999999999998E-003   16.8783381548845     
  2.999999999999999E-003   6.66603306959910     
  4.000000000000000E-003   5.12964604784535     
  4.999999999999998E-003   4.35307005628031     
  5.999999999999998E-003   6.43404022694333     
  6.999999999999999E-003   6.13087582122002     
  8.000000000000000E-003   6.25133339877280     
  9.000000000000001E-003   2.94281010909777     
  1.000000000000000E-002   8.66134105772967     
  1.100000000000000E-002   8.72929073244003     
  1.200000000000000E-002  0.508688890046011     
  1.300000000000000E-002  0.000000000000000E+000
  1.400000000000000E-002  0.000000000000000E+000
  1.500000000000000E-002  0.000000000000000E+000
  1.600000000000000E-002  0.000000000000000E+000
  1.700000000000000E-002  0.000000000000000E+000
  1.800000000000000E-002  0.000000000000000E+000
  1.900000000000000E-002  0.000000000000000E+000
  2.000000000000000E-002  0.000000000000000E+000
  2.100000000000000E-002  0.000000000000000E+000
  2.200000000000000E-002  0.000000000000000E+000
  2.300000000000000E-002  0.000000000000000E+000
  2.400000000000000E-002  0.000000000000000E+000
  2.500000000000000E-002  0.000000000000000E+000
