 -2.500000000000000E-002  0.000000000000000E+000
 -2.400000000000000E-002  0.000000000000000E+000
 -2.300000000000000E-002  0.000000000000000E+000
 -2.200000000000000E-002  0.000000000000000E+000
 -2.100000000000000E-002  0.000000000000000E+000
 -2.000000000000000E-002  0.000000000000000E+000
 -1.900000000000000E-002  0.000000000000000E+000
 -1.800000000000000E-002  0.000000000000000E+000
 -1.700000000000000E-002  0.000000000000000E+000
 -1.600000000000000E-002  0.000000000000000E+000
 -1.500000000000000E-002  0.000000000000000E+000
 -1.400000000000000E-002  4.218152964411327E-002
 -1.300000000000000E-002  0.566278470355887     
 -1.200000000000000E-002   1.92762543943537     
 -1.100000000000000E-002   2.07974437418181     
 -1.000000000000000E-002   3.73294920552107     
 -9.000000000000001E-003   6.03442003252245     
 -8.000000000000000E-003   3.00060719896822     
 -6.999999999999999E-003   4.32535868716401     
 -6.000000000000002E-003   3.55263699046244     
 -5.000000000000001E-003   2.36056726653566     
 -4.000000000000000E-003   4.05686272912869     
 -3.000000000000003E-003   2.84778482493216     
 -2.000000000000002E-003   3.47361443649468     
 -1.000000000000001E-003   3.45629610702672     
  0.000000000000000E+000   6.18415439061729     
  1.000000000000001E-003   7.80774163951663     
  1.999999999999998E-003   4.20244127342409     
  2.999999999999999E-003   3.38143584934584     
  4.000000000000000E-003   15.0517323660246     
  4.999999999999998E-003   12.3739147486859     
  5.999999999999998E-003   18.2602741993420     
  6.999999999999999E-003   1.52758824067038     
  8.000000000000000E-003  0.000000000000000E+000
  9.000000000000001E-003  0.000000000000000E+000
  1.000000000000000E-002  0.000000000000000E+000
  1.100000000000000E-002  0.000000000000000E+000
  1.200000000000000E-002  0.000000000000000E+000
  1.300000000000000E-002  0.000000000000000E+000
  1.400000000000000E-002  0.000000000000000E+000
  1.500000000000000E-002  0.000000000000000E+000
  1.600000000000000E-002  0.000000000000000E+000
  1.700000000000000E-002  0.000000000000000E+000
  1.800000000000000E-002  0.000000000000000E+000
  1.900000000000000E-002  0.000000000000000E+000
  2.000000000000000E-002  0.000000000000000E+000
  2.100000000000000E-002  0.000000000000000E+000
  2.200000000000000E-002  0.000000000000000E+000
  2.300000000000000E-002  0.000000000000000E+000
  2.400000000000000E-002  0.000000000000000E+000
  2.500000000000000E-002  0.000000000000000E+000
