 -2.500000000000000E-002  0.000000000000000E+000
 -2.400000000000000E-002  0.000000000000000E+000
 -2.300000000000000E-002  0.000000000000000E+000
 -2.200000000000000E-002  0.000000000000000E+000
 -2.100000000000000E-002  0.000000000000000E+000
 -2.000000000000000E-002  0.000000000000000E+000
 -1.900000000000000E-002  0.000000000000000E+000
 -1.800000000000000E-002  0.000000000000000E+000
 -1.700000000000000E-002  0.000000000000000E+000
 -1.600000000000000E-002  0.000000000000000E+000
 -1.500000000000000E-002  0.000000000000000E+000
 -1.400000000000000E-002  0.000000000000000E+000
 -1.300000000000000E-002  0.000000000000000E+000
 -1.200000000000000E-002  0.000000000000000E+000
 -1.100000000000000E-002  0.000000000000000E+000
 -1.000000000000000E-002  0.000000000000000E+000
 -9.000000000000001E-003  0.000000000000000E+000
 -8.000000000000000E-003  0.000000000000000E+000
 -6.999999999999999E-003  0.000000000000000E+000
 -6.000000000000002E-003  5.561451819931924E-002
 -5.000000000000001E-003   6.08392946186297     
 -4.000000000000000E-003   29.9880224125188     
 -3.000000000000003E-003   28.9453919596574     
 -2.000000000000002E-003   22.0670506171335     
 -1.000000000000001E-003   15.9374414645065     
  0.000000000000000E+000   9.73170194978911     
  1.000000000000001E-003   16.7502143313549     
  1.999999999999998E-003   5.59616518751426     
  2.999999999999999E-003   1.33773372274376     
  4.000000000000000E-003   1.55448080086453     
  4.999999999999998E-003   1.79089884812622     
  5.999999999999998E-003   1.14306293390757     
  6.999999999999999E-003   1.48921688488862     
  8.000000000000000E-003   1.34780050038825     
  9.000000000000001E-003   2.53991630492821     
  1.000000000000000E-002   3.46199609428318     
  1.100000000000000E-002   1.40273782006221     
  1.200000000000000E-002   1.71376219378301     
  1.300000000000000E-002   4.83673238873385     
  1.400000000000000E-002   4.49355144038948     
  1.500000000000000E-002  3.748164364323497E-003
  1.600000000000000E-002  0.000000000000000E+000
  1.700000000000000E-002  0.000000000000000E+000
  1.800000000000000E-002  0.000000000000000E+000
  1.900000000000000E-002  0.000000000000000E+000
  2.000000000000000E-002  0.000000000000000E+000
  2.100000000000000E-002  0.000000000000000E+000
  2.200000000000000E-002  0.000000000000000E+000
  2.300000000000000E-002  0.000000000000000E+000
  2.400000000000000E-002  0.000000000000000E+000
  2.500000000000000E-002  0.000000000000000E+000
