 -2.500000000000000E-002  0.000000000000000E+000
 -2.400000000000000E-002  0.000000000000000E+000
 -2.300000000000000E-002  0.000000000000000E+000
 -2.200000000000000E-002  0.000000000000000E+000
 -2.100000000000000E-002  0.000000000000000E+000
 -2.000000000000000E-002  0.000000000000000E+000
 -1.900000000000000E-002  0.000000000000000E+000
 -1.800000000000000E-002  0.000000000000000E+000
 -1.700000000000000E-002  0.000000000000000E+000
 -1.600000000000000E-002  0.000000000000000E+000
 -1.500000000000000E-002  0.000000000000000E+000
 -1.400000000000000E-002  0.000000000000000E+000
 -1.300000000000000E-002  0.000000000000000E+000
 -1.200000000000000E-002  0.000000000000000E+000
 -1.100000000000000E-002  0.000000000000000E+000
 -1.000000000000000E-002  0.000000000000000E+000
 -9.000000000000001E-003   2.21881557878476     
 -8.000000000000000E-003   4.97586444302152     
 -6.999999999999999E-003   6.31443900214964     
 -6.000000000000002E-003   6.46256004609120     
 -5.000000000000001E-003   5.13619016182475     
 -4.000000000000000E-003   7.62953173763332     
 -3.000000000000003E-003   7.02725832124040     
 -2.000000000000002E-003   4.09158768847160     
 -1.000000000000001E-003   3.24667990364766     
  0.000000000000000E+000   4.08598409733386     
  1.000000000000001E-003   5.42251305470791     
  1.999999999999998E-003   4.34500273495366     
  2.999999999999999E-003   6.83037597805726     
  4.000000000000000E-003   12.3885065109576     
  4.999999999999998E-003   4.53168145099920     
  5.999999999999998E-003   5.88326768828009     
  6.999999999999999E-003   5.48776827687495     
  8.000000000000000E-003   4.53564876857323     
  9.000000000000001E-003   1.61079086285429     
  1.000000000000000E-002  8.082369354303556E-002
  1.100000000000000E-002  0.000000000000000E+000
  1.200000000000000E-002  0.000000000000000E+000
  1.300000000000000E-002  0.000000000000000E+000
  1.400000000000000E-002  0.000000000000000E+000
  1.500000000000000E-002  0.000000000000000E+000
  1.600000000000000E-002  0.000000000000000E+000
  1.700000000000000E-002  0.000000000000000E+000
  1.800000000000000E-002  0.000000000000000E+000
  1.900000000000000E-002  0.000000000000000E+000
  2.000000000000000E-002  0.000000000000000E+000
  2.100000000000000E-002  0.000000000000000E+000
  2.200000000000000E-002  0.000000000000000E+000
  2.300000000000000E-002  0.000000000000000E+000
  2.400000000000000E-002  0.000000000000000E+000
  2.500000000000000E-002  0.000000000000000E+000
