 -2.500000000000000E-002  0.000000000000000E+000
 -2.400000000000000E-002  0.000000000000000E+000
 -2.300000000000000E-002  0.000000000000000E+000
 -2.200000000000000E-002  0.000000000000000E+000
 -2.100000000000000E-002  0.000000000000000E+000
 -2.000000000000000E-002  0.000000000000000E+000
 -1.900000000000000E-002  0.000000000000000E+000
 -1.800000000000000E-002  0.000000000000000E+000
 -1.700000000000000E-002  0.857457492299238     
 -1.600000000000000E-002   2.17341895796060     
 -1.500000000000000E-002  0.977105240178146     
 -1.400000000000000E-002   1.76352601634679     
 -1.300000000000000E-002   1.21182842786815     
 -1.200000000000000E-002  0.289529230731297     
 -1.100000000000000E-002  0.839965688668543     
 -1.000000000000000E-002   1.90576787424588     
 -9.000000000000001E-003   2.80642130088216     
 -8.000000000000000E-003   3.91550580168500     
 -6.999999999999999E-003   4.31939662266030     
 -6.000000000000002E-003   6.00080001464005     
 -5.000000000000001E-003   3.48511288647204     
 -4.000000000000000E-003   3.87646394315611     
 -3.000000000000003E-003   5.21475385623712     
 -2.000000000000002E-003   4.56490084291769     
 -1.000000000000001E-003   2.66856477788664     
  0.000000000000000E+000   5.38685952459724     
  1.000000000000001E-003   3.31361959139132     
  1.999999999999998E-003   4.36615061360952     
  2.999999999999999E-003   5.62991721339872     
  4.000000000000000E-003   3.63400227408145     
  4.999999999999998E-003   5.46497866680208     
  5.999999999999998E-003   5.58940928270557     
  6.999999999999999E-003   6.48198204339492     
  8.000000000000000E-003   2.15873206873928     
  9.000000000000001E-003   2.37314345522080     
  1.000000000000000E-002   1.77377024700338     
  1.100000000000000E-002   1.27997202602862     
  1.200000000000000E-002   1.51857014097934     
  1.300000000000000E-002   2.13116816497293     
  1.400000000000000E-002  0.879490049436990     
  1.500000000000000E-002   1.47424543215231     
  1.600000000000000E-002   1.01749023064981     
  1.700000000000000E-002  0.000000000000000E+000
  1.800000000000000E-002  0.000000000000000E+000
  1.900000000000000E-002  0.000000000000000E+000
  2.000000000000000E-002  0.000000000000000E+000
  2.100000000000000E-002  0.000000000000000E+000
  2.200000000000000E-002  0.000000000000000E+000
  2.300000000000000E-002  0.000000000000000E+000
  2.400000000000000E-002  0.000000000000000E+000
  2.500000000000000E-002  0.000000000000000E+000
