 -2.500000000000000E-002  0.000000000000000E+000
 -2.400000000000000E-002  0.000000000000000E+000
 -2.300000000000000E-002  0.000000000000000E+000
 -2.200000000000000E-002  0.000000000000000E+000
 -2.100000000000000E-002  0.000000000000000E+000
 -2.000000000000000E-002  0.000000000000000E+000
 -1.900000000000000E-002  0.000000000000000E+000
 -1.800000000000000E-002  0.000000000000000E+000
 -1.700000000000000E-002  3.633431538884845E-002
 -1.600000000000000E-002  0.709997894399625     
 -1.500000000000000E-002  0.949819603499110     
 -1.400000000000000E-002   1.19608444084080     
 -1.300000000000000E-002  0.740620201509421     
 -1.200000000000000E-002  0.224762030066664     
 -1.100000000000000E-002   1.33810351123149     
 -1.000000000000000E-002  0.997473494813583     
 -9.000000000000001E-003   1.06122086352825     
 -8.000000000000000E-003  0.381306528400104     
 -6.999999999999999E-003  0.644203161882543     
 -6.000000000000002E-003   6.93620766303857     
 -5.000000000000001E-003   9.82679245649888     
 -4.000000000000000E-003   10.2713532493869     
 -3.000000000000003E-003   8.19126873570935     
 -2.000000000000002E-003   6.18696379177289     
 -1.000000000000001E-003   5.78332128394289     
  0.000000000000000E+000   4.45166617518317     
  1.000000000000001E-003   4.04968947865689     
  1.999999999999998E-003   6.22396106977045     
  2.999999999999999E-003   4.86974654913799     
  4.000000000000000E-003   3.60932278708694     
  4.999999999999998E-003   4.63584650431019     
  5.999999999999998E-003   4.23001669250691     
  6.999999999999999E-003   2.47434805088417     
  8.000000000000000E-003   3.12009641443537     
  9.000000000000001E-003   1.31857852563325     
  1.000000000000000E-002   1.10851180583310     
  1.100000000000000E-002   1.65503650145472     
  1.200000000000000E-002   1.59264781904115     
  1.300000000000000E-002   2.42481373738769     
  1.400000000000000E-002   2.05086392107329     
  1.500000000000000E-002  0.885800741694830     
  1.600000000000000E-002  0.000000000000000E+000
  1.700000000000000E-002  0.000000000000000E+000
  1.800000000000000E-002  0.000000000000000E+000
  1.900000000000000E-002  0.000000000000000E+000
  2.000000000000000E-002  0.000000000000000E+000
  2.100000000000000E-002  0.000000000000000E+000
  2.200000000000000E-002  0.000000000000000E+000
  2.300000000000000E-002  0.000000000000000E+000
  2.400000000000000E-002  0.000000000000000E+000
  2.500000000000000E-002  0.000000000000000E+000
