 -2.500000000000000E-002  0.000000000000000E+000
 -2.400000000000000E-002  0.000000000000000E+000
 -2.300000000000000E-002  0.000000000000000E+000
 -2.200000000000000E-002  0.000000000000000E+000
 -2.100000000000000E-002  0.000000000000000E+000
 -2.000000000000000E-002  0.000000000000000E+000
 -1.900000000000000E-002  0.000000000000000E+000
 -1.800000000000000E-002  0.000000000000000E+000
 -1.700000000000000E-002  0.000000000000000E+000
 -1.600000000000000E-002  0.139131114563823     
 -1.500000000000000E-002  0.467541943081752     
 -1.400000000000000E-002   1.53886650782797     
 -1.300000000000000E-002  0.661210434526458     
 -1.200000000000000E-002  0.452442655852328     
 -1.100000000000000E-002  0.837858189899468     
 -1.000000000000000E-002   1.02870871392711     
 -9.000000000000001E-003  0.901013957061111     
 -8.000000000000000E-003  0.856169260319636     
 -6.999999999999999E-003  0.704883850767957     
 -6.000000000000002E-003   1.18150656355607     
 -5.000000000000001E-003   2.00193418535352     
 -4.000000000000000E-003   5.37043961729763     
 -3.000000000000003E-003   19.9303944815492     
 -2.000000000000002E-003   54.6033713372665     
 -1.000000000000001E-003   69.7505264577460     
  0.000000000000000E+000   55.8603846396940     
  1.000000000000001E-003   43.6532922138880     
  1.999999999999998E-003   27.9562508121012     
  2.999999999999999E-003   22.0362366308782     
  4.000000000000000E-003   1.76273646296429     
  4.999999999999998E-003   1.55985350687612     
  5.999999999999998E-003   1.18590199640686     
  6.999999999999999E-003  0.702331182389129     
  8.000000000000000E-003  0.811621703952504     
  9.000000000000001E-003  0.975781985868738     
  1.000000000000000E-002   1.40941949741586     
  1.100000000000000E-002   1.37547165940115     
  1.200000000000000E-002   1.61251345416870     
  1.300000000000000E-002   2.20822091947688     
  1.400000000000000E-002   2.31187958540720     
  1.500000000000000E-002   1.78222119848571     
  1.600000000000000E-002  0.459953280028999     
  1.700000000000000E-002  0.000000000000000E+000
  1.800000000000000E-002  0.000000000000000E+000
  1.900000000000000E-002  0.000000000000000E+000
  2.000000000000000E-002  0.000000000000000E+000
  2.100000000000000E-002  0.000000000000000E+000
  2.200000000000000E-002  0.000000000000000E+000
  2.300000000000000E-002  0.000000000000000E+000
  2.400000000000000E-002  0.000000000000000E+000
  2.500000000000000E-002  0.000000000000000E+000
