 -2.500000000000000E-002  0.000000000000000E+000
 -2.400000000000000E-002  0.000000000000000E+000
 -2.300000000000000E-002  0.000000000000000E+000
 -2.200000000000000E-002  0.000000000000000E+000
 -2.100000000000000E-002  0.000000000000000E+000
 -2.000000000000000E-002  0.000000000000000E+000
 -1.900000000000000E-002  0.452414569275590     
 -1.800000000000000E-002   1.46292717800321     
 -1.700000000000000E-002  0.581644628478039     
 -1.600000000000000E-002  0.948855626537219     
 -1.500000000000000E-002   1.14595928434806     
 -1.400000000000000E-002   2.41768628462764     
 -1.300000000000000E-002   1.38220606803740     
 -1.200000000000000E-002   1.11316909493020     
 -1.100000000000000E-002  0.976950433871647     
 -1.000000000000000E-002   1.70782927859880     
 -9.000000000000001E-003   2.28458266626713     
 -8.000000000000000E-003   1.91810239390169     
 -6.999999999999999E-003   2.80929391305277     
 -6.000000000000002E-003   8.18582883863116     
 -5.000000000000001E-003   7.83510261628169     
 -4.000000000000000E-003   6.94450512766450     
 -3.000000000000003E-003   5.41896286568073     
 -2.000000000000002E-003   4.79664034756888     
 -1.000000000000001E-003   6.20723545063179     
  0.000000000000000E+000   5.85069789836189     
  1.000000000000001E-003   6.19811087399267     
  1.999999999999998E-003   7.20120947539377     
  2.999999999999999E-003   11.0128477426459     
  4.000000000000000E-003   9.50735937061004     
  4.999999999999998E-003   9.60240202805720     
  5.999999999999998E-003   11.7932968458524     
  6.999999999999999E-003   9.74559757238607     
  8.000000000000000E-003   3.16124058230324     
  9.000000000000001E-003   2.82232234736213     
  1.000000000000000E-002   2.41105909538155     
  1.100000000000000E-002   1.57616950126510     
  1.200000000000000E-002  0.000000000000000E+000
  1.300000000000000E-002  0.000000000000000E+000
  1.400000000000000E-002  0.000000000000000E+000
  1.500000000000000E-002  0.000000000000000E+000
  1.600000000000000E-002  0.000000000000000E+000
  1.700000000000000E-002  0.000000000000000E+000
  1.800000000000000E-002  0.000000000000000E+000
  1.900000000000000E-002  0.000000000000000E+000
  2.000000000000000E-002  0.000000000000000E+000
  2.100000000000000E-002  0.000000000000000E+000
  2.200000000000000E-002  0.000000000000000E+000
  2.300000000000000E-002  0.000000000000000E+000
  2.400000000000000E-002  0.000000000000000E+000
  2.500000000000000E-002  0.000000000000000E+000
