 -2.500000000000000E-002  0.000000000000000E+000
 -2.400000000000000E-002  0.000000000000000E+000
 -2.300000000000000E-002  0.000000000000000E+000
 -2.200000000000000E-002  0.000000000000000E+000
 -2.100000000000000E-002  0.000000000000000E+000
 -2.000000000000000E-002  0.000000000000000E+000
 -1.900000000000000E-002  0.000000000000000E+000
 -1.800000000000000E-002  0.000000000000000E+000
 -1.700000000000000E-002  0.000000000000000E+000
 -1.600000000000000E-002  0.000000000000000E+000
 -1.500000000000000E-002  0.000000000000000E+000
 -1.400000000000000E-002  0.000000000000000E+000
 -1.300000000000000E-002  0.000000000000000E+000
 -1.200000000000000E-002  0.000000000000000E+000
 -1.100000000000000E-002  0.000000000000000E+000
 -1.000000000000000E-002  0.000000000000000E+000
 -9.000000000000001E-003   2.13614376497084     
 -8.000000000000000E-003   3.59086611081072     
 -6.999999999999999E-003   9.66322492343297     
 -6.000000000000002E-003   11.0044102032903     
 -5.000000000000001E-003   13.2313801771911     
 -4.000000000000000E-003   11.8825198530354     
 -3.000000000000003E-003   16.5016272473081     
 -2.000000000000002E-003   20.4267999020813     
 -1.000000000000001E-003   11.5959373209041     
  0.000000000000000E+000   15.1493300904459     
  1.000000000000001E-003   23.2089735142642     
  1.999999999999998E-003   26.1821405374956     
  2.999999999999999E-003   16.4159060508526     
  4.000000000000000E-003   20.8580491255039     
  4.999999999999998E-003   9.14802297108587     
  5.999999999999998E-003   19.8444643646574     
  6.999999999999999E-003   3.39750384266971     
  8.000000000000000E-003  0.000000000000000E+000
  9.000000000000001E-003  0.000000000000000E+000
  1.000000000000000E-002  0.000000000000000E+000
  1.100000000000000E-002  0.000000000000000E+000
  1.200000000000000E-002  0.000000000000000E+000
  1.300000000000000E-002  0.000000000000000E+000
  1.400000000000000E-002  0.000000000000000E+000
  1.500000000000000E-002  0.000000000000000E+000
  1.600000000000000E-002  0.000000000000000E+000
  1.700000000000000E-002  0.000000000000000E+000
  1.800000000000000E-002  0.000000000000000E+000
  1.900000000000000E-002  0.000000000000000E+000
  2.000000000000000E-002  0.000000000000000E+000
  2.100000000000000E-002  0.000000000000000E+000
  2.200000000000000E-002  0.000000000000000E+000
  2.300000000000000E-002  0.000000000000000E+000
  2.400000000000000E-002  0.000000000000000E+000
  2.500000000000000E-002  0.000000000000000E+000
