 -2.500000000000000E-002  0.000000000000000E+000
 -2.400000000000000E-002  0.000000000000000E+000
 -2.300000000000000E-002  0.000000000000000E+000
 -2.200000000000000E-002  0.000000000000000E+000
 -2.100000000000000E-002  0.000000000000000E+000
 -2.000000000000000E-002  0.000000000000000E+000
 -1.900000000000000E-002  0.000000000000000E+000
 -1.800000000000000E-002  0.000000000000000E+000
 -1.700000000000000E-002  0.000000000000000E+000
 -1.600000000000000E-002  0.000000000000000E+000
 -1.500000000000000E-002  0.000000000000000E+000
 -1.400000000000000E-002  0.000000000000000E+000
 -1.300000000000000E-002  0.000000000000000E+000
 -1.200000000000000E-002  0.000000000000000E+000
 -1.100000000000000E-002  0.000000000000000E+000
 -1.000000000000000E-002  0.000000000000000E+000
 -9.000000000000001E-003  0.000000000000000E+000
 -8.000000000000000E-003  0.000000000000000E+000
 -6.999999999999999E-003  0.000000000000000E+000
 -6.000000000000002E-003  0.000000000000000E+000
 -5.000000000000001E-003   2.27985477877213     
 -4.000000000000000E-003   13.7975428496144     
 -3.000000000000003E-003   24.0874838213297     
 -2.000000000000002E-003   28.9314098270866     
 -1.000000000000001E-003   22.9806864064557     
  0.000000000000000E+000   19.4394561334378     
  1.000000000000001E-003   21.7044494408660     
  1.999999999999998E-003   31.6531938471767     
  2.999999999999999E-003   8.64104058950872     
  4.000000000000000E-003   1.96921435683263     
  4.999999999999998E-003   1.45646669866932     
  5.999999999999998E-003  0.693382731215373     
  6.999999999999999E-003  0.538662561367943     
  8.000000000000000E-003  0.908138943406439     
  9.000000000000001E-003   1.41743561456606     
  1.000000000000000E-002  0.221211130920569     
  1.100000000000000E-002  0.665781427450581     
  1.200000000000000E-002   1.40184463697174     
  1.300000000000000E-002   1.27512850883967     
  1.400000000000000E-002   1.25176742898847     
  1.500000000000000E-002  2.625826652336847E-002
  1.600000000000000E-002  0.000000000000000E+000
  1.700000000000000E-002  0.000000000000000E+000
  1.800000000000000E-002  0.000000000000000E+000
  1.900000000000000E-002  0.000000000000000E+000
  2.000000000000000E-002  0.000000000000000E+000
  2.100000000000000E-002  0.000000000000000E+000
  2.200000000000000E-002  0.000000000000000E+000
  2.300000000000000E-002  0.000000000000000E+000
  2.400000000000000E-002  0.000000000000000E+000
  2.500000000000000E-002  0.000000000000000E+000
