 -2.500000000000000E-002  0.000000000000000E+000
 -2.400000000000000E-002  0.000000000000000E+000
 -2.300000000000000E-002  0.000000000000000E+000
 -2.200000000000000E-002  0.000000000000000E+000
 -2.100000000000000E-002  0.000000000000000E+000
 -2.000000000000000E-002  0.000000000000000E+000
 -1.900000000000000E-002  0.000000000000000E+000
 -1.800000000000000E-002  0.000000000000000E+000
 -1.700000000000000E-002  0.000000000000000E+000
 -1.600000000000000E-002  5.026230496843108E-002
 -1.500000000000000E-002  0.420797695031568     
 -1.400000000000000E-002   1.44185692999816     
 -1.300000000000000E-002  0.700805978540923     
 -1.200000000000000E-002  0.373796842631620     
 -1.100000000000000E-002  0.861356494721018     
 -1.000000000000000E-002  0.709307647236019     
 -9.000000000000001E-003  0.973754727509288     
 -8.000000000000000E-003   1.29510546935877     
 -6.999999999999999E-003  0.704048811808262     
 -6.000000000000002E-003   1.05315302909877     
 -5.000000000000001E-003   2.96219187601683     
 -4.000000000000000E-003   6.24266877394692     
 -3.000000000000003E-003   20.8971765267142     
 -2.000000000000002E-003   25.1640902514390     
 -1.000000000000001E-003   21.6486307694641     
  0.000000000000000E+000   14.9905531127968     
  1.000000000000001E-003   14.9478011496674     
  1.999999999999998E-003   19.7652503449340     
  2.999999999999999E-003   7.32135155809552     
  4.000000000000000E-003   1.36141461603262     
  4.999999999999998E-003  0.902960003370039     
  5.999999999999998E-003   1.02453877940461     
  6.999999999999999E-003   1.50135231966335     
  8.000000000000000E-003  0.577498549316178     
  9.000000000000001E-003   1.03625617878292     
  1.000000000000000E-002  0.528563962272864     
  1.100000000000000E-002   2.03677521400874     
  1.200000000000000E-002   1.81529411937900     
  1.300000000000000E-002   1.16542671569108     
  1.400000000000000E-002   2.10015109251066     
  1.500000000000000E-002   2.39658543930047     
  1.600000000000000E-002  0.637662716289970     
  1.700000000000000E-002  0.000000000000000E+000
  1.800000000000000E-002  0.000000000000000E+000
  1.900000000000000E-002  0.000000000000000E+000
  2.000000000000000E-002  0.000000000000000E+000
  2.100000000000000E-002  0.000000000000000E+000
  2.200000000000000E-002  0.000000000000000E+000
  2.300000000000000E-002  0.000000000000000E+000
  2.400000000000000E-002  0.000000000000000E+000
  2.500000000000000E-002  0.000000000000000E+000
