 -2.500000000000000E-002  0.000000000000000E+000
 -2.400000000000000E-002  0.000000000000000E+000
 -2.300000000000000E-002  0.000000000000000E+000
 -2.200000000000000E-002  0.000000000000000E+000
 -2.100000000000000E-002  0.000000000000000E+000
 -2.000000000000000E-002  0.000000000000000E+000
 -1.900000000000000E-002  0.000000000000000E+000
 -1.800000000000000E-002  0.000000000000000E+000
 -1.700000000000000E-002  0.000000000000000E+000
 -1.600000000000000E-002  0.000000000000000E+000
 -1.500000000000000E-002  0.000000000000000E+000
 -1.400000000000000E-002  0.000000000000000E+000
 -1.300000000000000E-002  0.267483548536977     
 -1.200000000000000E-002  0.517626451463024     
 -1.100000000000000E-002  0.000000000000000E+000
 -1.000000000000000E-002  0.966374313585086     
 -9.000000000000001E-003   1.15817108507098     
 -8.000000000000000E-003  0.749894933744918     
 -6.999999999999999E-003   1.34987932396247     
 -6.000000000000002E-003   9.26238035833701     
 -5.000000000000001E-003   15.7950578873566     
 -4.000000000000000E-003   21.2153008202138     
 -3.000000000000003E-003   17.8278140499763     
 -2.000000000000002E-003   14.0788878330639     
 -1.000000000000001E-003   14.6597505128062     
  0.000000000000000E+000   12.3526624539964     
  1.000000000000001E-003   12.8599601799993     
  1.999999999999998E-003   8.68049057425923     
  2.999999999999999E-003   9.46167275980140     
  4.000000000000000E-003   6.36826950317908     
  4.999999999999998E-003   10.0832974283640     
  5.999999999999998E-003   7.64825215157073     
  6.999999999999999E-003   3.91147145362930     
  8.000000000000000E-003   1.73637893334625     
  9.000000000000001E-003  0.979239350481891     
  1.000000000000000E-002   2.02559503764055     
  1.100000000000000E-002   1.13820306615244     
  1.200000000000000E-002   1.06249856628919     
  1.300000000000000E-002   2.68026491845716     
  1.400000000000000E-002   2.39136182345622     
  1.500000000000000E-002  0.993924034582507     
  1.600000000000000E-002  3.250664667712738E-002
  1.700000000000000E-002  0.000000000000000E+000
  1.800000000000000E-002  0.000000000000000E+000
  1.900000000000000E-002  0.000000000000000E+000
  2.000000000000000E-002  0.000000000000000E+000
  2.100000000000000E-002  0.000000000000000E+000
  2.200000000000000E-002  0.000000000000000E+000
  2.300000000000000E-002  0.000000000000000E+000
  2.400000000000000E-002  0.000000000000000E+000
  2.500000000000000E-002  0.000000000000000E+000
