 -2.500000000000000E-002  0.000000000000000E+000
 -2.400000000000000E-002  0.000000000000000E+000
 -2.300000000000000E-002  0.000000000000000E+000
 -2.200000000000000E-002  0.000000000000000E+000
 -2.100000000000000E-002  0.000000000000000E+000
 -2.000000000000000E-002  0.000000000000000E+000
 -1.900000000000000E-002  0.000000000000000E+000
 -1.800000000000000E-002  0.000000000000000E+000
 -1.700000000000000E-002  0.000000000000000E+000
 -1.600000000000000E-002  0.000000000000000E+000
 -1.500000000000000E-002  0.000000000000000E+000
 -1.400000000000000E-002  0.000000000000000E+000
 -1.300000000000000E-002  0.000000000000000E+000
 -1.200000000000000E-002  0.000000000000000E+000
 -1.100000000000000E-002  0.000000000000000E+000
 -1.000000000000000E-002  0.000000000000000E+000
 -9.000000000000001E-003  0.000000000000000E+000
 -8.000000000000000E-003  0.000000000000000E+000
 -6.999999999999999E-003  0.000000000000000E+000
 -6.000000000000002E-003  0.256633497036929     
 -5.000000000000001E-003   3.05340884598481     
 -4.000000000000000E-003   16.1542776695918     
 -3.000000000000003E-003   19.4866228564699     
 -2.000000000000002E-003   21.0215418336465     
 -1.000000000000001E-003   16.4965775595055     
  0.000000000000000E+000   15.0791442811617     
  1.000000000000001E-003   14.8733010658771     
  1.999999999999998E-003   14.7344162417256     
  2.999999999999999E-003   4.07763833714371     
  4.000000000000000E-003   1.83668240143543     
  4.999999999999998E-003   1.32886887164823     
  5.999999999999998E-003  0.464399370840430     
  6.999999999999999E-003  0.490780690316036     
  8.000000000000000E-003   1.99033232818468     
  9.000000000000001E-003  0.417560577793135     
  1.000000000000000E-002   1.01923993848616     
  1.100000000000000E-002   1.27163551449051     
  1.200000000000000E-002   1.69628632683326     
  1.300000000000000E-002   1.50499679479237     
  1.400000000000000E-002   1.62403272524449     
  1.500000000000000E-002  0.790772271791560     
  1.600000000000000E-002  0.000000000000000E+000
  1.700000000000000E-002  0.000000000000000E+000
  1.800000000000000E-002  0.000000000000000E+000
  1.900000000000000E-002  0.000000000000000E+000
  2.000000000000000E-002  0.000000000000000E+000
  2.100000000000000E-002  0.000000000000000E+000
  2.200000000000000E-002  0.000000000000000E+000
  2.300000000000000E-002  0.000000000000000E+000
  2.400000000000000E-002  0.000000000000000E+000
  2.500000000000000E-002  0.000000000000000E+000
