 -2.500000000000000E-002  0.000000000000000E+000
 -2.400000000000000E-002  0.000000000000000E+000
 -2.300000000000000E-002  0.000000000000000E+000
 -2.200000000000000E-002  0.000000000000000E+000
 -2.100000000000000E-002  0.000000000000000E+000
 -2.000000000000000E-002  0.000000000000000E+000
 -1.900000000000000E-002  0.000000000000000E+000
 -1.800000000000000E-002  0.313713639394417     
 -1.700000000000000E-002  0.784970903640025     
 -1.600000000000000E-002  0.817549831371906     
 -1.500000000000000E-002  0.578043213642358     
 -1.400000000000000E-002  0.645693130369498     
 -1.300000000000000E-002  0.345471855224681     
 -1.200000000000000E-002  0.291479251488298     
 -1.100000000000000E-002  0.516601339493675     
 -1.000000000000000E-002  0.820897240786488     
 -9.000000000000001E-003  0.824800239439115     
 -8.000000000000000E-003   1.06932910632214     
 -6.999999999999999E-003   2.98582382774712     
 -6.000000000000002E-003   9.41217315527111     
 -5.000000000000001E-003   5.34198666182693     
 -4.000000000000000E-003   4.58066624160679     
 -3.000000000000003E-003   12.4415679477332     
 -2.000000000000002E-003   7.03351520425495     
 -1.000000000000001E-003   4.17294951384120     
  0.000000000000000E+000   17.6573544528349     
  1.000000000000001E-003   22.4875248420520     
  1.999999999999998E-003   18.8577153590563     
  2.999999999999999E-003   3.43524388173585     
  4.000000000000000E-003   3.68249741882137     
  4.999999999999998E-003   5.57999582641464     
  5.999999999999998E-003   4.38188722997067     
  6.999999999999999E-003   3.30240085297956     
  8.000000000000000E-003   6.14025906763144     
  9.000000000000001E-003   4.56120562693531     
  1.000000000000000E-002   1.35110109310848     
  1.100000000000000E-002  3.346204500560420E-002
  1.200000000000000E-002  0.000000000000000E+000
  1.300000000000000E-002  0.000000000000000E+000
  1.400000000000000E-002  0.000000000000000E+000
  1.500000000000000E-002  0.000000000000000E+000
  1.600000000000000E-002  0.000000000000000E+000
  1.700000000000000E-002  0.000000000000000E+000
  1.800000000000000E-002  0.000000000000000E+000
  1.900000000000000E-002  0.000000000000000E+000
  2.000000000000000E-002  0.000000000000000E+000
  2.100000000000000E-002  0.000000000000000E+000
  2.200000000000000E-002  0.000000000000000E+000
  2.300000000000000E-002  0.000000000000000E+000
  2.400000000000000E-002  0.000000000000000E+000
  2.500000000000000E-002  0.000000000000000E+000
