 -2.500000000000000E-002  0.000000000000000E+000
 -2.400000000000000E-002  0.000000000000000E+000
 -2.300000000000000E-002  0.000000000000000E+000
 -2.200000000000000E-002  0.000000000000000E+000
 -2.100000000000000E-002  0.000000000000000E+000
 -2.000000000000000E-002  0.000000000000000E+000
 -1.900000000000000E-002  0.000000000000000E+000
 -1.800000000000000E-002  0.000000000000000E+000
 -1.700000000000000E-002  0.000000000000000E+000
 -1.600000000000000E-002  0.000000000000000E+000
 -1.500000000000000E-002  0.000000000000000E+000
 -1.400000000000000E-002  0.000000000000000E+000
 -1.300000000000000E-002  8.711097834823914E-002
 -1.200000000000000E-002  0.292232613173821     
 -1.100000000000000E-002  0.346876408477940     
 -1.000000000000000E-002  0.990559669822988     
 -9.000000000000001E-003  0.890344915951649     
 -8.000000000000000E-003  6.223541422536390E-002
 -6.999999999999999E-003  0.412176612574142     
 -6.000000000000002E-003   1.80814117261949     
 -5.000000000000001E-003   7.82191332563569     
 -4.000000000000000E-003   20.0529941595869     
 -3.000000000000003E-003   19.3528894180240     
 -2.000000000000002E-003   16.9110096003739     
 -1.000000000000001E-003   14.5567236667859     
  0.000000000000000E+000   8.39279218919642     
  1.000000000000001E-003   9.39828282909435     
  1.999999999999998E-003   6.14491268533987     
  2.999999999999999E-003   3.31198729734009     
  4.000000000000000E-003   3.91410258805195     
  4.999999999999998E-003   2.19418694448814     
  5.999999999999998E-003   2.60231445438363     
  6.999999999999999E-003   1.48730494590023     
  8.000000000000000E-003   1.85669312789202     
  9.000000000000001E-003   2.80621568706816     
  1.000000000000000E-002   2.76532892118607     
  1.100000000000000E-002   1.48159031756423     
  1.200000000000000E-002   2.01217727043887     
  1.300000000000000E-002   2.03151090647070     
  1.400000000000000E-002   2.28752575802333     
  1.500000000000000E-002  0.979906121961963     
  1.600000000000000E-002  0.000000000000000E+000
  1.700000000000000E-002  0.000000000000000E+000
  1.800000000000000E-002  0.000000000000000E+000
  1.900000000000000E-002  0.000000000000000E+000
  2.000000000000000E-002  0.000000000000000E+000
  2.100000000000000E-002  0.000000000000000E+000
  2.200000000000000E-002  0.000000000000000E+000
  2.300000000000000E-002  0.000000000000000E+000
  2.400000000000000E-002  0.000000000000000E+000
  2.500000000000000E-002  0.000000000000000E+000
