 -2.500000000000000E-002  0.000000000000000E+000
 -2.400000000000000E-002  0.000000000000000E+000
 -2.300000000000000E-002  0.000000000000000E+000
 -2.200000000000000E-002  0.000000000000000E+000
 -2.100000000000000E-002  0.000000000000000E+000
 -2.000000000000000E-002  0.000000000000000E+000
 -1.900000000000000E-002  0.000000000000000E+000
 -1.800000000000000E-002  0.000000000000000E+000
 -1.700000000000000E-002  0.000000000000000E+000
 -1.600000000000000E-002  0.169946820130075     
 -1.500000000000000E-002  0.481368307604248     
 -1.400000000000000E-002   1.52573444650336     
 -1.300000000000000E-002  0.629710425762319     
 -1.200000000000000E-002  0.510395660227992     
 -1.100000000000000E-002  0.785748275685855     
 -1.000000000000000E-002   1.19281341793124     
 -9.000000000000001E-003  0.906611929957989     
 -8.000000000000000E-003  0.753039567442950     
 -6.999999999999999E-003  0.848409055575674     
 -6.000000000000002E-003   1.04099805865268     
 -5.000000000000001E-003   3.50812402535197     
 -4.000000000000000E-003   9.23050198505930     
 -3.000000000000003E-003   10.0890760297658     
 -2.000000000000002E-003   10.6557292366564     
 -1.000000000000001E-003   8.51445161797234     
  0.000000000000000E+000   6.40100191975301     
  1.000000000000001E-003   7.81702323355373     
  1.999999999999998E-003   4.17257869520598     
  2.999999999999999E-003   1.24536242512305     
  4.000000000000000E-003   1.58862261692001     
  4.999999999999998E-003   1.52769790443122     
  5.999999999999998E-003   1.12849226059218     
  6.999999999999999E-003  0.558762253989264     
  8.000000000000000E-003   1.06664874324456     
  9.000000000000001E-003  0.957679132152879     
  1.000000000000000E-002   1.45745330520669     
  1.100000000000000E-002   1.31687825098324     
  1.200000000000000E-002   1.73020864650642     
  1.300000000000000E-002   2.12551799433670     
  1.400000000000000E-002   2.23191027663787     
  1.500000000000000E-002   1.88200517454519     
  1.600000000000000E-002  0.356068306537795     
  1.700000000000000E-002  0.000000000000000E+000
  1.800000000000000E-002  0.000000000000000E+000
  1.900000000000000E-002  0.000000000000000E+000
  2.000000000000000E-002  0.000000000000000E+000
  2.100000000000000E-002  0.000000000000000E+000
  2.200000000000000E-002  0.000000000000000E+000
  2.300000000000000E-002  0.000000000000000E+000
  2.400000000000000E-002  0.000000000000000E+000
  2.500000000000000E-002  0.000000000000000E+000
