 -2.500000000000000E-002  0.000000000000000E+000
 -2.400000000000000E-002  0.000000000000000E+000
 -2.300000000000000E-002  0.000000000000000E+000
 -2.200000000000000E-002  0.000000000000000E+000
 -2.100000000000000E-002  0.000000000000000E+000
 -2.000000000000000E-002  0.000000000000000E+000
 -1.900000000000000E-002  0.000000000000000E+000
 -1.800000000000000E-002  0.000000000000000E+000
 -1.700000000000000E-002  0.000000000000000E+000
 -1.600000000000000E-002  0.000000000000000E+000
 -1.500000000000000E-002  0.000000000000000E+000
 -1.400000000000000E-002  0.000000000000000E+000
 -1.300000000000000E-002  0.000000000000000E+000
 -1.200000000000000E-002  0.000000000000000E+000
 -1.100000000000000E-002  0.000000000000000E+000
 -1.000000000000000E-002  0.000000000000000E+000
 -9.000000000000001E-003  0.000000000000000E+000
 -8.000000000000000E-003  0.151867418751603     
 -6.999999999999999E-003   5.36040073513564     
 -6.000000000000002E-003   15.0995536496552     
 -5.000000000000001E-003   14.3554253432979     
 -4.000000000000000E-003   13.2616140571351     
 -3.000000000000003E-003   13.9201264491552     
 -2.000000000000002E-003   13.9283330859742     
 -1.000000000000001E-003   10.5573415009841     
  0.000000000000000E+000   10.0697115553445     
  1.000000000000001E-003   14.3042077535369     
  1.999999999999998E-003   14.3561813486316     
  2.999999999999999E-003   13.8827227527877     
  4.000000000000000E-003   14.3060665831576     
  4.999999999999998E-003   7.04711332022966     
  5.999999999999998E-003   3.11776069949191     
  6.999999999999999E-003   3.50276557562951     
  8.000000000000000E-003   3.18179817926204     
  9.000000000000001E-003   4.90851730718280     
  1.000000000000000E-002   3.52771763421077     
  1.100000000000000E-002  0.887105050445952     
  1.200000000000000E-002  0.000000000000000E+000
  1.300000000000000E-002  0.000000000000000E+000
  1.400000000000000E-002  0.000000000000000E+000
  1.500000000000000E-002  0.000000000000000E+000
  1.600000000000000E-002  0.000000000000000E+000
  1.700000000000000E-002  0.000000000000000E+000
  1.800000000000000E-002  0.000000000000000E+000
  1.900000000000000E-002  0.000000000000000E+000
  2.000000000000000E-002  0.000000000000000E+000
  2.100000000000000E-002  0.000000000000000E+000
  2.200000000000000E-002  0.000000000000000E+000
  2.300000000000000E-002  0.000000000000000E+000
  2.400000000000000E-002  0.000000000000000E+000
  2.500000000000000E-002  0.000000000000000E+000
