 -2.500000000000000E-002  0.000000000000000E+000
 -2.400000000000000E-002  0.000000000000000E+000
 -2.300000000000000E-002  0.000000000000000E+000
 -2.200000000000000E-002  0.000000000000000E+000
 -2.100000000000000E-002  0.000000000000000E+000
 -2.000000000000000E-002  0.000000000000000E+000
 -1.900000000000000E-002  0.000000000000000E+000
 -1.800000000000000E-002  0.000000000000000E+000
 -1.700000000000000E-002  0.000000000000000E+000
 -1.600000000000000E-002  0.000000000000000E+000
 -1.500000000000000E-002  0.000000000000000E+000
 -1.400000000000000E-002  0.000000000000000E+000
 -1.300000000000000E-002  0.000000000000000E+000
 -1.200000000000000E-002  0.000000000000000E+000
 -1.100000000000000E-002  0.000000000000000E+000
 -1.000000000000000E-002  0.000000000000000E+000
 -9.000000000000001E-003   1.15407856537132     
 -8.000000000000000E-003   4.72226175480306     
 -6.999999999999999E-003   4.32696153622291     
 -6.000000000000002E-003   4.15057848294291     
 -5.000000000000001E-003   7.87260478484632     
 -4.000000000000000E-003   13.0613263557508     
 -3.000000000000003E-003   19.7404294754162     
 -2.000000000000002E-003   35.2673792987119     
 -1.000000000000001E-003   39.8004763003367     
  0.000000000000000E+000   28.7439278011216     
  1.000000000000001E-003   23.0837189126155     
  1.999999999999998E-003   20.4884058955871     
  2.999999999999999E-003   11.0325325195579     
  4.000000000000000E-003   1.13924524496732     
  4.999999999999998E-003   1.92195600532038     
  5.999999999999998E-003  0.980738736081160     
  6.999999999999999E-003   2.50191990933640     
  8.000000000000000E-003   2.65479045453549     
  9.000000000000001E-003   4.75587504255351     
  1.000000000000000E-002   5.41738082335672     
  1.100000000000000E-002   4.57693145248561     
  1.200000000000000E-002   3.50245727155185     
  1.300000000000000E-002   1.08527337652739     
  1.400000000000000E-002  0.000000000000000E+000
  1.500000000000000E-002  0.000000000000000E+000
  1.600000000000000E-002  0.000000000000000E+000
  1.700000000000000E-002  0.000000000000000E+000
  1.800000000000000E-002  0.000000000000000E+000
  1.900000000000000E-002  0.000000000000000E+000
  2.000000000000000E-002  0.000000000000000E+000
  2.100000000000000E-002  0.000000000000000E+000
  2.200000000000000E-002  0.000000000000000E+000
  2.300000000000000E-002  0.000000000000000E+000
  2.400000000000000E-002  0.000000000000000E+000
  2.500000000000000E-002  0.000000000000000E+000
