 -2.500000000000000E-002  0.000000000000000E+000
 -2.400000000000000E-002  0.000000000000000E+000
 -2.300000000000000E-002  0.000000000000000E+000
 -2.200000000000000E-002  0.000000000000000E+000
 -2.100000000000000E-002  0.000000000000000E+000
 -2.000000000000000E-002  0.000000000000000E+000
 -1.900000000000000E-002  0.000000000000000E+000
 -1.800000000000000E-002  0.000000000000000E+000
 -1.700000000000000E-002  0.000000000000000E+000
 -1.600000000000000E-002  7.768227407184582E-002
 -1.500000000000000E-002  0.469599560940454     
 -1.400000000000000E-002   1.20299424282260     
 -1.300000000000000E-002  0.899443922165097     
 -1.200000000000000E-002  0.669889763192231     
 -1.100000000000000E-002  0.373617730029700     
 -1.000000000000000E-002  0.964963642957937     
 -9.000000000000001E-003   1.27314303215910     
 -8.000000000000000E-003  0.785545431593959     
 -6.999999999999999E-003  0.853676627550557     
 -6.000000000000002E-003   1.00133479703600     
 -5.000000000000001E-003   1.89945519683594     
 -4.000000000000000E-003   5.94312192403310     
 -3.000000000000003E-003   17.3663055917312     
 -2.000000000000002E-003   25.0187898490780     
 -1.000000000000001E-003   25.8617017109502     
  0.000000000000000E+000   18.4023844094268     
  1.000000000000001E-003   19.7108005852736     
  1.999999999999998E-003   16.9809806046391     
  2.999999999999999E-003   9.02470113315492     
  4.000000000000000E-003   2.19003018077023     
  4.999999999999998E-003   1.24581683383308     
  5.999999999999998E-003   1.13959835416232     
  6.999999999999999E-003  0.914674216005843     
  8.000000000000000E-003  0.870242338709029     
  9.000000000000001E-003   1.05525518188824     
  1.000000000000000E-002  0.470462990245125     
  1.100000000000000E-002   1.77881531314178     
  1.200000000000000E-002   2.27263255651505     
  1.300000000000000E-002   2.10131124402297     
  1.400000000000000E-002   1.28611653452700     
  1.500000000000000E-002   1.12615110843757     
  1.600000000000000E-002  0.358901118099493     
  1.700000000000000E-002  0.000000000000000E+000
  1.800000000000000E-002  0.000000000000000E+000
  1.900000000000000E-002  0.000000000000000E+000
  2.000000000000000E-002  0.000000000000000E+000
  2.100000000000000E-002  0.000000000000000E+000
  2.200000000000000E-002  0.000000000000000E+000
  2.300000000000000E-002  0.000000000000000E+000
  2.400000000000000E-002  0.000000000000000E+000
  2.500000000000000E-002  0.000000000000000E+000
