 -2.500000000000000E-002  0.000000000000000E+000
 -2.400000000000000E-002  0.000000000000000E+000
 -2.300000000000000E-002  0.000000000000000E+000
 -2.200000000000000E-002  0.000000000000000E+000
 -2.100000000000000E-002  0.000000000000000E+000
 -2.000000000000000E-002  0.000000000000000E+000
 -1.900000000000000E-002  0.000000000000000E+000
 -1.800000000000000E-002  0.000000000000000E+000
 -1.700000000000000E-002  0.000000000000000E+000
 -1.600000000000000E-002  0.000000000000000E+000
 -1.500000000000000E-002  0.000000000000000E+000
 -1.400000000000000E-002  0.000000000000000E+000
 -1.300000000000000E-002   1.51241554859513     
 -1.200000000000000E-002   3.41384398684259     
 -1.100000000000000E-002   1.13328965200839     
 -1.000000000000000E-002   1.62107969117563     
 -9.000000000000001E-003  0.890724321629831     
 -8.000000000000000E-003  0.752483351676478     
 -6.999999999999999E-003   1.68122109805217     
 -6.000000000000002E-003   1.87927041769418     
 -5.000000000000001E-003   3.67852118288124     
 -4.000000000000000E-003   1.15148934138849     
 -3.000000000000003E-003   2.96250406001769     
 -2.000000000000002E-003   5.25479914010263     
 -1.000000000000001E-003   2.42619382314087     
  0.000000000000000E+000   2.93925045897455     
  1.000000000000001E-003   10.1363126844138     
  1.999999999999998E-003   20.0349699760249     
  2.999999999999999E-003   27.1383458588816     
  4.000000000000000E-003   10.0602754064998     
  4.999999999999998E-003  0.000000000000000E+000
  5.999999999999998E-003  0.000000000000000E+000
  6.999999999999999E-003  0.000000000000000E+000
  8.000000000000000E-003  0.000000000000000E+000
  9.000000000000001E-003  0.000000000000000E+000
  1.000000000000000E-002  0.000000000000000E+000
  1.100000000000000E-002  0.000000000000000E+000
  1.200000000000000E-002  0.000000000000000E+000
  1.300000000000000E-002  0.000000000000000E+000
  1.400000000000000E-002  0.000000000000000E+000
  1.500000000000000E-002  0.000000000000000E+000
  1.600000000000000E-002  0.000000000000000E+000
  1.700000000000000E-002  0.000000000000000E+000
  1.800000000000000E-002  0.000000000000000E+000
  1.900000000000000E-002  0.000000000000000E+000
  2.000000000000000E-002  0.000000000000000E+000
  2.100000000000000E-002  0.000000000000000E+000
  2.200000000000000E-002  0.000000000000000E+000
  2.300000000000000E-002  0.000000000000000E+000
  2.400000000000000E-002  0.000000000000000E+000
  2.500000000000000E-002  0.000000000000000E+000
