 -2.500000000000000E-002  0.000000000000000E+000
 -2.400000000000000E-002  0.000000000000000E+000
 -2.300000000000000E-002  0.000000000000000E+000
 -2.200000000000000E-002  0.000000000000000E+000
 -2.100000000000000E-002  0.000000000000000E+000
 -2.000000000000000E-002  0.000000000000000E+000
 -1.900000000000000E-002  0.000000000000000E+000
 -1.800000000000000E-002  0.000000000000000E+000
 -1.700000000000000E-002  0.000000000000000E+000
 -1.600000000000000E-002  0.000000000000000E+000
 -1.500000000000000E-002  0.000000000000000E+000
 -1.400000000000000E-002  0.000000000000000E+000
 -1.300000000000000E-002  0.000000000000000E+000
 -1.200000000000000E-002  0.000000000000000E+000
 -1.100000000000000E-002  0.000000000000000E+000
 -1.000000000000000E-002  0.000000000000000E+000
 -9.000000000000001E-003  0.521154660098312     
 -8.000000000000000E-003   1.05973485034346     
 -6.999999999999999E-003  0.709501792880934     
 -6.000000000000002E-003   1.90583030754771     
 -5.000000000000001E-003   2.87716646685695     
 -4.000000000000000E-003   12.0002346943666     
 -3.000000000000003E-003   29.6543999201454     
 -2.000000000000002E-003   31.6122979580909     
 -1.000000000000001E-003   27.8904729578456     
  0.000000000000000E+000   24.9748305951241     
  1.000000000000001E-003   31.9800382671307     
  1.999999999999998E-003   28.4936364999486     
  2.999999999999999E-003   16.1829590651546     
  4.000000000000000E-003   6.29663402857909     
  4.999999999999998E-003   2.50738722137192     
  5.999999999999998E-003   3.67170546285251     
  6.999999999999999E-003   1.91712001853747     
  8.000000000000000E-003   2.55983378318757     
  9.000000000000001E-003   1.77316115571735     
  1.000000000000000E-002  0.239983386951911     
  1.100000000000000E-002   1.31890852797155     
  1.200000000000000E-002  0.383518379296516     
  1.300000000000000E-002  0.000000000000000E+000
  1.400000000000000E-002  0.000000000000000E+000
  1.500000000000000E-002  0.000000000000000E+000
  1.600000000000000E-002  0.000000000000000E+000
  1.700000000000000E-002  0.000000000000000E+000
  1.800000000000000E-002  0.000000000000000E+000
  1.900000000000000E-002  0.000000000000000E+000
  2.000000000000000E-002  0.000000000000000E+000
  2.100000000000000E-002  0.000000000000000E+000
  2.200000000000000E-002  0.000000000000000E+000
  2.300000000000000E-002  0.000000000000000E+000
  2.400000000000000E-002  0.000000000000000E+000
  2.500000000000000E-002  0.000000000000000E+000
