 -2.500000000000000E-002  0.000000000000000E+000
 -2.400000000000000E-002  0.000000000000000E+000
 -2.300000000000000E-002  0.000000000000000E+000
 -2.200000000000000E-002  0.000000000000000E+000
 -2.100000000000000E-002  0.000000000000000E+000
 -2.000000000000000E-002  0.000000000000000E+000
 -1.900000000000000E-002  0.000000000000000E+000
 -1.800000000000000E-002  0.000000000000000E+000
 -1.700000000000000E-002  0.000000000000000E+000
 -1.600000000000000E-002  0.000000000000000E+000
 -1.500000000000000E-002  0.000000000000000E+000
 -1.400000000000000E-002  0.000000000000000E+000
 -1.300000000000000E-002   2.29183736055838     
 -1.200000000000000E-002   7.60282162826427     
 -1.100000000000000E-002   4.12686544474678     
 -1.000000000000000E-002   2.49261738672931     
 -9.000000000000001E-003   2.72056960886897     
 -8.000000000000000E-003   2.66703506979864     
 -6.999999999999999E-003   3.05720382928878     
 -6.000000000000002E-003   2.85232396299846     
 -5.000000000000001E-003   4.21782524383630     
 -4.000000000000000E-003   10.8025069717978     
 -3.000000000000003E-003   7.80382057517858     
 -2.000000000000002E-003   3.85913934928314     
 -1.000000000000001E-003   4.93935689565100     
  0.000000000000000E+000   6.19415690224922     
  1.000000000000001E-003   1.59195884543209     
  1.999999999999998E-003   3.89059596527971     
  2.999999999999999E-003   1.83008289165634     
  4.000000000000000E-003   6.51004052245362     
  4.999999999999998E-003   4.23934751713307     
  5.999999999999998E-003   8.69617774247756     
  6.999999999999999E-003   5.56721367129850     
  8.000000000000000E-003   10.3115454039472     
  9.000000000000001E-003   7.46281628848512     
  1.000000000000000E-002   5.57152797386312     
  1.100000000000000E-002   1.58047294872406     
  1.200000000000000E-002  0.000000000000000E+000
  1.300000000000000E-002  0.000000000000000E+000
  1.400000000000000E-002  0.000000000000000E+000
  1.500000000000000E-002  0.000000000000000E+000
  1.600000000000000E-002  0.000000000000000E+000
  1.700000000000000E-002  0.000000000000000E+000
  1.800000000000000E-002  0.000000000000000E+000
  1.900000000000000E-002  0.000000000000000E+000
  2.000000000000000E-002  0.000000000000000E+000
  2.100000000000000E-002  0.000000000000000E+000
  2.200000000000000E-002  0.000000000000000E+000
  2.300000000000000E-002  0.000000000000000E+000
  2.400000000000000E-002  0.000000000000000E+000
  2.500000000000000E-002  0.000000000000000E+000
