 -2.500000000000000E-002  0.000000000000000E+000
 -2.400000000000000E-002  0.000000000000000E+000
 -2.300000000000000E-002  0.000000000000000E+000
 -2.200000000000000E-002  0.000000000000000E+000
 -2.100000000000000E-002  0.000000000000000E+000
 -2.000000000000000E-002  0.000000000000000E+000
 -1.900000000000000E-002  0.000000000000000E+000
 -1.800000000000000E-002  0.000000000000000E+000
 -1.700000000000000E-002  0.000000000000000E+000
 -1.600000000000000E-002  0.000000000000000E+000
 -1.500000000000000E-002  0.000000000000000E+000
 -1.400000000000000E-002  0.000000000000000E+000
 -1.300000000000000E-002   1.77797071296751     
 -1.200000000000000E-002   2.96270582211187     
 -1.100000000000000E-002  0.901486672253820     
 -1.000000000000000E-002   1.75832319607844     
 -9.000000000000001E-003  0.514615522485007     
 -8.000000000000000E-003  0.754287342963067     
 -6.999999999999999E-003  0.343489226797983     
 -6.000000000000002E-003   2.05605525684888     
 -5.000000000000001E-003   2.99122195157339     
 -4.000000000000000E-003   6.21466901370508     
 -3.000000000000003E-003   1.23670019721533     
 -2.000000000000002E-003   6.27335088641832     
 -1.000000000000001E-003   6.24148568662767     
  0.000000000000000E+000   2.52836868393805     
  1.000000000000001E-003   10.0007883038222     
  1.999999999999998E-003   20.8841488001361     
  2.999999999999999E-003   28.7789976223844     
  4.000000000000000E-003   9.12270510167285     
  4.999999999999998E-003  0.000000000000000E+000
  5.999999999999998E-003  0.000000000000000E+000
  6.999999999999999E-003  0.000000000000000E+000
  8.000000000000000E-003  0.000000000000000E+000
  9.000000000000001E-003  0.000000000000000E+000
  1.000000000000000E-002  0.000000000000000E+000
  1.100000000000000E-002  0.000000000000000E+000
  1.200000000000000E-002  0.000000000000000E+000
  1.300000000000000E-002  0.000000000000000E+000
  1.400000000000000E-002  0.000000000000000E+000
  1.500000000000000E-002  0.000000000000000E+000
  1.600000000000000E-002  0.000000000000000E+000
  1.700000000000000E-002  0.000000000000000E+000
  1.800000000000000E-002  0.000000000000000E+000
  1.900000000000000E-002  0.000000000000000E+000
  2.000000000000000E-002  0.000000000000000E+000
  2.100000000000000E-002  0.000000000000000E+000
  2.200000000000000E-002  0.000000000000000E+000
  2.300000000000000E-002  0.000000000000000E+000
  2.400000000000000E-002  0.000000000000000E+000
  2.500000000000000E-002  0.000000000000000E+000
