 -2.500000000000000E-002  0.000000000000000E+000
 -2.400000000000000E-002  0.000000000000000E+000
 -2.300000000000000E-002  0.000000000000000E+000
 -2.200000000000000E-002  0.000000000000000E+000
 -2.100000000000000E-002  0.000000000000000E+000
 -2.000000000000000E-002  0.000000000000000E+000
 -1.900000000000000E-002  0.000000000000000E+000
 -1.800000000000000E-002  0.000000000000000E+000
 -1.700000000000000E-002  0.000000000000000E+000
 -1.600000000000000E-002  0.198324397374590     
 -1.500000000000000E-002  0.745669633376441     
 -1.400000000000000E-002   1.49373136673478     
 -1.300000000000000E-002  0.782334888546975     
 -1.200000000000000E-002  0.852943618193212     
 -1.100000000000000E-002  0.777767614836585     
 -1.000000000000000E-002   1.76807171870902     
 -9.000000000000001E-003   2.69287201477460     
 -8.000000000000000E-003   2.90370405697480     
 -6.999999999999999E-003   5.77751931690489     
 -6.000000000000002E-003   14.2971690158852     
 -5.000000000000001E-003   18.0388032267175     
 -4.000000000000000E-003   15.6447368103192     
 -3.000000000000003E-003   11.5488865015078     
 -2.000000000000002E-003   8.79587927187101     
 -1.000000000000001E-003   11.8539487685908     
  0.000000000000000E+000   10.3187930051612     
  1.000000000000001E-003   9.55848329778432     
  1.999999999999998E-003   8.09770241388317     
  2.999999999999999E-003   20.8049912052370     
  4.000000000000000E-003   17.0228723104006     
  4.999999999999998E-003   14.9226029569703     
  5.999999999999998E-003   17.1171535380544     
  6.999999999999999E-003   15.1985660213266     
  8.000000000000000E-003   3.62255302986507     
  9.000000000000001E-003  0.000000000000000E+000
  1.000000000000000E-002  0.000000000000000E+000
  1.100000000000000E-002  0.000000000000000E+000
  1.200000000000000E-002  0.000000000000000E+000
  1.300000000000000E-002  0.000000000000000E+000
  1.400000000000000E-002  0.000000000000000E+000
  1.500000000000000E-002  0.000000000000000E+000
  1.600000000000000E-002  0.000000000000000E+000
  1.700000000000000E-002  0.000000000000000E+000
  1.800000000000000E-002  0.000000000000000E+000
  1.900000000000000E-002  0.000000000000000E+000
  2.000000000000000E-002  0.000000000000000E+000
  2.100000000000000E-002  0.000000000000000E+000
  2.200000000000000E-002  0.000000000000000E+000
  2.300000000000000E-002  0.000000000000000E+000
  2.400000000000000E-002  0.000000000000000E+000
  2.500000000000000E-002  0.000000000000000E+000
