 -2.500000000000000E-002  0.000000000000000E+000
 -2.400000000000000E-002  0.000000000000000E+000
 -2.300000000000000E-002  0.000000000000000E+000
 -2.200000000000000E-002  0.000000000000000E+000
 -2.100000000000000E-002  0.000000000000000E+000
 -2.000000000000000E-002  0.000000000000000E+000
 -1.900000000000000E-002  0.000000000000000E+000
 -1.800000000000000E-002   1.07944916032407     
 -1.700000000000000E-002   2.33914132202948     
 -1.600000000000000E-002  0.265248147951403     
 -1.500000000000000E-002   2.71922245775325     
 -1.400000000000000E-002   2.78181685999117     
 -1.300000000000000E-002   1.72038672570224     
 -1.200000000000000E-002  0.483512331780313     
 -1.100000000000000E-002   1.69285901576243     
 -1.000000000000000E-002   2.74000266291309     
 -9.000000000000001E-003   4.48117410297917     
 -8.000000000000000E-003   4.18559859790810     
 -6.999999999999999E-003   7.05531981925719     
 -6.000000000000002E-003   8.81280255043293     
 -5.000000000000001E-003   9.87396252727416     
 -4.000000000000000E-003   10.3734575964996     
 -3.000000000000003E-003   10.9218027592431     
 -2.000000000000002E-003   11.8071923910909     
 -1.000000000000001E-003   8.78500468470621     
  0.000000000000000E+000   5.04546709589181     
  1.000000000000001E-003   4.23738141391740     
  1.999999999999998E-003   5.59200385089822     
  2.999999999999999E-003   7.41807344293667     
  4.000000000000000E-003   6.69290768936740     
  4.999999999999998E-003   6.26359592315037     
  5.999999999999998E-003   3.23878435760762     
  6.999999999999999E-003   7.77193798515927     
  8.000000000000000E-003   8.60270479009987     
  9.000000000000001E-003   5.31625637423734     
  1.000000000000000E-002   10.9340407549959     
  1.100000000000000E-002   8.55049606790452     
  1.200000000000000E-002   2.57327495327955     
  1.300000000000000E-002  0.936529156955215     
  1.400000000000000E-002  0.492520513525651     
  1.500000000000000E-002  0.534394931780082     
  1.600000000000000E-002  0.139406984694216     
  1.700000000000000E-002  0.000000000000000E+000
  1.800000000000000E-002  0.000000000000000E+000
  1.900000000000000E-002  0.000000000000000E+000
  2.000000000000000E-002  0.000000000000000E+000
  2.100000000000000E-002  0.000000000000000E+000
  2.200000000000000E-002  0.000000000000000E+000
  2.300000000000000E-002  0.000000000000000E+000
  2.400000000000000E-002  0.000000000000000E+000
  2.500000000000000E-002  0.000000000000000E+000
