 -2.500000000000000E-002  0.000000000000000E+000
 -2.400000000000000E-002  0.000000000000000E+000
 -2.300000000000000E-002  0.000000000000000E+000
 -2.200000000000000E-002  0.000000000000000E+000
 -2.100000000000000E-002  0.000000000000000E+000
 -2.000000000000000E-002  0.000000000000000E+000
 -1.900000000000000E-002  0.000000000000000E+000
 -1.800000000000000E-002  0.000000000000000E+000
 -1.700000000000000E-002  0.000000000000000E+000
 -1.600000000000000E-002  0.000000000000000E+000
 -1.500000000000000E-002  0.000000000000000E+000
 -1.400000000000000E-002  0.000000000000000E+000
 -1.300000000000000E-002  0.000000000000000E+000
 -1.200000000000000E-002  0.000000000000000E+000
 -1.100000000000000E-002  0.000000000000000E+000
 -1.000000000000000E-002  1.323408579434723E-004
 -9.000000000000001E-003   4.81777348723564     
 -8.000000000000000E-003   12.6241582079831     
 -6.999999999999999E-003   9.65650951136711     
 -6.000000000000002E-003   5.25108358064777     
 -5.000000000000001E-003   4.46851379642286     
 -4.000000000000000E-003   5.21120136324136     
 -3.000000000000003E-003   4.30284238322119     
 -2.000000000000002E-003   5.75967739048030     
 -1.000000000000001E-003   6.06022858977928     
  0.000000000000000E+000   8.67115952504930     
  1.000000000000001E-003   12.2952916462500     
  1.999999999999998E-003   3.76895427304324     
  2.999999999999999E-003   2.41480918137105     
  4.000000000000000E-003   1.64523225865063     
  4.999999999999998E-003   1.71170838519017     
  5.999999999999998E-003   2.66739084063706     
  6.999999999999999E-003   2.12329052386564     
  8.000000000000000E-003   1.56966906006055     
  9.000000000000001E-003   1.94882084772545     
  1.000000000000000E-002   3.03873452045843     
  1.100000000000000E-002   1.68325018314854     
  1.200000000000000E-002   2.26480381822406     
  1.300000000000000E-002   3.32817550528620     
  1.400000000000000E-002   2.56446754984952     
  1.500000000000000E-002   2.68917814558916     
  1.600000000000000E-002   1.08594308436448     
  1.700000000000000E-002  0.000000000000000E+000
  1.800000000000000E-002  0.000000000000000E+000
  1.900000000000000E-002  0.000000000000000E+000
  2.000000000000000E-002  0.000000000000000E+000
  2.100000000000000E-002  0.000000000000000E+000
  2.200000000000000E-002  0.000000000000000E+000
  2.300000000000000E-002  0.000000000000000E+000
  2.400000000000000E-002  0.000000000000000E+000
  2.500000000000000E-002  0.000000000000000E+000
