 -2.500000000000000E-002  0.000000000000000E+000
 -2.400000000000000E-002  0.000000000000000E+000
 -2.300000000000000E-002  0.000000000000000E+000
 -2.200000000000000E-002  0.000000000000000E+000
 -2.100000000000000E-002  0.000000000000000E+000
 -2.000000000000000E-002  0.000000000000000E+000
 -1.900000000000000E-002  0.000000000000000E+000
 -1.800000000000000E-002  0.000000000000000E+000
 -1.700000000000000E-002  0.000000000000000E+000
 -1.600000000000000E-002  0.000000000000000E+000
 -1.500000000000000E-002  0.000000000000000E+000
 -1.400000000000000E-002  0.000000000000000E+000
 -1.300000000000000E-002  0.000000000000000E+000
 -1.200000000000000E-002  0.000000000000000E+000
 -1.100000000000000E-002  0.000000000000000E+000
 -1.000000000000000E-002  0.000000000000000E+000
 -9.000000000000001E-003  0.000000000000000E+000
 -8.000000000000000E-003  0.129745775484200     
 -6.999999999999999E-003   1.52619489633593     
 -6.000000000000002E-003   4.28309465388584     
 -5.000000000000001E-003   9.45679229692555     
 -4.000000000000000E-003   17.3077828335699     
 -3.000000000000003E-003   24.3431695659660     
 -2.000000000000002E-003   24.7655892886592     
 -1.000000000000001E-003   22.9360679185655     
  0.000000000000000E+000   22.6006966187124     
  1.000000000000001E-003   22.0929862719513     
  1.999999999999998E-003   16.3109020755092     
  2.999999999999999E-003   7.83633585929247     
  4.000000000000000E-003   6.04961883469356     
  4.999999999999998E-003   3.33026943486333     
  5.999999999999998E-003   1.59708403760491     
  6.999999999999999E-003   1.98622866763403     
  8.000000000000000E-003   1.00768880880216     
  9.000000000000001E-003   1.99969375598625     
  1.000000000000000E-002   2.25682059692457     
  1.100000000000000E-002   3.19868026820821     
  1.200000000000000E-002   4.76421794447642     
  1.300000000000000E-002  0.940419595949042     
  1.400000000000000E-002  0.000000000000000E+000
  1.500000000000000E-002  0.000000000000000E+000
  1.600000000000000E-002  0.000000000000000E+000
  1.700000000000000E-002  0.000000000000000E+000
  1.800000000000000E-002  0.000000000000000E+000
  1.900000000000000E-002  0.000000000000000E+000
  2.000000000000000E-002  0.000000000000000E+000
  2.100000000000000E-002  0.000000000000000E+000
  2.200000000000000E-002  0.000000000000000E+000
  2.300000000000000E-002  0.000000000000000E+000
  2.400000000000000E-002  0.000000000000000E+000
  2.500000000000000E-002  0.000000000000000E+000
