 -2.500000000000000E-002  0.000000000000000E+000
 -2.400000000000000E-002  0.000000000000000E+000
 -2.300000000000000E-002  0.000000000000000E+000
 -2.200000000000000E-002  0.000000000000000E+000
 -2.100000000000000E-002  0.000000000000000E+000
 -2.000000000000000E-002  0.000000000000000E+000
 -1.900000000000000E-002  0.000000000000000E+000
 -1.800000000000000E-002  0.000000000000000E+000
 -1.700000000000000E-002  0.000000000000000E+000
 -1.600000000000000E-002  0.000000000000000E+000
 -1.500000000000000E-002  0.000000000000000E+000
 -1.400000000000000E-002  0.000000000000000E+000
 -1.300000000000000E-002  0.000000000000000E+000
 -1.200000000000000E-002  0.000000000000000E+000
 -1.100000000000000E-002  0.000000000000000E+000
 -1.000000000000000E-002  0.000000000000000E+000
 -9.000000000000001E-003  0.000000000000000E+000
 -8.000000000000000E-003   1.25624481076225     
 -6.999999999999999E-003   14.0919503960330     
 -6.000000000000002E-003   15.5772040864408     
 -5.000000000000001E-003   13.2833923548226     
 -4.000000000000000E-003   8.10509904815259     
 -3.000000000000003E-003   8.08894741401829     
 -2.000000000000002E-003   6.75420204025190     
 -1.000000000000001E-003   7.25064369551074     
  0.000000000000000E+000   8.44784573114104     
  1.000000000000001E-003   10.3477698505825     
  1.999999999999998E-003   15.2610343987770     
  2.999999999999999E-003   19.2864338164935     
  4.000000000000000E-003   15.9409625047509     
  4.999999999999998E-003   7.42387001465479     
  5.999999999999998E-003   1.33871086494571     
  6.999999999999999E-003  0.501203011510525     
  8.000000000000000E-003   2.40549110940476     
  9.000000000000001E-003   1.12695485174704     
  1.000000000000000E-002  0.768943108724861     
  1.100000000000000E-002   1.56759439123907     
  1.200000000000000E-002   1.13999044463011     
  1.300000000000000E-002   1.05695120648087     
  1.400000000000000E-002  0.740458865724020     
  1.500000000000000E-002   1.23534313946894     
  1.600000000000000E-002  0.877999975177714     
  1.700000000000000E-002  0.469348868554406     
  1.800000000000000E-002  0.000000000000000E+000
  1.900000000000000E-002  0.000000000000000E+000
  2.000000000000000E-002  0.000000000000000E+000
  2.100000000000000E-002  0.000000000000000E+000
  2.200000000000000E-002  0.000000000000000E+000
  2.300000000000000E-002  0.000000000000000E+000
  2.400000000000000E-002  0.000000000000000E+000
  2.500000000000000E-002  0.000000000000000E+000
