 -2.500000000000000E-002  0.000000000000000E+000
 -2.400000000000000E-002  0.000000000000000E+000
 -2.300000000000000E-002  0.284689739548425     
 -2.200000000000000E-002   1.23339559926806     
 -2.100000000000000E-002   1.03511944725271     
 -2.000000000000000E-002  0.182043273382092     
 -1.900000000000000E-002   1.30559971080430     
 -1.800000000000000E-002   1.27657970043346     
 -1.700000000000000E-002  0.902799779456347     
 -1.600000000000000E-002  0.405359668713413     
 -1.500000000000000E-002  0.379075110447404     
 -1.400000000000000E-002  0.992736894367185     
 -1.300000000000000E-002  0.377914353471015     
 -1.200000000000000E-002  0.245744470966239     
 -1.100000000000000E-002  0.344258504805669     
 -1.000000000000000E-002  0.232794939215824     
 -9.000000000000001E-003  0.211959465108142     
 -8.000000000000000E-003  0.274874432426109     
 -6.999999999999999E-003   1.61952672577077     
 -6.000000000000002E-003   2.81843379746517     
 -5.000000000000001E-003   2.07160638937236     
 -4.000000000000000E-003   2.15839278160995     
 -3.000000000000003E-003   6.27102305855481     
 -2.000000000000002E-003   3.74889457615171     
 -1.000000000000001E-003   3.61164411677331     
  0.000000000000000E+000   10.3063935088461     
  1.000000000000001E-003   9.24297881864130     
  1.999999999999998E-003   13.9163272086096     
  2.999999999999999E-003   6.99689161690413     
  4.000000000000000E-003   11.9740518992099     
  4.999999999999998E-003   16.8586650294545     
  5.999999999999998E-003   8.80629751460671     
  6.999999999999999E-003  8.330786836329544E-002
  8.000000000000000E-003  0.000000000000000E+000
  9.000000000000001E-003  0.000000000000000E+000
  1.000000000000000E-002  0.000000000000000E+000
  1.100000000000000E-002  0.000000000000000E+000
  1.200000000000000E-002  0.000000000000000E+000
  1.300000000000000E-002  0.000000000000000E+000
  1.400000000000000E-002  0.000000000000000E+000
  1.500000000000000E-002  0.000000000000000E+000
  1.600000000000000E-002  0.000000000000000E+000
  1.700000000000000E-002  0.000000000000000E+000
  1.800000000000000E-002  0.000000000000000E+000
  1.900000000000000E-002  0.000000000000000E+000
  2.000000000000000E-002  0.000000000000000E+000
  2.100000000000000E-002  0.000000000000000E+000
  2.200000000000000E-002  0.000000000000000E+000
  2.300000000000000E-002  0.000000000000000E+000
  2.400000000000000E-002  0.000000000000000E+000
  2.500000000000000E-002  0.000000000000000E+000
