 -2.500000000000000E-002  0.000000000000000E+000
 -2.400000000000000E-002  0.000000000000000E+000
 -2.300000000000000E-002  0.000000000000000E+000
 -2.200000000000000E-002  0.000000000000000E+000
 -2.100000000000000E-002  0.000000000000000E+000
 -2.000000000000000E-002  0.000000000000000E+000
 -1.900000000000000E-002  0.000000000000000E+000
 -1.800000000000000E-002  0.000000000000000E+000
 -1.700000000000000E-002  6.834428951829047E-002
 -1.600000000000000E-002   1.13365170029626     
 -1.500000000000000E-002   2.77421902115721     
 -1.400000000000000E-002   1.63058206565271     
 -1.300000000000000E-002   1.30209337243906     
 -1.200000000000000E-002  0.992208687001988     
 -1.100000000000000E-002   2.24567997727743     
 -1.000000000000000E-002   2.63134686283001     
 -9.000000000000001E-003   1.93880378801780     
 -8.000000000000000E-003   1.36433292153460     
 -6.999999999999999E-003   1.79508594523139     
 -6.000000000000002E-003   4.82091004780698     
 -5.000000000000001E-003   15.5611731322315     
 -4.000000000000000E-003   29.6961394246712     
 -3.000000000000003E-003   23.0731083708952     
 -2.000000000000002E-003   15.0909670996815     
 -1.000000000000001E-003   15.0716339506626     
  0.000000000000000E+000   12.7384493229300     
  1.000000000000001E-003   7.49319695746979     
  1.999999999999998E-003   3.86511247447484     
  2.999999999999999E-003   4.36341297518565     
  4.000000000000000E-003   5.05476269138220     
  4.999999999999998E-003   3.31552282914818     
  5.999999999999998E-003   2.89836980125376     
  6.999999999999999E-003   2.85736885559766     
  8.000000000000000E-003   5.13191176855627     
  9.000000000000001E-003   9.74923875339955     
  1.000000000000000E-002   4.17550535029715     
  1.100000000000000E-002   5.58265475835159     
  1.200000000000000E-002   6.58175244910308     
  1.300000000000000E-002   4.42077967611908     
  1.400000000000000E-002   3.99402509763649     
  1.500000000000000E-002  0.962555582188910     
  1.600000000000000E-002  0.000000000000000E+000
  1.700000000000000E-002  0.000000000000000E+000
  1.800000000000000E-002  0.000000000000000E+000
  1.900000000000000E-002  0.000000000000000E+000
  2.000000000000000E-002  0.000000000000000E+000
  2.100000000000000E-002  0.000000000000000E+000
  2.200000000000000E-002  0.000000000000000E+000
  2.300000000000000E-002  0.000000000000000E+000
  2.400000000000000E-002  0.000000000000000E+000
  2.500000000000000E-002  0.000000000000000E+000
