 -2.500000000000000E-002  0.000000000000000E+000
 -2.400000000000000E-002  0.000000000000000E+000
 -2.300000000000000E-002  0.000000000000000E+000
 -2.200000000000000E-002  0.000000000000000E+000
 -2.100000000000000E-002  0.000000000000000E+000
 -2.000000000000000E-002  0.000000000000000E+000
 -1.900000000000000E-002  0.000000000000000E+000
 -1.800000000000000E-002  0.000000000000000E+000
 -1.700000000000000E-002  0.000000000000000E+000
 -1.600000000000000E-002  0.000000000000000E+000
 -1.500000000000000E-002  7.316027188464011E-003
 -1.400000000000000E-002  0.474908190245783     
 -1.300000000000000E-002  0.871429703993890     
 -1.200000000000000E-002  0.716044625216885     
 -1.100000000000000E-002  0.229905347319554     
 -1.000000000000000E-002   1.45978227797897     
 -9.000000000000001E-003  0.522405022313757     
 -8.000000000000000E-003  0.851426357972946     
 -6.999999999999999E-003  0.980950616997718     
 -6.000000000000002E-003   2.98789345261574     
 -5.000000000000001E-003   10.6668421873038     
 -4.000000000000000E-003   21.7474033573361     
 -3.000000000000003E-003   32.3534407841237     
 -2.000000000000002E-003   35.3313838864322     
 -1.000000000000001E-003   33.3436249629563     
  0.000000000000000E+000   29.7391512910097     
  1.000000000000001E-003   31.6006091925750     
  1.999999999999998E-003   23.1735693484352     
  2.999999999999999E-003   9.81280119998911     
  4.000000000000000E-003   4.46752327882368     
  4.999999999999998E-003   1.32299512015907     
  5.999999999999998E-003   2.09159424446238     
  6.999999999999999E-003   2.35879727120035     
  8.000000000000000E-003   2.21524930368423     
  9.000000000000001E-003   2.64481747900974     
  1.000000000000000E-002   3.71940826987262     
  1.100000000000000E-002   6.40154574058304     
  1.200000000000000E-002   5.69284410850143     
  1.300000000000000E-002   1.39463598563554     
  1.400000000000000E-002   1.03536365297305     
  1.500000000000000E-002  0.185047713090166     
  1.600000000000000E-002  0.000000000000000E+000
  1.700000000000000E-002  0.000000000000000E+000
  1.800000000000000E-002  0.000000000000000E+000
  1.900000000000000E-002  0.000000000000000E+000
  2.000000000000000E-002  0.000000000000000E+000
  2.100000000000000E-002  0.000000000000000E+000
  2.200000000000000E-002  0.000000000000000E+000
  2.300000000000000E-002  0.000000000000000E+000
  2.400000000000000E-002  0.000000000000000E+000
  2.500000000000000E-002  0.000000000000000E+000
