 -2.500000000000000E-002  0.000000000000000E+000
 -2.400000000000000E-002  0.000000000000000E+000
 -2.300000000000000E-002  0.000000000000000E+000
 -2.200000000000000E-002  0.000000000000000E+000
 -2.100000000000000E-002  0.000000000000000E+000
 -2.000000000000000E-002  0.000000000000000E+000
 -1.900000000000000E-002  0.000000000000000E+000
 -1.800000000000000E-002  0.000000000000000E+000
 -1.700000000000000E-002  0.000000000000000E+000
 -1.600000000000000E-002  0.000000000000000E+000
 -1.500000000000000E-002  0.000000000000000E+000
 -1.400000000000000E-002  0.000000000000000E+000
 -1.300000000000000E-002  0.000000000000000E+000
 -1.200000000000000E-002  0.000000000000000E+000
 -1.100000000000000E-002  0.000000000000000E+000
 -1.000000000000000E-002  9.910800844293138E-002
 -9.000000000000001E-003  0.986557233429684     
 -8.000000000000000E-003   2.71642312368132     
 -6.999999999999999E-003   5.08147064148843     
 -6.000000000000002E-003   16.3143341391970     
 -5.000000000000001E-003   14.1146809647494     
 -4.000000000000000E-003   13.8411235999470     
 -3.000000000000003E-003   10.7307204662385     
 -2.000000000000002E-003   8.23375548779263     
 -1.000000000000001E-003   9.61397979448863     
  0.000000000000000E+000   6.92760697817032     
  1.000000000000001E-003   9.23750861250294     
  1.999999999999998E-003   9.54354300623137     
  2.999999999999999E-003   9.31521705581833     
  4.000000000000000E-003   8.98016870595248     
  4.999999999999998E-003   11.6885981340274     
  5.999999999999998E-003   11.0909551189586     
  6.999999999999999E-003   8.58584258732331     
  8.000000000000000E-003   3.14632935726368     
  9.000000000000001E-003   1.78369683164740     
  1.000000000000000E-002   2.31145440797980     
  1.100000000000000E-002  0.700455744668838     
  1.200000000000000E-002  0.000000000000000E+000
  1.300000000000000E-002  0.000000000000000E+000
  1.400000000000000E-002  0.000000000000000E+000
  1.500000000000000E-002  0.000000000000000E+000
  1.600000000000000E-002  0.000000000000000E+000
  1.700000000000000E-002  0.000000000000000E+000
  1.800000000000000E-002  0.000000000000000E+000
  1.900000000000000E-002  0.000000000000000E+000
  2.000000000000000E-002  0.000000000000000E+000
  2.100000000000000E-002  0.000000000000000E+000
  2.200000000000000E-002  0.000000000000000E+000
  2.300000000000000E-002  0.000000000000000E+000
  2.400000000000000E-002  0.000000000000000E+000
  2.500000000000000E-002  0.000000000000000E+000
