 -2.500000000000000E-002  0.000000000000000E+000
 -2.400000000000000E-002  0.000000000000000E+000
 -2.300000000000000E-002  0.000000000000000E+000
 -2.200000000000000E-002  0.000000000000000E+000
 -2.100000000000000E-002  0.000000000000000E+000
 -2.000000000000000E-002  0.000000000000000E+000
 -1.900000000000000E-002  0.000000000000000E+000
 -1.800000000000000E-002  0.000000000000000E+000
 -1.700000000000000E-002  0.000000000000000E+000
 -1.600000000000000E-002  0.000000000000000E+000
 -1.500000000000000E-002  0.000000000000000E+000
 -1.400000000000000E-002   1.18783761626331     
 -1.300000000000000E-002   2.33124495062507     
 -1.200000000000000E-002  0.670462235504500     
 -1.100000000000000E-002   2.06337720037364     
 -1.000000000000000E-002  0.967897883638876     
 -9.000000000000001E-003  0.293689263604837     
 -8.000000000000000E-003  0.812672328129037     
 -6.999999999999999E-003  0.936505511258646     
 -6.000000000000002E-003   3.52374689774457     
 -5.000000000000001E-003   3.51312302713851     
 -4.000000000000000E-003   4.10726676049239     
 -3.000000000000003E-003   5.28728049362772     
 -2.000000000000002E-003   6.80804465186017     
 -1.000000000000001E-003   3.45310960920716     
  0.000000000000000E+000   6.98790053990440     
  1.000000000000001E-003   29.0502579619527     
  1.999999999999998E-003   40.7397819383594     
  2.999999999999999E-003   24.1029388844432     
  4.000000000000000E-003   2.53684224587188     
  4.999999999999998E-003  0.000000000000000E+000
  5.999999999999998E-003  0.000000000000000E+000
  6.999999999999999E-003  0.000000000000000E+000
  8.000000000000000E-003  0.000000000000000E+000
  9.000000000000001E-003  0.000000000000000E+000
  1.000000000000000E-002  0.000000000000000E+000
  1.100000000000000E-002  0.000000000000000E+000
  1.200000000000000E-002  0.000000000000000E+000
  1.300000000000000E-002  0.000000000000000E+000
  1.400000000000000E-002  0.000000000000000E+000
  1.500000000000000E-002  0.000000000000000E+000
  1.600000000000000E-002  0.000000000000000E+000
  1.700000000000000E-002  0.000000000000000E+000
  1.800000000000000E-002  0.000000000000000E+000
  1.900000000000000E-002  0.000000000000000E+000
  2.000000000000000E-002  0.000000000000000E+000
  2.100000000000000E-002  0.000000000000000E+000
  2.200000000000000E-002  0.000000000000000E+000
  2.300000000000000E-002  0.000000000000000E+000
  2.400000000000000E-002  0.000000000000000E+000
  2.500000000000000E-002  0.000000000000000E+000
