 -2.500000000000000E-002  0.000000000000000E+000
 -2.400000000000000E-002  0.000000000000000E+000
 -2.300000000000000E-002  0.000000000000000E+000
 -2.200000000000000E-002  0.000000000000000E+000
 -2.100000000000000E-002  0.000000000000000E+000
 -2.000000000000000E-002  0.000000000000000E+000
 -1.900000000000000E-002  0.000000000000000E+000
 -1.800000000000000E-002  0.000000000000000E+000
 -1.700000000000000E-002  0.000000000000000E+000
 -1.600000000000000E-002  0.000000000000000E+000
 -1.500000000000000E-002  0.000000000000000E+000
 -1.400000000000000E-002  0.000000000000000E+000
 -1.300000000000000E-002  0.000000000000000E+000
 -1.200000000000000E-002  0.000000000000000E+000
 -1.100000000000000E-002  0.000000000000000E+000
 -1.000000000000000E-002  0.000000000000000E+000
 -9.000000000000001E-003  0.000000000000000E+000
 -8.000000000000000E-003   2.21090979164676     
 -6.999999999999999E-003   7.56886813989450     
 -6.000000000000002E-003   12.5155729540983     
 -5.000000000000001E-003   21.0013829397513     
 -4.000000000000000E-003   19.1196601438149     
 -3.000000000000003E-003   14.5935638531682     
 -2.000000000000002E-003   9.94784804762537     
 -1.000000000000001E-003   7.36500178490885     
  0.000000000000000E+000   5.01037840506279     
  1.000000000000001E-003   4.26044625003700     
  1.999999999999998E-003   2.84516206883989     
  2.999999999999999E-003   3.56411857701777     
  4.000000000000000E-003   2.46763223996665     
  4.999999999999998E-003   1.46374802230278     
  5.999999999999998E-003   1.52960099248126     
  6.999999999999999E-003   2.39610819520925     
  8.000000000000000E-003   1.88694202997114     
  9.000000000000001E-003   2.61047830508935     
  1.000000000000000E-002   2.90686457639820     
  1.100000000000000E-002   4.06111937024877     
  1.200000000000000E-002   3.06589969440374     
  1.300000000000000E-002   8.72856305033734     
  1.400000000000000E-002   3.31670452132215     
  1.500000000000000E-002   1.31573133392049     
  1.600000000000000E-002  0.266784712483145     
  1.700000000000000E-002  0.000000000000000E+000
  1.800000000000000E-002  0.000000000000000E+000
  1.900000000000000E-002  0.000000000000000E+000
  2.000000000000000E-002  0.000000000000000E+000
  2.100000000000000E-002  0.000000000000000E+000
  2.200000000000000E-002  0.000000000000000E+000
  2.300000000000000E-002  0.000000000000000E+000
  2.400000000000000E-002  0.000000000000000E+000
  2.500000000000000E-002  0.000000000000000E+000
