 -2.500000000000000E-002  0.000000000000000E+000
 -2.400000000000000E-002  0.000000000000000E+000
 -2.300000000000000E-002  0.000000000000000E+000
 -2.200000000000000E-002  0.000000000000000E+000
 -2.100000000000000E-002  0.000000000000000E+000
 -2.000000000000000E-002  0.000000000000000E+000
 -1.900000000000000E-002  0.000000000000000E+000
 -1.800000000000000E-002  0.000000000000000E+000
 -1.700000000000000E-002  0.000000000000000E+000
 -1.600000000000000E-002  0.000000000000000E+000
 -1.500000000000000E-002  0.000000000000000E+000
 -1.400000000000000E-002  0.000000000000000E+000
 -1.300000000000000E-002  0.000000000000000E+000
 -1.200000000000000E-002  0.000000000000000E+000
 -1.100000000000000E-002  0.000000000000000E+000
 -1.000000000000000E-002  0.000000000000000E+000
 -9.000000000000001E-003  0.000000000000000E+000
 -8.000000000000000E-003   2.99196987959653     
 -6.999999999999999E-003   14.4400934460330     
 -6.000000000000002E-003   13.2113513608696     
 -5.000000000000001E-003   14.1454158219556     
 -4.000000000000000E-003   16.4113957985516     
 -3.000000000000003E-003   13.5178099299877     
 -2.000000000000002E-003   8.16051070314793     
 -1.000000000000001E-003   4.47027835474435     
  0.000000000000000E+000   4.04571529390372     
  1.000000000000001E-003   4.14053193159905     
  1.999999999999998E-003   2.53666749646501     
  2.999999999999999E-003   3.42613293840716     
  4.000000000000000E-003   4.05985336178201     
  4.999999999999998E-003   3.48242501017842     
  5.999999999999998E-003   4.17061483663737     
  6.999999999999999E-003   4.50013257648669     
  8.000000000000000E-003   5.70773887970768     
  9.000000000000001E-003   9.49187040949598     
  1.000000000000000E-002   9.21149073301196     
  1.100000000000000E-002   3.90710168696440     
  1.200000000000000E-002   2.24568955047422     
  1.300000000000000E-002  0.000000000000000E+000
  1.400000000000000E-002  0.000000000000000E+000
  1.500000000000000E-002  0.000000000000000E+000
  1.600000000000000E-002  0.000000000000000E+000
  1.700000000000000E-002  0.000000000000000E+000
  1.800000000000000E-002  0.000000000000000E+000
  1.900000000000000E-002  0.000000000000000E+000
  2.000000000000000E-002  0.000000000000000E+000
  2.100000000000000E-002  0.000000000000000E+000
  2.200000000000000E-002  0.000000000000000E+000
  2.300000000000000E-002  0.000000000000000E+000
  2.400000000000000E-002  0.000000000000000E+000
  2.500000000000000E-002  0.000000000000000E+000
