 -2.500000000000000E-002  0.000000000000000E+000
 -2.400000000000000E-002  0.000000000000000E+000
 -2.300000000000000E-002  0.000000000000000E+000
 -2.200000000000000E-002  0.000000000000000E+000
 -2.100000000000000E-002  0.000000000000000E+000
 -2.000000000000000E-002  0.000000000000000E+000
 -1.900000000000000E-002  0.000000000000000E+000
 -1.800000000000000E-002  0.000000000000000E+000
 -1.700000000000000E-002  0.000000000000000E+000
 -1.600000000000000E-002  0.000000000000000E+000
 -1.500000000000000E-002  0.000000000000000E+000
 -1.400000000000000E-002  0.000000000000000E+000
 -1.300000000000000E-002  0.000000000000000E+000
 -1.200000000000000E-002  0.000000000000000E+000
 -1.100000000000000E-002  7.217125346497731E-002
 -1.000000000000000E-002  0.793922846568124     
 -9.000000000000001E-003   3.70495523644352     
 -8.000000000000000E-003  0.911230880134560     
 -6.999999999999999E-003   2.21491944337356     
 -6.000000000000002E-003   3.43109366411067     
 -5.000000000000001E-003   2.57023521544255     
 -4.000000000000000E-003   2.38637382841333     
 -3.000000000000003E-003   10.2965962557561     
 -2.000000000000002E-003   19.7064974261191     
 -1.000000000000001E-003   24.8874989119793     
  0.000000000000000E+000   19.8454085152910     
  1.000000000000001E-003   11.0247434865958     
  1.999999999999998E-003   13.8672147290928     
  2.999999999999999E-003   5.48240591096421     
  4.000000000000000E-003   1.53838435306901     
  4.999999999999998E-003  0.908548725944976     
  5.999999999999998E-003   1.12308164825273     
  6.999999999999999E-003  0.601538014515090     
  8.000000000000000E-003  0.433744611269339     
  9.000000000000001E-003  0.737336657773422     
  1.000000000000000E-002  0.601548613410107     
  1.100000000000000E-002  0.892603577731286     
  1.200000000000000E-002  0.407866194284521     
  1.300000000000000E-002  0.000000000000000E+000
  1.400000000000000E-002  0.505428589495594     
  1.500000000000000E-002   1.48873379358295     
  1.600000000000000E-002  0.668765538443308     
  1.700000000000000E-002  0.339942078478146     
  1.800000000000000E-002  0.223236947078896     
  1.900000000000000E-002  0.749113052921098     
  2.000000000000000E-002  0.902592327577373     
  2.100000000000000E-002  0.458707672422629     
  2.200000000000000E-002  0.000000000000000E+000
  2.300000000000000E-002  0.000000000000000E+000
  2.400000000000000E-002  0.000000000000000E+000
  2.500000000000000E-002  0.000000000000000E+000
