 -2.500000000000000E-002  0.000000000000000E+000
 -2.400000000000000E-002  0.000000000000000E+000
 -2.300000000000000E-002  0.000000000000000E+000
 -2.200000000000000E-002  0.000000000000000E+000
 -2.100000000000000E-002  0.000000000000000E+000
 -2.000000000000000E-002  0.000000000000000E+000
 -1.900000000000000E-002  0.000000000000000E+000
 -1.800000000000000E-002  0.000000000000000E+000
 -1.700000000000000E-002  0.000000000000000E+000
 -1.600000000000000E-002  0.000000000000000E+000
 -1.500000000000000E-002  0.000000000000000E+000
 -1.400000000000000E-002  0.000000000000000E+000
 -1.300000000000000E-002  0.000000000000000E+000
 -1.200000000000000E-002  0.000000000000000E+000
 -1.100000000000000E-002  0.479297677140741     
 -1.000000000000000E-002   2.79164892584201     
 -9.000000000000001E-003   4.97310814647628     
 -8.000000000000000E-003   7.58031290406215     
 -6.999999999999999E-003   5.47037006287768     
 -6.000000000000002E-003   5.64987655531147     
 -5.000000000000001E-003   8.37535822349508     
 -4.000000000000000E-003   3.69767373322942     
 -3.000000000000003E-003   2.49710110238782     
 -2.000000000000002E-003   1.30826461451448     
 -1.000000000000001E-003   1.30858108549411     
  0.000000000000000E+000   1.36239809069191     
  1.000000000000001E-003   1.04969515108364     
  1.999999999999998E-003   2.79043247115903     
  2.999999999999999E-003   1.28007877009438     
  4.000000000000000E-003   1.85854224895341     
  4.999999999999998E-003   5.41846274677395     
  5.999999999999998E-003   8.63655803808861     
  6.999999999999999E-003   9.00528348050985     
  8.000000000000000E-003   5.22901853451616     
  9.000000000000001E-003   2.88913629105033     
  1.000000000000000E-002   2.67761243197482     
  1.100000000000000E-002   2.00135770197886     
  1.200000000000000E-002  0.148361012293852     
  1.300000000000000E-002  0.000000000000000E+000
  1.400000000000000E-002  0.000000000000000E+000
  1.500000000000000E-002  0.000000000000000E+000
  1.600000000000000E-002  0.000000000000000E+000
  1.700000000000000E-002  0.000000000000000E+000
  1.800000000000000E-002  0.000000000000000E+000
  1.900000000000000E-002  0.000000000000000E+000
  2.000000000000000E-002  0.000000000000000E+000
  2.100000000000000E-002  0.000000000000000E+000
  2.200000000000000E-002  0.000000000000000E+000
  2.300000000000000E-002  0.000000000000000E+000
  2.400000000000000E-002  0.000000000000000E+000
  2.500000000000000E-002  0.000000000000000E+000
