 -2.500000000000000E-002  0.000000000000000E+000
 -2.400000000000000E-002  0.000000000000000E+000
 -2.300000000000000E-002  0.000000000000000E+000
 -2.200000000000000E-002  0.000000000000000E+000
 -2.100000000000000E-002  0.000000000000000E+000
 -2.000000000000000E-002  0.000000000000000E+000
 -1.900000000000000E-002  0.000000000000000E+000
 -1.800000000000000E-002  0.000000000000000E+000
 -1.700000000000000E-002  0.500442719828422     
 -1.600000000000000E-002   1.68243419088795     
 -1.500000000000000E-002   3.14668315683602     
 -1.400000000000000E-002   1.16896208476948     
 -1.300000000000000E-002  0.969733299460188     
 -1.200000000000000E-002   1.46519923098688     
 -1.100000000000000E-002   2.48559787481099     
 -1.000000000000000E-002   2.14968252410383     
 -9.000000000000001E-003   1.92887277600936     
 -8.000000000000000E-003   2.22338219708197     
 -6.999999999999999E-003   9.01852895532805     
 -6.000000000000002E-003   12.2019179051212     
 -5.000000000000001E-003   8.08804585309450     
 -4.000000000000000E-003   7.50331642512729     
 -3.000000000000003E-003   4.52400204367374     
 -2.000000000000002E-003   3.21003276585432     
 -1.000000000000001E-003   2.84968125385007     
  0.000000000000000E+000   5.68597408267133     
  1.000000000000001E-003   2.46918426514494     
  1.999999999999998E-003   4.62032238970157     
  2.999999999999999E-003   6.35078627609730     
  4.000000000000000E-003   4.29870122628579     
  4.999999999999998E-003   6.63169294384976     
  5.999999999999998E-003   5.78493383673900     
  6.999999999999999E-003   5.66218398356137     
  8.000000000000000E-003   4.54936369410661     
  9.000000000000001E-003   2.62386858436244     
  1.000000000000000E-002   2.00547804041002     
  1.100000000000000E-002   4.61883348611262     
  1.200000000000000E-002   4.34624382382721     
  1.300000000000000E-002   4.48878007831315     
  1.400000000000000E-002   2.94820195683028     
  1.500000000000000E-002  9.847607516230375E-002
  1.600000000000000E-002  0.000000000000000E+000
  1.700000000000000E-002  0.000000000000000E+000
  1.800000000000000E-002  0.000000000000000E+000
  1.900000000000000E-002  0.000000000000000E+000
  2.000000000000000E-002  0.000000000000000E+000
  2.100000000000000E-002  0.000000000000000E+000
  2.200000000000000E-002  0.000000000000000E+000
  2.300000000000000E-002  0.000000000000000E+000
  2.400000000000000E-002  0.000000000000000E+000
  2.500000000000000E-002  0.000000000000000E+000
