 -2.500000000000000E-002  0.000000000000000E+000
 -2.400000000000000E-002  0.000000000000000E+000
 -2.300000000000000E-002  0.000000000000000E+000
 -2.200000000000000E-002  0.000000000000000E+000
 -2.100000000000000E-002  0.000000000000000E+000
 -2.000000000000000E-002  0.000000000000000E+000
 -1.900000000000000E-002  0.000000000000000E+000
 -1.800000000000000E-002  0.000000000000000E+000
 -1.700000000000000E-002  0.000000000000000E+000
 -1.600000000000000E-002  0.156621384689044     
 -1.500000000000000E-002  0.387944536114088     
 -1.400000000000000E-002   1.83688762886789     
 -1.300000000000000E-002  0.209386450328974     
 -1.200000000000000E-002  0.541261874347354     
 -1.100000000000000E-002  0.919051017313456     
 -1.000000000000000E-002   1.23299619045812     
 -9.000000000000001E-003  0.876650917881072     
 -8.000000000000000E-003  0.626654609323340     
 -6.999999999999999E-003  0.750391106252764     
 -6.000000000000002E-003   1.30310846602094     
 -5.000000000000001E-003   1.95998836171163     
 -4.000000000000000E-003   5.53252656314104     
 -3.000000000000003E-003   17.4672273559488     
 -2.000000000000002E-003   27.4095307747479     
 -1.000000000000001E-003   27.8796055322533     
  0.000000000000000E+000   21.5650663124860     
  1.000000000000001E-003   16.1892698200962     
  1.999999999999998E-003   16.1435008500927     
  2.999999999999999E-003   6.85156670976655     
  4.000000000000000E-003   1.69784454498909     
  4.999999999999998E-003   1.01318652212646     
  5.999999999999998E-003   1.40192613953213     
  6.999999999999999E-003  0.980532051701832     
  8.000000000000000E-003  0.904262867072598     
  9.000000000000001E-003   1.05309927101853     
  1.000000000000000E-002   1.10961578334801     
  1.100000000000000E-002   1.36400650667732     
  1.200000000000000E-002   1.75780743604589     
  1.300000000000000E-002   1.88551479017775     
  1.400000000000000E-002   2.38999140725371     
  1.500000000000000E-002   1.97012407366482     
  1.600000000000000E-002  0.393382144550759     
  1.700000000000000E-002  0.000000000000000E+000
  1.800000000000000E-002  0.000000000000000E+000
  1.900000000000000E-002  0.000000000000000E+000
  2.000000000000000E-002  0.000000000000000E+000
  2.100000000000000E-002  0.000000000000000E+000
  2.200000000000000E-002  0.000000000000000E+000
  2.300000000000000E-002  0.000000000000000E+000
  2.400000000000000E-002  0.000000000000000E+000
  2.500000000000000E-002  0.000000000000000E+000
