 -2.500000000000000E-002  0.000000000000000E+000
 -2.400000000000000E-002  0.000000000000000E+000
 -2.300000000000000E-002  0.000000000000000E+000
 -2.200000000000000E-002  0.000000000000000E+000
 -2.100000000000000E-002  0.000000000000000E+000
 -2.000000000000000E-002  0.000000000000000E+000
 -1.900000000000000E-002  0.000000000000000E+000
 -1.800000000000000E-002  0.000000000000000E+000
 -1.700000000000000E-002  0.000000000000000E+000
 -1.600000000000000E-002  0.000000000000000E+000
 -1.500000000000000E-002  0.000000000000000E+000
 -1.400000000000000E-002  0.511099516858751     
 -1.300000000000000E-002  0.929634583313612     
 -1.200000000000000E-002  0.460124469450120     
 -1.100000000000000E-002   1.55026538294263     
 -1.000000000000000E-002   1.15563731333968     
 -9.000000000000001E-003  0.605732863793306     
 -8.000000000000000E-003  0.411547493864668     
 -6.999999999999999E-003   2.68631953229046     
 -6.000000000000002E-003   4.60434437062194     
 -5.000000000000001E-003   12.8738357679589     
 -4.000000000000000E-003   18.3749157608035     
 -3.000000000000003E-003   17.6847421731837     
 -2.000000000000002E-003   12.4036411570760     
 -1.000000000000001E-003   10.7670666843614     
  0.000000000000000E+000   13.9637872819797     
  1.000000000000001E-003   17.1756210144578     
  1.999999999999998E-003   5.11975748075308     
  2.999999999999999E-003   2.29398536728687     
  4.000000000000000E-003   2.23503691743528     
  4.999999999999998E-003  0.522430505172067     
  5.999999999999998E-003  0.415671695191519     
  6.999999999999999E-003   1.16963812103044     
  8.000000000000000E-003   1.86876245788302     
  9.000000000000001E-003   1.13562312141768     
  1.000000000000000E-002  0.829121913308236     
  1.100000000000000E-002   1.26226667726883     
  1.200000000000000E-002   2.12310694898889     
  1.300000000000000E-002   4.79472012149547     
  1.400000000000000E-002   5.41059672099750     
  1.500000000000000E-002   3.50940760175432     
  1.600000000000000E-002  0.759608983720611     
  1.700000000000000E-002  0.000000000000000E+000
  1.800000000000000E-002  0.000000000000000E+000
  1.900000000000000E-002  0.000000000000000E+000
  2.000000000000000E-002  0.000000000000000E+000
  2.100000000000000E-002  0.000000000000000E+000
  2.200000000000000E-002  0.000000000000000E+000
  2.300000000000000E-002  0.000000000000000E+000
  2.400000000000000E-002  0.000000000000000E+000
  2.500000000000000E-002  0.000000000000000E+000
