 -2.500000000000000E-002  0.000000000000000E+000
 -2.400000000000000E-002  0.000000000000000E+000
 -2.300000000000000E-002  0.000000000000000E+000
 -2.200000000000000E-002  0.000000000000000E+000
 -2.100000000000000E-002  0.000000000000000E+000
 -2.000000000000000E-002  0.000000000000000E+000
 -1.900000000000000E-002  0.000000000000000E+000
 -1.800000000000000E-002  0.000000000000000E+000
 -1.700000000000000E-002  0.000000000000000E+000
 -1.600000000000000E-002  0.000000000000000E+000
 -1.500000000000000E-002  0.000000000000000E+000
 -1.400000000000000E-002  0.000000000000000E+000
 -1.300000000000000E-002  0.000000000000000E+000
 -1.200000000000000E-002  0.000000000000000E+000
 -1.100000000000000E-002  0.000000000000000E+000
 -1.000000000000000E-002  0.000000000000000E+000
 -9.000000000000001E-003  0.000000000000000E+000
 -8.000000000000000E-003  0.138449765517307     
 -6.999999999999999E-003   4.15941443473435     
 -6.000000000000002E-003   10.7515235992247     
 -5.000000000000001E-003   15.4792810500965     
 -4.000000000000000E-003   12.5971916620692     
 -3.000000000000003E-003   8.20971073152400     
 -2.000000000000002E-003   9.07560293598840     
 -1.000000000000001E-003   12.0573146243203     
  0.000000000000000E+000   9.66426616577086     
  1.000000000000001E-003   9.43484570968617     
  1.999999999999998E-003   5.88917094887979     
  2.999999999999999E-003   10.0364951329289     
  4.000000000000000E-003   12.1012283981463     
  4.999999999999998E-003   3.00605554356802     
  5.999999999999998E-003   2.03539278152646     
  6.999999999999999E-003  0.863380465755085     
  8.000000000000000E-003   1.02957408548641     
  9.000000000000001E-003   2.58063742366595     
  1.000000000000000E-002  0.412608704245554     
  1.100000000000000E-002   1.09977200070782     
  1.200000000000000E-002   2.13770762087249     
  1.300000000000000E-002  0.725302194825098     
  1.400000000000000E-002  0.871004451441368     
  1.500000000000000E-002   1.10371398408605     
  1.600000000000000E-002   1.08799547683642     
  1.700000000000000E-002  0.624054227401533     
  1.800000000000000E-002  0.157355880694939     
  1.900000000000000E-002  0.000000000000000E+000
  2.000000000000000E-002  0.000000000000000E+000
  2.100000000000000E-002  0.000000000000000E+000
  2.200000000000000E-002  0.000000000000000E+000
  2.300000000000000E-002  0.000000000000000E+000
  2.400000000000000E-002  0.000000000000000E+000
  2.500000000000000E-002  0.000000000000000E+000
