 -2.500000000000000E-002  0.000000000000000E+000
 -2.400000000000000E-002  0.000000000000000E+000
 -2.300000000000000E-002  0.000000000000000E+000
 -2.200000000000000E-002  0.000000000000000E+000
 -2.100000000000000E-002  0.000000000000000E+000
 -2.000000000000000E-002  0.000000000000000E+000
 -1.900000000000000E-002  0.000000000000000E+000
 -1.800000000000000E-002  0.000000000000000E+000
 -1.700000000000000E-002  0.000000000000000E+000
 -1.600000000000000E-002  0.000000000000000E+000
 -1.500000000000000E-002  0.388229435416711     
 -1.400000000000000E-002   2.35292184523587     
 -1.300000000000000E-002   2.42597846923037     
 -1.200000000000000E-002   2.21219501022440     
 -1.100000000000000E-002   2.33380702292816     
 -1.000000000000000E-002   2.53276939758787     
 -9.000000000000001E-003   3.38486670422745     
 -8.000000000000000E-003   3.01793975320057     
 -6.999999999999999E-003   4.94481861691031     
 -6.000000000000002E-003   7.20125306427870     
 -5.000000000000001E-003   7.13540822764551     
 -4.000000000000000E-003   5.99538728979460     
 -3.000000000000003E-003   6.75460120195350     
 -2.000000000000002E-003   6.22980866612384     
 -1.000000000000001E-003   4.25645100453190     
  0.000000000000000E+000   5.79289843677294     
  1.000000000000001E-003   8.01832327632047     
  1.999999999999998E-003   6.12549217644718     
  2.999999999999999E-003   13.1612984587218     
  4.000000000000000E-003   18.8621227417090     
  4.999999999999998E-003   24.1834951415292     
  5.999999999999998E-003   9.85155633349873     
  6.999999999999999E-003   5.71078883606959     
  8.000000000000000E-003   1.30021628124862     
  9.000000000000001E-003  0.776924109522794     
  1.000000000000000E-002  3.497849886989105E-002
  1.100000000000000E-002  0.000000000000000E+000
  1.200000000000000E-002  0.000000000000000E+000
  1.300000000000000E-002  0.000000000000000E+000
  1.400000000000000E-002  0.000000000000000E+000
  1.500000000000000E-002  0.000000000000000E+000
  1.600000000000000E-002  0.000000000000000E+000
  1.700000000000000E-002  0.000000000000000E+000
  1.800000000000000E-002  0.000000000000000E+000
  1.900000000000000E-002  0.000000000000000E+000
  2.000000000000000E-002  0.000000000000000E+000
  2.100000000000000E-002  0.000000000000000E+000
  2.200000000000000E-002  0.000000000000000E+000
  2.300000000000000E-002  0.000000000000000E+000
  2.400000000000000E-002  0.000000000000000E+000
  2.500000000000000E-002  0.000000000000000E+000
