 -2.500000000000000E-002  0.000000000000000E+000
 -2.400000000000000E-002  0.000000000000000E+000
 -2.300000000000000E-002  0.000000000000000E+000
 -2.200000000000000E-002  0.000000000000000E+000
 -2.100000000000000E-002  0.000000000000000E+000
 -2.000000000000000E-002  0.000000000000000E+000
 -1.900000000000000E-002  0.000000000000000E+000
 -1.800000000000000E-002  0.000000000000000E+000
 -1.700000000000000E-002  0.000000000000000E+000
 -1.600000000000000E-002  0.000000000000000E+000
 -1.500000000000000E-002  0.000000000000000E+000
 -1.400000000000000E-002  0.603663088275580     
 -1.300000000000000E-002  0.812184622569349     
 -1.200000000000000E-002  0.323251504745085     
 -1.100000000000000E-002  0.621805713724332     
 -1.000000000000000E-002  0.481811621502147     
 -9.000000000000001E-003   1.15497269430211     
 -8.000000000000000E-003   1.01244768079974     
 -6.999999999999999E-003   2.38149897178553     
 -6.000000000000002E-003   7.07100976768986     
 -5.000000000000001E-003   14.8404930140619     
 -4.000000000000000E-003   16.9226531223474     
 -3.000000000000003E-003   17.4896339490741     
 -2.000000000000002E-003   18.3298982225712     
 -1.000000000000001E-003   12.6169640607864     
  0.000000000000000E+000   15.1639527867390     
  1.000000000000001E-003   7.73679066393306     
  1.999999999999998E-003   4.95543532035424     
  2.999999999999999E-003   3.69561096249468     
  4.000000000000000E-003   2.58976962417117     
  4.999999999999998E-003   1.74212223394901     
  5.999999999999998E-003   3.17124677582225     
  6.999999999999999E-003   2.73772556268287     
  8.000000000000000E-003   3.69738760438453     
  9.000000000000001E-003   2.77158474822575     
  1.000000000000000E-002   4.20252811795106     
  1.100000000000000E-002   6.55921648124050     
  1.200000000000000E-002   4.36063186640297     
  1.300000000000000E-002   2.56595154257555     
  1.400000000000000E-002  0.983887674838602     
  1.500000000000000E-002  0.000000000000000E+000
  1.600000000000000E-002  0.000000000000000E+000
  1.700000000000000E-002  0.000000000000000E+000
  1.800000000000000E-002  0.000000000000000E+000
  1.900000000000000E-002  0.000000000000000E+000
  2.000000000000000E-002  0.000000000000000E+000
  2.100000000000000E-002  0.000000000000000E+000
  2.200000000000000E-002  0.000000000000000E+000
  2.300000000000000E-002  0.000000000000000E+000
  2.400000000000000E-002  0.000000000000000E+000
  2.500000000000000E-002  0.000000000000000E+000
