 -2.500000000000000E-002  0.000000000000000E+000
 -2.400000000000000E-002  0.000000000000000E+000
 -2.300000000000000E-002  0.000000000000000E+000
 -2.200000000000000E-002  0.000000000000000E+000
 -2.100000000000000E-002  0.000000000000000E+000
 -2.000000000000000E-002  0.000000000000000E+000
 -1.900000000000000E-002  0.000000000000000E+000
 -1.800000000000000E-002  0.000000000000000E+000
 -1.700000000000000E-002  0.000000000000000E+000
 -1.600000000000000E-002  0.230031558662831     
 -1.500000000000000E-002  0.957885765242735     
 -1.400000000000000E-002   2.81748627746277     
 -1.300000000000000E-002   1.28550674104995     
 -1.200000000000000E-002  0.873830232474987     
 -1.100000000000000E-002   1.75727559969895     
 -1.000000000000000E-002   1.33377131214450     
 -9.000000000000001E-003   2.38915537432232     
 -8.000000000000000E-003   1.74139013404629     
 -6.999999999999999E-003   1.44022209713765     
 -6.000000000000002E-003   1.65669593399098     
 -5.000000000000001E-003   2.63684247277214     
 -4.000000000000000E-003   8.42012137872962     
 -3.000000000000003E-003   24.0574133849078     
 -2.000000000000002E-003   32.8935773984250     
 -1.000000000000001E-003   31.2420081901190     
  0.000000000000000E+000   14.2621919141436     
  1.000000000000001E-003   12.2647291746499     
  1.999999999999998E-003   8.51600250852395     
  2.999999999999999E-003   4.89724133011997     
  4.000000000000000E-003   3.38548215842010     
  4.999999999999998E-003   2.68799720928896     
  5.999999999999998E-003   2.29472127303526     
  6.999999999999999E-003  0.921991672131140     
  8.000000000000000E-003   1.44537289512052     
  9.000000000000001E-003   1.92912964331675     
  1.000000000000000E-002   2.45621783837827     
  1.100000000000000E-002   4.21774804487362     
  1.200000000000000E-002   3.30663509981857     
  1.300000000000000E-002   3.98051023607895     
  1.400000000000000E-002   3.72006124541625     
  1.500000000000000E-002   2.72299857680923     
  1.600000000000000E-002  0.509605328687502     
  1.700000000000000E-002  0.000000000000000E+000
  1.800000000000000E-002  0.000000000000000E+000
  1.900000000000000E-002  0.000000000000000E+000
  2.000000000000000E-002  0.000000000000000E+000
  2.100000000000000E-002  0.000000000000000E+000
  2.200000000000000E-002  0.000000000000000E+000
  2.300000000000000E-002  0.000000000000000E+000
  2.400000000000000E-002  0.000000000000000E+000
  2.500000000000000E-002  0.000000000000000E+000
