 -2.500000000000000E-002  0.000000000000000E+000
 -2.400000000000000E-002  0.000000000000000E+000
 -2.300000000000000E-002  0.000000000000000E+000
 -2.200000000000000E-002  0.000000000000000E+000
 -2.100000000000000E-002  0.000000000000000E+000
 -2.000000000000000E-002  0.000000000000000E+000
 -1.900000000000000E-002  0.000000000000000E+000
 -1.800000000000000E-002  0.000000000000000E+000
 -1.700000000000000E-002  0.000000000000000E+000
 -1.600000000000000E-002  0.000000000000000E+000
 -1.500000000000000E-002  0.000000000000000E+000
 -1.400000000000000E-002  0.000000000000000E+000
 -1.300000000000000E-002  0.356589620751625     
 -1.200000000000000E-002  0.589344703743917     
 -1.100000000000000E-002   2.23562568269905     
 -1.000000000000000E-002   1.66226106170072     
 -9.000000000000001E-003  0.187888602421066     
 -8.000000000000000E-003   1.16513123985063     
 -6.999999999999999E-003   1.84898612681625     
 -6.000000000000002E-003   6.25466839552248     
 -5.000000000000001E-003   9.50268187461593     
 -4.000000000000000E-003   7.63122968937838     
 -3.000000000000003E-003   10.1160973900590     
 -2.000000000000002E-003   6.89379915335249     
 -1.000000000000001E-003   7.44788402793783     
  0.000000000000000E+000   9.17121681043062     
  1.000000000000001E-003   9.47995207376607     
  1.999999999999998E-003   7.49893369411362     
  2.999999999999999E-003   5.07316627908041     
  4.000000000000000E-003   7.22251092094307     
  4.999999999999998E-003   11.6413041866837     
  5.999999999999998E-003   8.58876516841477     
  6.999999999999999E-003   8.59065508306590     
  8.000000000000000E-003  0.608168214652487     
  9.000000000000001E-003  0.000000000000000E+000
  1.000000000000000E-002  0.000000000000000E+000
  1.100000000000000E-002  0.000000000000000E+000
  1.200000000000000E-002  0.000000000000000E+000
  1.300000000000000E-002  0.000000000000000E+000
  1.400000000000000E-002  0.000000000000000E+000
  1.500000000000000E-002  0.000000000000000E+000
  1.600000000000000E-002  0.000000000000000E+000
  1.700000000000000E-002  0.000000000000000E+000
  1.800000000000000E-002  0.000000000000000E+000
  1.900000000000000E-002  0.000000000000000E+000
  2.000000000000000E-002  0.000000000000000E+000
  2.100000000000000E-002  0.000000000000000E+000
  2.200000000000000E-002  0.000000000000000E+000
  2.300000000000000E-002  0.000000000000000E+000
  2.400000000000000E-002  0.000000000000000E+000
  2.500000000000000E-002  0.000000000000000E+000
