 -2.500000000000000E-002  0.000000000000000E+000
 -2.400000000000000E-002  0.000000000000000E+000
 -2.300000000000000E-002  0.000000000000000E+000
 -2.200000000000000E-002  0.000000000000000E+000
 -2.100000000000000E-002  0.000000000000000E+000
 -2.000000000000000E-002  0.000000000000000E+000
 -1.900000000000000E-002  0.000000000000000E+000
 -1.800000000000000E-002  0.000000000000000E+000
 -1.700000000000000E-002  0.000000000000000E+000
 -1.600000000000000E-002  0.000000000000000E+000
 -1.500000000000000E-002  0.000000000000000E+000
 -1.400000000000000E-002  0.000000000000000E+000
 -1.300000000000000E-002  0.000000000000000E+000
 -1.200000000000000E-002  0.000000000000000E+000
 -1.100000000000000E-002  0.000000000000000E+000
 -1.000000000000000E-002  0.000000000000000E+000
 -9.000000000000001E-003   1.32749932739833     
 -8.000000000000000E-003   10.0346239902119     
 -6.999999999999999E-003   16.5639075955931     
 -6.000000000000002E-003   10.2561457321313     
 -5.000000000000001E-003   9.46666581612308     
 -4.000000000000000E-003   7.40236238471401     
 -3.000000000000003E-003   9.70323108678283     
 -2.000000000000002E-003   8.55267992517341     
 -1.000000000000001E-003   8.80717880439222     
  0.000000000000000E+000   15.4881523196618     
  1.000000000000001E-003   16.6592991473431     
  1.999999999999998E-003   11.7126646642054     
  2.999999999999999E-003   1.68885787887092     
  4.000000000000000E-003   1.99177958560157     
  4.999999999999998E-003   2.87710786405104     
  5.999999999999998E-003   1.68688485273208     
  6.999999999999999E-003   5.79166122085777     
  8.000000000000000E-003   3.74875109954577     
  9.000000000000001E-003   6.10864709423701     
  1.000000000000000E-002   9.66756909207525     
  1.100000000000000E-002   5.50180326584248     
  1.200000000000000E-002   2.48836213193744     
  1.300000000000000E-002  0.892255120518249     
  1.400000000000000E-002  0.000000000000000E+000
  1.500000000000000E-002  0.000000000000000E+000
  1.600000000000000E-002  0.000000000000000E+000
  1.700000000000000E-002  0.000000000000000E+000
  1.800000000000000E-002  0.000000000000000E+000
  1.900000000000000E-002  0.000000000000000E+000
  2.000000000000000E-002  0.000000000000000E+000
  2.100000000000000E-002  0.000000000000000E+000
  2.200000000000000E-002  0.000000000000000E+000
  2.300000000000000E-002  0.000000000000000E+000
  2.400000000000000E-002  0.000000000000000E+000
  2.500000000000000E-002  0.000000000000000E+000
