 -2.500000000000000E-002  0.000000000000000E+000
 -2.400000000000000E-002  0.000000000000000E+000
 -2.300000000000000E-002  0.000000000000000E+000
 -2.200000000000000E-002  0.000000000000000E+000
 -2.100000000000000E-002  0.000000000000000E+000
 -2.000000000000000E-002  0.000000000000000E+000
 -1.900000000000000E-002  0.000000000000000E+000
 -1.800000000000000E-002  0.000000000000000E+000
 -1.700000000000000E-002  0.000000000000000E+000
 -1.600000000000000E-002  0.000000000000000E+000
 -1.500000000000000E-002  0.000000000000000E+000
 -1.400000000000000E-002  0.000000000000000E+000
 -1.300000000000000E-002  0.000000000000000E+000
 -1.200000000000000E-002  0.000000000000000E+000
 -1.100000000000000E-002  0.000000000000000E+000
 -1.000000000000000E-002  0.000000000000000E+000
 -9.000000000000001E-003  0.000000000000000E+000
 -8.000000000000000E-003  0.126154743370224     
 -6.999999999999999E-003   1.53246781338155     
 -6.000000000000002E-003   5.25786758966750     
 -5.000000000000001E-003   14.0915033809453     
 -4.000000000000000E-003   16.4371641171821     
 -3.000000000000003E-003   18.0754381142168     
 -2.000000000000002E-003   15.7155886430915     
 -1.000000000000001E-003   16.4598785068564     
  0.000000000000000E+000   19.0074669868057     
  1.000000000000001E-003   15.4135980989104     
  1.999999999999998E-003   6.55716112589063     
  2.999999999999999E-003   6.67768393961407     
  4.000000000000000E-003   6.55151918605312     
  4.999999999999998E-003   3.94254531142444     
  5.999999999999998E-003   2.92175105702797     
  6.999999999999999E-003   2.27841700002333     
  8.000000000000000E-003   1.21374749921111     
  9.000000000000001E-003   2.01178035518986     
  1.000000000000000E-002   2.10574061774452     
  1.100000000000000E-002   3.33979358701053     
  1.200000000000000E-002   4.61322470165413     
  1.300000000000000E-002  0.805037624728890     
  1.400000000000000E-002  0.000000000000000E+000
  1.500000000000000E-002  0.000000000000000E+000
  1.600000000000000E-002  0.000000000000000E+000
  1.700000000000000E-002  0.000000000000000E+000
  1.800000000000000E-002  0.000000000000000E+000
  1.900000000000000E-002  0.000000000000000E+000
  2.000000000000000E-002  0.000000000000000E+000
  2.100000000000000E-002  0.000000000000000E+000
  2.200000000000000E-002  0.000000000000000E+000
  2.300000000000000E-002  0.000000000000000E+000
  2.400000000000000E-002  0.000000000000000E+000
  2.500000000000000E-002  0.000000000000000E+000
