 -2.500000000000000E-002  0.000000000000000E+000
 -2.400000000000000E-002  0.000000000000000E+000
 -2.300000000000000E-002  0.000000000000000E+000
 -2.200000000000000E-002  0.000000000000000E+000
 -2.100000000000000E-002  0.000000000000000E+000
 -2.000000000000000E-002  0.000000000000000E+000
 -1.900000000000000E-002  0.000000000000000E+000
 -1.800000000000000E-002  0.000000000000000E+000
 -1.700000000000000E-002  0.000000000000000E+000
 -1.600000000000000E-002  0.000000000000000E+000
 -1.500000000000000E-002  0.000000000000000E+000
 -1.400000000000000E-002  0.000000000000000E+000
 -1.300000000000000E-002  0.000000000000000E+000
 -1.200000000000000E-002  0.000000000000000E+000
 -1.100000000000000E-002  0.000000000000000E+000
 -1.000000000000000E-002  0.000000000000000E+000
 -9.000000000000001E-003  0.258675459341641     
 -8.000000000000000E-003   3.75969015595018     
 -6.999999999999999E-003   7.94702367613502     
 -6.000000000000002E-003   10.1081345312584     
 -5.000000000000001E-003   17.4253430647379     
 -4.000000000000000E-003   19.8845225791044     
 -3.000000000000003E-003   21.2755593098714     
 -2.000000000000002E-003   11.2028937266773     
 -1.000000000000001E-003   8.27876933477613     
  0.000000000000000E+000   6.18932910244193     
  1.000000000000001E-003   5.43379437525313     
  1.999999999999998E-003   1.46979396838633     
  2.999999999999999E-003   1.23839079813081     
  4.000000000000000E-003   1.20143159613098     
  4.999999999999998E-003   1.30871178783231     
  5.999999999999998E-003   5.00946367449246     
  6.999999999999999E-003   2.62473285947962     
  8.000000000000000E-003   1.53547363783273     
  9.000000000000001E-003   5.73185887483757     
  1.000000000000000E-002   11.7151603608619     
  1.100000000000000E-002   9.60125495352558     
  1.200000000000000E-002   4.17212217294219     
  1.300000000000000E-002  0.000000000000000E+000
  1.400000000000000E-002  0.000000000000000E+000
  1.500000000000000E-002  0.000000000000000E+000
  1.600000000000000E-002  0.000000000000000E+000
  1.700000000000000E-002  0.000000000000000E+000
  1.800000000000000E-002  0.000000000000000E+000
  1.900000000000000E-002  0.000000000000000E+000
  2.000000000000000E-002  0.000000000000000E+000
  2.100000000000000E-002  0.000000000000000E+000
  2.200000000000000E-002  0.000000000000000E+000
  2.300000000000000E-002  0.000000000000000E+000
  2.400000000000000E-002  0.000000000000000E+000
  2.500000000000000E-002  0.000000000000000E+000
