 -2.500000000000000E-002  0.000000000000000E+000
 -2.400000000000000E-002  0.000000000000000E+000
 -2.300000000000000E-002  0.000000000000000E+000
 -2.200000000000000E-002  0.000000000000000E+000
 -2.100000000000000E-002  0.000000000000000E+000
 -2.000000000000000E-002  0.000000000000000E+000
 -1.900000000000000E-002  0.000000000000000E+000
 -1.800000000000000E-002  0.483619826221137     
 -1.700000000000000E-002   1.40177235058329     
 -1.600000000000000E-002  0.669302999141920     
 -1.500000000000000E-002  0.710172300917575     
 -1.400000000000000E-002  0.827664806983182     
 -1.300000000000000E-002   1.22632160635922     
 -1.200000000000000E-002  0.753845230580844     
 -1.100000000000000E-002   1.09154712210977     
 -1.000000000000000E-002  0.707526967685112     
 -9.000000000000001E-003  0.848491287632793     
 -8.000000000000000E-003   1.98027324587531     
 -6.999999999999999E-003   4.97594441599821     
 -6.000000000000002E-003   12.9392120722028     
 -5.000000000000001E-003   14.5032072188973     
 -4.000000000000000E-003   9.68025821242276     
 -3.000000000000003E-003   9.78060855791130     
 -2.000000000000002E-003   8.79853808222099     
 -1.000000000000001E-003   6.52721264745679     
  0.000000000000000E+000   6.45672997886019     
  1.000000000000001E-003   5.99338934737863     
  1.999999999999998E-003   4.75547034925722     
  2.999999999999999E-003   9.38706135378916     
  4.000000000000000E-003   9.87437830176908     
  4.999999999999998E-003   13.5563312495157     
  5.999999999999998E-003   11.2213413389835     
  6.999999999999999E-003   7.14293283953897     
  8.000000000000000E-003   3.75357959095922     
  9.000000000000001E-003   2.30432112659268     
  1.000000000000000E-002   4.65606739780225     
  1.100000000000000E-002   3.23112007095944     
  1.200000000000000E-002  0.501118103393695     
  1.300000000000000E-002  0.000000000000000E+000
  1.400000000000000E-002  0.000000000000000E+000
  1.500000000000000E-002  0.000000000000000E+000
  1.600000000000000E-002  0.000000000000000E+000
  1.700000000000000E-002  0.000000000000000E+000
  1.800000000000000E-002  0.000000000000000E+000
  1.900000000000000E-002  0.000000000000000E+000
  2.000000000000000E-002  0.000000000000000E+000
  2.100000000000000E-002  0.000000000000000E+000
  2.200000000000000E-002  0.000000000000000E+000
  2.300000000000000E-002  0.000000000000000E+000
  2.400000000000000E-002  0.000000000000000E+000
  2.500000000000000E-002  0.000000000000000E+000
