 -2.500000000000000E-002  0.000000000000000E+000
 -2.400000000000000E-002  0.000000000000000E+000
 -2.300000000000000E-002  0.000000000000000E+000
 -2.200000000000000E-002  0.000000000000000E+000
 -2.100000000000000E-002  0.000000000000000E+000
 -2.000000000000000E-002  0.000000000000000E+000
 -1.900000000000000E-002  0.000000000000000E+000
 -1.800000000000000E-002  0.000000000000000E+000
 -1.700000000000000E-002  0.000000000000000E+000
 -1.600000000000000E-002  0.000000000000000E+000
 -1.500000000000000E-002  0.000000000000000E+000
 -1.400000000000000E-002  0.000000000000000E+000
 -1.300000000000000E-002  0.000000000000000E+000
 -1.200000000000000E-002  0.000000000000000E+000
 -1.100000000000000E-002  0.000000000000000E+000
 -1.000000000000000E-002  0.000000000000000E+000
 -9.000000000000001E-003  0.000000000000000E+000
 -8.000000000000000E-003  0.000000000000000E+000
 -6.999999999999999E-003  0.416581105257150     
 -6.000000000000002E-003   3.58494652932448     
 -5.000000000000001E-003   11.3450610281369     
 -4.000000000000000E-003   17.0294477441826     
 -3.000000000000003E-003   25.1648670299649     
 -2.000000000000002E-003   21.9148205841658     
 -1.000000000000001E-003   20.0437607114844     
  0.000000000000000E+000   17.4393425847299     
  1.000000000000001E-003   14.3509771406033     
  1.999999999999998E-003   9.62421528001525     
  2.999999999999999E-003   3.16256750724765     
  4.000000000000000E-003   2.69382237422184     
  4.999999999999998E-003   2.61305804164307     
  5.999999999999998E-003   2.26590175423242     
  6.999999999999999E-003   3.28841343956692     
  8.000000000000000E-003   1.96296873501865     
  9.000000000000001E-003   3.51035049162863     
  1.000000000000000E-002   2.19705299446338     
  1.100000000000000E-002   3.55048683201195     
  1.200000000000000E-002   4.96327205771353     
  1.300000000000000E-002   1.17195107283875     
  1.400000000000000E-002  3.244496154843244E-002
  1.500000000000000E-002  0.000000000000000E+000
  1.600000000000000E-002  0.000000000000000E+000
  1.700000000000000E-002  0.000000000000000E+000
  1.800000000000000E-002  0.000000000000000E+000
  1.900000000000000E-002  0.000000000000000E+000
  2.000000000000000E-002  0.000000000000000E+000
  2.100000000000000E-002  0.000000000000000E+000
  2.200000000000000E-002  0.000000000000000E+000
  2.300000000000000E-002  0.000000000000000E+000
  2.400000000000000E-002  0.000000000000000E+000
  2.500000000000000E-002  0.000000000000000E+000
