 -2.500000000000000E-002  0.000000000000000E+000
 -2.400000000000000E-002  0.000000000000000E+000
 -2.300000000000000E-002  0.000000000000000E+000
 -2.200000000000000E-002  0.000000000000000E+000
 -2.100000000000000E-002  0.000000000000000E+000
 -2.000000000000000E-002  0.000000000000000E+000
 -1.900000000000000E-002  0.000000000000000E+000
 -1.800000000000000E-002  0.000000000000000E+000
 -1.700000000000000E-002  0.000000000000000E+000
 -1.600000000000000E-002  0.000000000000000E+000
 -1.500000000000000E-002  0.000000000000000E+000
 -1.400000000000000E-002  0.000000000000000E+000
 -1.300000000000000E-002  0.000000000000000E+000
 -1.200000000000000E-002  0.501270534931032     
 -1.100000000000000E-002  0.787682516614065     
 -1.000000000000000E-002   2.01980850833048     
 -9.000000000000001E-003   1.61929482159958     
 -8.000000000000000E-003  9.499827987856266E-002
 -6.999999999999999E-003   4.88691349599324     
 -6.000000000000002E-003   5.49731452996772     
 -5.000000000000001E-003   7.62934475086545     
 -4.000000000000000E-003   5.09558765203286     
 -3.000000000000003E-003   4.64911908208934     
 -2.000000000000002E-003   9.69199355262452     
 -1.000000000000001E-003   4.36278832114155     
  0.000000000000000E+000   2.61886283712144     
  1.000000000000001E-003   2.95195719343998     
  1.999999999999998E-003   5.39817157938216     
  2.999999999999999E-003   2.81256152245000     
  4.000000000000000E-003   3.60352720280418     
  4.999999999999998E-003   1.91318733392424     
  5.999999999999998E-003   8.02472499737004     
  6.999999999999999E-003   4.10232498908643     
  8.000000000000000E-003   9.51361484904987     
  9.000000000000001E-003   1.46920144930327     
  1.000000000000000E-002  0.000000000000000E+000
  1.100000000000000E-002  0.000000000000000E+000
  1.200000000000000E-002  0.000000000000000E+000
  1.300000000000000E-002  0.000000000000000E+000
  1.400000000000000E-002  0.000000000000000E+000
  1.500000000000000E-002  0.000000000000000E+000
  1.600000000000000E-002  0.000000000000000E+000
  1.700000000000000E-002  0.000000000000000E+000
  1.800000000000000E-002  0.000000000000000E+000
  1.900000000000000E-002  0.000000000000000E+000
  2.000000000000000E-002  0.000000000000000E+000
  2.100000000000000E-002  0.000000000000000E+000
  2.200000000000000E-002  0.000000000000000E+000
  2.300000000000000E-002  0.000000000000000E+000
  2.400000000000000E-002  0.000000000000000E+000
  2.500000000000000E-002  0.000000000000000E+000
