 -2.500000000000000E-002  0.000000000000000E+000
 -2.400000000000000E-002  0.000000000000000E+000
 -2.300000000000000E-002  0.000000000000000E+000
 -2.200000000000000E-002  0.000000000000000E+000
 -2.100000000000000E-002  0.000000000000000E+000
 -2.000000000000000E-002  0.000000000000000E+000
 -1.900000000000000E-002  0.000000000000000E+000
 -1.800000000000000E-002  0.444059454552730     
 -1.700000000000000E-002   1.28228535745217     
 -1.600000000000000E-002  7.008164282824579E-002
 -1.500000000000000E-002   1.25698517596788     
 -1.400000000000000E-002   1.37169534541256     
 -1.300000000000000E-002  0.949845488235064     
 -1.200000000000000E-002  0.238557535551342     
 -1.100000000000000E-002  0.246721164644700     
 -1.000000000000000E-002  0.390194390962028     
 -9.000000000000001E-003   1.18473277271510     
 -8.000000000000000E-003  0.771671699568947     
 -6.999999999999999E-003   2.46525679268211     
 -6.000000000000002E-003   5.15631903374871     
 -5.000000000000001E-003   4.73409496076458     
 -4.000000000000000E-003   8.79618600624761     
 -3.000000000000003E-003   10.7323470298929     
 -2.000000000000002E-003   12.0539246019255     
 -1.000000000000001E-003   8.39340141236906     
  0.000000000000000E+000   6.14193108714146     
  1.000000000000001E-003   8.75524061206541     
  1.999999999999998E-003   2.51296453525947     
  2.999999999999999E-003   3.32749751344867     
  4.000000000000000E-003   3.02958023118977     
  4.999999999999998E-003   3.08585439901779     
  5.999999999999998E-003   2.44523940530059     
  6.999999999999999E-003   1.46393790412207     
  8.000000000000000E-003   4.58140199370353     
  9.000000000000001E-003   3.22722081773422     
  1.000000000000000E-002   3.44779889479336     
  1.100000000000000E-002   5.93063726538385     
  1.200000000000000E-002   2.75268106059429     
  1.300000000000000E-002  0.270724414724252     
  1.400000000000000E-002  0.000000000000000E+000
  1.500000000000000E-002  0.000000000000000E+000
  1.600000000000000E-002  0.000000000000000E+000
  1.700000000000000E-002  0.000000000000000E+000
  1.800000000000000E-002  0.000000000000000E+000
  1.900000000000000E-002  0.000000000000000E+000
  2.000000000000000E-002  0.000000000000000E+000
  2.100000000000000E-002  0.000000000000000E+000
  2.200000000000000E-002  0.000000000000000E+000
  2.300000000000000E-002  0.000000000000000E+000
  2.400000000000000E-002  0.000000000000000E+000
  2.500000000000000E-002  0.000000000000000E+000
