 -2.500000000000000E-002  0.000000000000000E+000
 -2.400000000000000E-002  0.000000000000000E+000
 -2.300000000000000E-002  0.000000000000000E+000
 -2.200000000000000E-002  0.000000000000000E+000
 -2.100000000000000E-002  0.000000000000000E+000
 -2.000000000000000E-002  0.000000000000000E+000
 -1.900000000000000E-002  0.000000000000000E+000
 -1.800000000000000E-002  0.000000000000000E+000
 -1.700000000000000E-002  0.000000000000000E+000
 -1.600000000000000E-002  0.000000000000000E+000
 -1.500000000000000E-002  0.000000000000000E+000
 -1.400000000000000E-002  0.000000000000000E+000
 -1.300000000000000E-002  0.000000000000000E+000
 -1.200000000000000E-002  0.000000000000000E+000
 -1.100000000000000E-002  0.000000000000000E+000
 -1.000000000000000E-002  0.000000000000000E+000
 -9.000000000000001E-003  0.000000000000000E+000
 -8.000000000000000E-003   2.29461107659346     
 -6.999999999999999E-003   7.22513043506892     
 -6.000000000000002E-003   11.1242659800775     
 -5.000000000000001E-003   10.4768850968874     
 -4.000000000000000E-003   7.79535628137503     
 -3.000000000000003E-003   10.3452696716440     
 -2.000000000000002E-003   13.1611107970763     
 -1.000000000000001E-003   8.87617934317836     
  0.000000000000000E+000   6.86333530875313     
  1.000000000000001E-003   5.05070740455631     
  1.999999999999998E-003   4.31693454453593     
  2.999999999999999E-003   5.74171227027791     
  4.000000000000000E-003   6.75618436167616     
  4.999999999999998E-003   6.98014444332220     
  5.999999999999998E-003   5.84473074339025     
  6.999999999999999E-003   4.24772182781052     
  8.000000000000000E-003   1.90373592147497     
  9.000000000000001E-003   1.96911201917681     
  1.000000000000000E-002   5.20633957312050     
  1.100000000000000E-002   2.77001914385186     
  1.200000000000000E-002  0.922196409498452     
  1.300000000000000E-002  1.397734665399454E-002
  1.400000000000000E-002  0.000000000000000E+000
  1.500000000000000E-002  0.000000000000000E+000
  1.600000000000000E-002  0.000000000000000E+000
  1.700000000000000E-002  0.000000000000000E+000
  1.800000000000000E-002  0.000000000000000E+000
  1.900000000000000E-002  0.000000000000000E+000
  2.000000000000000E-002  0.000000000000000E+000
  2.100000000000000E-002  0.000000000000000E+000
  2.200000000000000E-002  0.000000000000000E+000
  2.300000000000000E-002  0.000000000000000E+000
  2.400000000000000E-002  0.000000000000000E+000
  2.500000000000000E-002  0.000000000000000E+000
