 -2.500000000000000E-002  0.000000000000000E+000
 -2.400000000000000E-002  0.000000000000000E+000
 -2.300000000000000E-002  0.000000000000000E+000
 -2.200000000000000E-002  0.000000000000000E+000
 -2.100000000000000E-002  0.000000000000000E+000
 -2.000000000000000E-002  0.000000000000000E+000
 -1.900000000000000E-002  0.000000000000000E+000
 -1.800000000000000E-002  0.177915337200976     
 -1.700000000000000E-002   1.27699021778946     
 -1.600000000000000E-002  0.311584445009563     
 -1.500000000000000E-002  0.727550055649314     
 -1.400000000000000E-002   1.49684992564469     
 -1.300000000000000E-002   1.22955845419013     
 -1.200000000000000E-002  0.385525016659245     
 -1.100000000000000E-002  0.203615520778686     
 -1.000000000000000E-002  0.354113086567411     
 -9.000000000000001E-003  0.936798015521079     
 -8.000000000000000E-003  0.928737492976922     
 -6.999999999999999E-003   1.57418893433692     
 -6.000000000000002E-003   4.17448107962085     
 -5.000000000000001E-003   4.14865612585589     
 -4.000000000000000E-003   5.59176974653166     
 -3.000000000000003E-003   13.4206682191549     
 -2.000000000000002E-003   23.3357886609824     
 -1.000000000000001E-003   25.2701867733353     
  0.000000000000000E+000   16.7194875579711     
  1.000000000000001E-003   18.4814147094805     
  1.999999999999998E-003   12.3602916766493     
  2.999999999999999E-003   5.48575132897648     
  4.000000000000000E-003   3.04268958185114     
  4.999999999999998E-003   3.01671510554733     
  5.999999999999998E-003   1.90981157531276     
  6.999999999999999E-003   2.04207223402071     
  8.000000000000000E-003   5.33780298449512     
  9.000000000000001E-003   3.02133054918770     
  1.000000000000000E-002   3.84824176473028     
  1.100000000000000E-002   5.29225361753061     
  1.200000000000000E-002   1.17314020644166     
  1.300000000000000E-002  0.000000000000000E+000
  1.400000000000000E-002  0.000000000000000E+000
  1.500000000000000E-002  0.000000000000000E+000
  1.600000000000000E-002  0.000000000000000E+000
  1.700000000000000E-002  0.000000000000000E+000
  1.800000000000000E-002  0.000000000000000E+000
  1.900000000000000E-002  0.000000000000000E+000
  2.000000000000000E-002  0.000000000000000E+000
  2.100000000000000E-002  0.000000000000000E+000
  2.200000000000000E-002  0.000000000000000E+000
  2.300000000000000E-002  0.000000000000000E+000
  2.400000000000000E-002  0.000000000000000E+000
  2.500000000000000E-002  0.000000000000000E+000
