 -2.500000000000000E-002  0.000000000000000E+000
 -2.400000000000000E-002  0.000000000000000E+000
 -2.300000000000000E-002  0.000000000000000E+000
 -2.200000000000000E-002  0.000000000000000E+000
 -2.100000000000000E-002  0.000000000000000E+000
 -2.000000000000000E-002  0.000000000000000E+000
 -1.900000000000000E-002  0.000000000000000E+000
 -1.800000000000000E-002  0.000000000000000E+000
 -1.700000000000000E-002  0.000000000000000E+000
 -1.600000000000000E-002  0.000000000000000E+000
 -1.500000000000000E-002  0.000000000000000E+000
 -1.400000000000000E-002  0.000000000000000E+000
 -1.300000000000000E-002  0.000000000000000E+000
 -1.200000000000000E-002  0.457732614538037     
 -1.100000000000000E-002   2.76619182865146     
 -1.000000000000000E-002   3.35848001022066     
 -9.000000000000001E-003   5.84301871855882     
 -8.000000000000000E-003   3.58886728040555     
 -6.999999999999999E-003   3.85954244935928     
 -6.000000000000002E-003   3.19602285823510     
 -5.000000000000001E-003   3.11923215828045     
 -4.000000000000000E-003   2.86691836903021     
 -3.000000000000003E-003   6.95741100221569     
 -2.000000000000002E-003   5.35486751322193     
 -1.000000000000001E-003   6.00758197963602     
  0.000000000000000E+000   11.6612047703526     
  1.000000000000001E-003   9.06824221321115     
  1.999999999999998E-003   6.47502578593743     
  2.999999999999999E-003   19.7045025285728     
  4.000000000000000E-003   23.1403071674816     
  4.999999999999998E-003   13.5814695315248     
  5.999999999999998E-003   3.79892122056635     
  6.999999999999999E-003  0.000000000000000E+000
  8.000000000000000E-003  0.000000000000000E+000
  9.000000000000001E-003  0.000000000000000E+000
  1.000000000000000E-002  0.000000000000000E+000
  1.100000000000000E-002  0.000000000000000E+000
  1.200000000000000E-002  0.000000000000000E+000
  1.300000000000000E-002  0.000000000000000E+000
  1.400000000000000E-002  0.000000000000000E+000
  1.500000000000000E-002  0.000000000000000E+000
  1.600000000000000E-002  0.000000000000000E+000
  1.700000000000000E-002  0.000000000000000E+000
  1.800000000000000E-002  0.000000000000000E+000
  1.900000000000000E-002  0.000000000000000E+000
  2.000000000000000E-002  0.000000000000000E+000
  2.100000000000000E-002  0.000000000000000E+000
  2.200000000000000E-002  0.000000000000000E+000
  2.300000000000000E-002  0.000000000000000E+000
  2.400000000000000E-002  0.000000000000000E+000
  2.500000000000000E-002  0.000000000000000E+000
