 -2.500000000000000E-002  0.000000000000000E+000
 -2.400000000000000E-002  0.000000000000000E+000
 -2.300000000000000E-002  0.000000000000000E+000
 -2.200000000000000E-002  0.000000000000000E+000
 -2.100000000000000E-002  0.000000000000000E+000
 -2.000000000000000E-002  0.000000000000000E+000
 -1.900000000000000E-002  0.000000000000000E+000
 -1.800000000000000E-002  0.000000000000000E+000
 -1.700000000000000E-002  0.000000000000000E+000
 -1.600000000000000E-002  0.000000000000000E+000
 -1.500000000000000E-002  0.000000000000000E+000
 -1.400000000000000E-002  0.000000000000000E+000
 -1.300000000000000E-002  0.000000000000000E+000
 -1.200000000000000E-002  0.000000000000000E+000
 -1.100000000000000E-002  0.000000000000000E+000
 -1.000000000000000E-002  0.000000000000000E+000
 -9.000000000000001E-003  0.000000000000000E+000
 -8.000000000000000E-003  0.336115687120650     
 -6.999999999999999E-003   7.61706332182193     
 -6.000000000000002E-003   8.87113472397596     
 -5.000000000000001E-003   13.2625548337323     
 -4.000000000000000E-003   17.9276432859670     
 -3.000000000000003E-003   23.7343423537631     
 -2.000000000000002E-003   20.5026934602878     
 -1.000000000000001E-003   11.2428783516195     
  0.000000000000000E+000   11.3466007084811     
  1.000000000000001E-003   14.1886830539429     
  1.999999999999998E-003   6.00672777338151     
  2.999999999999999E-003   2.71504698133609     
  4.000000000000000E-003   2.61468035372138     
  4.999999999999998E-003   2.86921695455746     
  5.999999999999998E-003   3.96258593371942     
  6.999999999999999E-003   2.25259586611372     
  8.000000000000000E-003   3.09724051864811     
  9.000000000000001E-003   4.91721804217501     
  1.000000000000000E-002   9.72031844459369     
  1.100000000000000E-002   4.70715852493028     
  1.200000000000000E-002   2.34019087284919     
  1.300000000000000E-002   1.98615995326201     
  1.400000000000000E-002  0.000000000000000E+000
  1.500000000000000E-002  0.000000000000000E+000
  1.600000000000000E-002  0.000000000000000E+000
  1.700000000000000E-002  0.000000000000000E+000
  1.800000000000000E-002  0.000000000000000E+000
  1.900000000000000E-002  0.000000000000000E+000
  2.000000000000000E-002  0.000000000000000E+000
  2.100000000000000E-002  0.000000000000000E+000
  2.200000000000000E-002  0.000000000000000E+000
  2.300000000000000E-002  0.000000000000000E+000
  2.400000000000000E-002  0.000000000000000E+000
  2.500000000000000E-002  0.000000000000000E+000
