 -2.500000000000000E-002  0.000000000000000E+000
 -2.400000000000000E-002  0.000000000000000E+000
 -2.300000000000000E-002  0.000000000000000E+000
 -2.200000000000000E-002  0.000000000000000E+000
 -2.100000000000000E-002  0.000000000000000E+000
 -2.000000000000000E-002  0.000000000000000E+000
 -1.900000000000000E-002  0.000000000000000E+000
 -1.800000000000000E-002  0.000000000000000E+000
 -1.700000000000000E-002  0.000000000000000E+000
 -1.600000000000000E-002  0.114341669874735     
 -1.500000000000000E-002  0.346318695976185     
 -1.400000000000000E-002   1.79515115122641     
 -1.300000000000000E-002  0.236898482922669     
 -1.200000000000000E-002  0.561907835574096     
 -1.100000000000000E-002  0.938689732388025     
 -1.000000000000000E-002   1.12241286427588     
 -9.000000000000001E-003   1.04712169085078     
 -8.000000000000000E-003  0.574820073429170     
 -6.999999999999999E-003  0.890330206578953     
 -6.000000000000002E-003   1.06541917439554     
 -5.000000000000001E-003   1.39886184634372     
 -4.000000000000000E-003   5.58070564812822     
 -3.000000000000003E-003   18.8986275943396     
 -2.000000000000002E-003   25.1888221388807     
 -1.000000000000001E-003   23.9062512801083     
  0.000000000000000E+000   18.2139941702905     
  1.000000000000001E-003   18.5474735464859     
  1.999999999999998E-003   17.0498328567646     
  2.999999999999999E-003   8.40887918673026     
  4.000000000000000E-003   2.11862126083338     
  4.999999999999998E-003   1.26769115671330     
  5.999999999999998E-003  0.737689130389491     
  6.999999999999999E-003   1.10187800135893     
  8.000000000000000E-003  0.836074513711254     
  9.000000000000001E-003   1.18392692680434     
  1.000000000000000E-002   1.62541153227039     
  1.100000000000000E-002  0.772535887860677     
  1.200000000000000E-002   1.56943855300889     
  1.300000000000000E-002   1.47108713174289     
  1.400000000000000E-002   2.57452117540231     
  1.500000000000000E-002   1.29067477774504     
  1.600000000000000E-002  0.332010106594897     
  1.700000000000000E-002  0.000000000000000E+000
  1.800000000000000E-002  0.000000000000000E+000
  1.900000000000000E-002  0.000000000000000E+000
  2.000000000000000E-002  0.000000000000000E+000
  2.100000000000000E-002  0.000000000000000E+000
  2.200000000000000E-002  0.000000000000000E+000
  2.300000000000000E-002  0.000000000000000E+000
  2.400000000000000E-002  0.000000000000000E+000
  2.500000000000000E-002  0.000000000000000E+000
