 -2.500000000000000E-002  0.000000000000000E+000
 -2.400000000000000E-002  0.000000000000000E+000
 -2.300000000000000E-002  0.000000000000000E+000
 -2.200000000000000E-002  0.000000000000000E+000
 -2.100000000000000E-002  0.000000000000000E+000
 -2.000000000000000E-002  0.000000000000000E+000
 -1.900000000000000E-002  0.000000000000000E+000
 -1.800000000000000E-002  0.000000000000000E+000
 -1.700000000000000E-002  0.000000000000000E+000
 -1.600000000000000E-002  0.000000000000000E+000
 -1.500000000000000E-002  0.000000000000000E+000
 -1.400000000000000E-002  0.000000000000000E+000
 -1.300000000000000E-002  0.000000000000000E+000
 -1.200000000000000E-002  0.000000000000000E+000
 -1.100000000000000E-002  0.000000000000000E+000
 -1.000000000000000E-002  0.826313448110269     
 -9.000000000000001E-003   9.86397167595440     
 -8.000000000000000E-003   9.32098224603961     
 -6.999999999999999E-003   12.4678060809645     
 -6.000000000000002E-003   13.1766886049300     
 -5.000000000000001E-003   13.4623336096404     
 -4.000000000000000E-003   9.07925494560195     
 -3.000000000000003E-003   7.60598646488910     
 -2.000000000000002E-003   9.44767676952309     
 -1.000000000000001E-003   7.80894116812541     
  0.000000000000000E+000   3.37272182045791     
  1.000000000000001E-003   5.82413507677825     
  1.999999999999998E-003   4.22728069779757     
  2.999999999999999E-003   2.56799160111740     
  4.000000000000000E-003   3.16593573305582     
  4.999999999999998E-003   2.58629556852524     
  5.999999999999998E-003   4.45584899511776     
  6.999999999999999E-003   5.00179992099398     
  8.000000000000000E-003   9.47803518887807     
  9.000000000000001E-003   9.88707082634244     
  1.000000000000000E-002   9.05784634779483     
  1.100000000000000E-002   7.43588459341766     
  1.200000000000000E-002   3.69246074333145     
  1.300000000000000E-002  8.694787261288765E-002
  1.400000000000000E-002  0.000000000000000E+000
  1.500000000000000E-002  0.000000000000000E+000
  1.600000000000000E-002  0.000000000000000E+000
  1.700000000000000E-002  0.000000000000000E+000
  1.800000000000000E-002  0.000000000000000E+000
  1.900000000000000E-002  0.000000000000000E+000
  2.000000000000000E-002  0.000000000000000E+000
  2.100000000000000E-002  0.000000000000000E+000
  2.200000000000000E-002  0.000000000000000E+000
  2.300000000000000E-002  0.000000000000000E+000
  2.400000000000000E-002  0.000000000000000E+000
  2.500000000000000E-002  0.000000000000000E+000
