 -2.500000000000000E-002  0.000000000000000E+000
 -2.400000000000000E-002  0.000000000000000E+000
 -2.300000000000000E-002  0.000000000000000E+000
 -2.200000000000000E-002  0.000000000000000E+000
 -2.100000000000000E-002  0.000000000000000E+000
 -2.000000000000000E-002  0.000000000000000E+000
 -1.900000000000000E-002  0.000000000000000E+000
 -1.800000000000000E-002  0.000000000000000E+000
 -1.700000000000000E-002  0.000000000000000E+000
 -1.600000000000000E-002  0.000000000000000E+000
 -1.500000000000000E-002  0.000000000000000E+000
 -1.400000000000000E-002  0.000000000000000E+000
 -1.300000000000000E-002  0.000000000000000E+000
 -1.200000000000000E-002  0.000000000000000E+000
 -1.100000000000000E-002  0.000000000000000E+000
 -1.000000000000000E-002  0.000000000000000E+000
 -9.000000000000001E-003  0.000000000000000E+000
 -8.000000000000000E-003  0.250520946511165     
 -6.999999999999999E-003   2.56474375980583     
 -6.000000000000002E-003   4.98749219490892     
 -5.000000000000001E-003   9.22653642561100     
 -4.000000000000000E-003   12.2538029944474     
 -3.000000000000003E-003   25.2039323203505     
 -2.000000000000002E-003   31.5048092140275     
 -1.000000000000001E-003   29.0184629469237     
  0.000000000000000E+000   17.3488840705608     
  1.000000000000001E-003   14.6296632391441     
  1.999999999999998E-003   13.0013240335037     
  2.999999999999999E-003   4.27473197900753     
  4.000000000000000E-003   3.19829742177214     
  4.999999999999998E-003   1.56108800235722     
  5.999999999999998E-003   2.23781424705668     
  6.999999999999999E-003   3.62058684481912     
  8.000000000000000E-003   2.36842912944049     
  9.000000000000001E-003   3.34539385482138     
  1.000000000000000E-002   2.07166348918179     
  1.100000000000000E-002   4.08234971892933     
  1.200000000000000E-002   4.68428064172407     
  1.300000000000000E-002   1.86735760899512     
  1.400000000000000E-002  0.138504916100577     
  1.500000000000000E-002  0.000000000000000E+000
  1.600000000000000E-002  0.000000000000000E+000
  1.700000000000000E-002  0.000000000000000E+000
  1.800000000000000E-002  0.000000000000000E+000
  1.900000000000000E-002  0.000000000000000E+000
  2.000000000000000E-002  0.000000000000000E+000
  2.100000000000000E-002  0.000000000000000E+000
  2.200000000000000E-002  0.000000000000000E+000
  2.300000000000000E-002  0.000000000000000E+000
  2.400000000000000E-002  0.000000000000000E+000
  2.500000000000000E-002  0.000000000000000E+000
