 -2.500000000000000E-002  0.000000000000000E+000
 -2.400000000000000E-002  0.000000000000000E+000
 -2.300000000000000E-002  0.000000000000000E+000
 -2.200000000000000E-002  0.000000000000000E+000
 -2.100000000000000E-002  0.000000000000000E+000
 -2.000000000000000E-002  0.000000000000000E+000
 -1.900000000000000E-002  0.000000000000000E+000
 -1.800000000000000E-002  0.000000000000000E+000
 -1.700000000000000E-002  0.000000000000000E+000
 -1.600000000000000E-002  0.000000000000000E+000
 -1.500000000000000E-002  0.000000000000000E+000
 -1.400000000000000E-002  0.000000000000000E+000
 -1.300000000000000E-002  0.000000000000000E+000
 -1.200000000000000E-002  0.489389184628761     
 -1.100000000000000E-002  0.761090322369737     
 -1.000000000000000E-002   2.03400439758195     
 -9.000000000000001E-003   1.64908036435055     
 -8.000000000000000E-003  6.724670533464072E-002
 -6.999999999999999E-003   1.41809674411602     
 -6.000000000000002E-003   3.11931374476418     
 -5.000000000000001E-003   5.41741205752959     
 -4.000000000000000E-003   5.34953767456452     
 -3.000000000000003E-003   19.7064565617103     
 -2.000000000000002E-003   33.7481582895790     
 -1.000000000000001E-003   32.6047788181942     
  0.000000000000000E+000   22.9652995379101     
  1.000000000000001E-003   20.1860659173962     
  1.999999999999998E-003   20.3104781109042     
  2.999999999999999E-003   9.91828756082201     
  4.000000000000000E-003   3.72643260892315     
  4.999999999999998E-003   2.30466437178417     
  5.999999999999998E-003   6.56298750229231     
  6.999999999999999E-003   4.91079425083676     
  8.000000000000000E-003   9.62333447006244     
  9.000000000000001E-003   1.66916080434528     
  1.000000000000000E-002  0.000000000000000E+000
  1.100000000000000E-002  0.000000000000000E+000
  1.200000000000000E-002  0.000000000000000E+000
  1.300000000000000E-002  0.000000000000000E+000
  1.400000000000000E-002  0.000000000000000E+000
  1.500000000000000E-002  0.000000000000000E+000
  1.600000000000000E-002  0.000000000000000E+000
  1.700000000000000E-002  0.000000000000000E+000
  1.800000000000000E-002  0.000000000000000E+000
  1.900000000000000E-002  0.000000000000000E+000
  2.000000000000000E-002  0.000000000000000E+000
  2.100000000000000E-002  0.000000000000000E+000
  2.200000000000000E-002  0.000000000000000E+000
  2.300000000000000E-002  0.000000000000000E+000
  2.400000000000000E-002  0.000000000000000E+000
  2.500000000000000E-002  0.000000000000000E+000
