 -2.500000000000000E-002  0.000000000000000E+000
 -2.400000000000000E-002  0.000000000000000E+000
 -2.300000000000000E-002  0.000000000000000E+000
 -2.200000000000000E-002  0.000000000000000E+000
 -2.100000000000000E-002  0.000000000000000E+000
 -2.000000000000000E-002  0.000000000000000E+000
 -1.900000000000000E-002  0.000000000000000E+000
 -1.800000000000000E-002  0.000000000000000E+000
 -1.700000000000000E-002  0.000000000000000E+000
 -1.600000000000000E-002  0.000000000000000E+000
 -1.500000000000000E-002  0.000000000000000E+000
 -1.400000000000000E-002  0.000000000000000E+000
 -1.300000000000000E-002  0.000000000000000E+000
 -1.200000000000000E-002  0.000000000000000E+000
 -1.100000000000000E-002  0.000000000000000E+000
 -1.000000000000000E-002  0.000000000000000E+000
 -9.000000000000001E-003  0.397801190238006     
 -8.000000000000000E-003   1.03047867304888     
 -6.999999999999999E-003   1.33918105284399     
 -6.000000000000002E-003   1.35821703736749     
 -5.000000000000001E-003   4.05015932283957     
 -4.000000000000000E-003   13.0746201580456     
 -3.000000000000003E-003   18.7999428246647     
 -2.000000000000002E-003   18.0545095892593     
 -1.000000000000001E-003   14.1069134628232     
  0.000000000000000E+000   13.7780181686643     
  1.000000000000001E-003   15.6285394717206     
  1.999999999999998E-003   9.05433295961182     
  2.999999999999999E-003   4.88364933649724     
  4.000000000000000E-003   3.31977769551583     
  4.999999999999998E-003   3.26164850426608     
  5.999999999999998E-003   3.39833636799164     
  6.999999999999999E-003   2.82739985682880     
  8.000000000000000E-003   2.05046768955459     
  9.000000000000001E-003   1.92899949042068     
  1.000000000000000E-002   2.37045735946874     
  1.100000000000000E-002   2.33093890437185     
  1.200000000000000E-002  0.492540883957059     
  1.300000000000000E-002  0.000000000000000E+000
  1.400000000000000E-002  0.000000000000000E+000
  1.500000000000000E-002  0.000000000000000E+000
  1.600000000000000E-002  0.000000000000000E+000
  1.700000000000000E-002  0.000000000000000E+000
  1.800000000000000E-002  0.000000000000000E+000
  1.900000000000000E-002  0.000000000000000E+000
  2.000000000000000E-002  0.000000000000000E+000
  2.100000000000000E-002  0.000000000000000E+000
  2.200000000000000E-002  0.000000000000000E+000
  2.300000000000000E-002  0.000000000000000E+000
  2.400000000000000E-002  0.000000000000000E+000
  2.500000000000000E-002  0.000000000000000E+000
