 -2.500000000000000E-002  0.000000000000000E+000
 -2.400000000000000E-002  0.000000000000000E+000
 -2.300000000000000E-002  0.000000000000000E+000
 -2.200000000000000E-002  0.000000000000000E+000
 -2.100000000000000E-002  0.000000000000000E+000
 -2.000000000000000E-002  0.000000000000000E+000
 -1.900000000000000E-002  0.000000000000000E+000
 -1.800000000000000E-002  0.000000000000000E+000
 -1.700000000000000E-002  9.667740438203062E-002
 -1.600000000000000E-002  0.443459174649061     
 -1.500000000000000E-002   1.57124441940548     
 -1.400000000000000E-002  0.508420669442628     
 -1.300000000000000E-002  0.607261875818733     
 -1.200000000000000E-002   1.24058691407494     
 -1.100000000000000E-002   1.00885720464276     
 -1.000000000000000E-002  0.563102979688045     
 -9.000000000000001E-003  0.971447528877978     
 -8.000000000000000E-003   1.69857565744828     
 -6.999999999999999E-003   2.22318981445368     
 -6.000000000000002E-003   10.7634820575883     
 -5.000000000000001E-003   14.1632191599709     
 -4.000000000000000E-003   11.4243586874991     
 -3.000000000000003E-003   14.1066143399214     
 -2.000000000000002E-003   10.8681910421597     
 -1.000000000000001E-003   9.11310429785916     
  0.000000000000000E+000   8.01745049764280     
  1.000000000000001E-003   5.12805345207376     
  1.999999999999998E-003   4.28170246993166     
  2.999999999999999E-003   3.41930290000685     
  4.000000000000000E-003   2.89769724775425     
  4.999999999999998E-003   3.21914099517619     
  5.999999999999998E-003   3.51948448335654     
  6.999999999999999E-003   3.53785280345138     
  8.000000000000000E-003   4.96236863349189     
  9.000000000000001E-003   4.52257849495524     
  1.000000000000000E-002   6.81417801156275     
  1.100000000000000E-002   6.62037009917451     
  1.200000000000000E-002   2.86374991063210     
  1.300000000000000E-002   1.29984928354603     
  1.400000000000000E-002  4.864748936201171E-002
  1.500000000000000E-002  0.000000000000000E+000
  1.600000000000000E-002  0.000000000000000E+000
  1.700000000000000E-002  0.000000000000000E+000
  1.800000000000000E-002  0.000000000000000E+000
  1.900000000000000E-002  0.000000000000000E+000
  2.000000000000000E-002  0.000000000000000E+000
  2.100000000000000E-002  0.000000000000000E+000
  2.200000000000000E-002  0.000000000000000E+000
  2.300000000000000E-002  0.000000000000000E+000
  2.400000000000000E-002  0.000000000000000E+000
  2.500000000000000E-002  0.000000000000000E+000
