 -2.500000000000000E-002  0.000000000000000E+000
 -2.400000000000000E-002  0.000000000000000E+000
 -2.300000000000000E-002  0.000000000000000E+000
 -2.200000000000000E-002  0.000000000000000E+000
 -2.100000000000000E-002  0.000000000000000E+000
 -2.000000000000000E-002  0.000000000000000E+000
 -1.900000000000000E-002  0.000000000000000E+000
 -1.800000000000000E-002  0.000000000000000E+000
 -1.700000000000000E-002  0.000000000000000E+000
 -1.600000000000000E-002  0.000000000000000E+000
 -1.500000000000000E-002  0.000000000000000E+000
 -1.400000000000000E-002  0.000000000000000E+000
 -1.300000000000000E-002  0.000000000000000E+000
 -1.200000000000000E-002  0.000000000000000E+000
 -1.100000000000000E-002  0.497250247027808     
 -1.000000000000000E-002   2.09113005990221     
 -9.000000000000001E-003   2.90076480934677     
 -8.000000000000000E-003   1.69384200197013     
 -6.999999999999999E-003   3.12617120175301     
 -6.000000000000002E-003   8.33216505459368     
 -5.000000000000001E-003   13.3450490287090     
 -4.000000000000000E-003   15.8493593207042     
 -3.000000000000003E-003   12.5288516704249     
 -2.000000000000002E-003   10.8959620380058     
 -1.000000000000001E-003   10.8269530580203     
  0.000000000000000E+000   7.35491808327594     
  1.000000000000001E-003   7.19172215796218     
  1.999999999999998E-003   5.63888095339863     
  2.999999999999999E-003   9.81474887028444     
  4.000000000000000E-003   7.06475150798856     
  4.999999999999998E-003   9.95504794081773     
  5.999999999999998E-003   8.74086209948452     
  6.999999999999999E-003   8.28796073784451     
  8.000000000000000E-003   2.05508897559874     
  9.000000000000001E-003  0.634737790756416     
  1.000000000000000E-002  0.641569326929179     
  1.100000000000000E-002  0.166423065201399     
  1.200000000000000E-002  0.398915200944662     
  1.300000000000000E-002   1.05125555142015     
  1.400000000000000E-002   1.10406592189700     
  1.500000000000000E-002  0.837281826368325     
  1.600000000000000E-002  0.168311499369869     
  1.700000000000000E-002  0.218591063770538     
  1.800000000000000E-002  0.718243424767692     
  1.900000000000000E-002  0.152205511461767     
  2.000000000000000E-002  0.000000000000000E+000
  2.100000000000000E-002  0.000000000000000E+000
  2.200000000000000E-002  0.000000000000000E+000
  2.300000000000000E-002  0.000000000000000E+000
  2.400000000000000E-002  0.000000000000000E+000
  2.500000000000000E-002  0.000000000000000E+000
