 -2.500000000000000E-002  0.000000000000000E+000
 -2.400000000000000E-002  0.000000000000000E+000
 -2.300000000000000E-002  0.000000000000000E+000
 -2.200000000000000E-002  0.000000000000000E+000
 -2.100000000000000E-002  0.000000000000000E+000
 -2.000000000000000E-002  0.000000000000000E+000
 -1.900000000000000E-002  0.000000000000000E+000
 -1.800000000000000E-002  0.499586894854440     
 -1.700000000000000E-002   1.22314042112231     
 -1.600000000000000E-002  4.376268402324875E-002
 -1.500000000000000E-002   1.29443728056898     
 -1.400000000000000E-002   1.36846405642530     
 -1.300000000000000E-002  0.924227673574392     
 -1.200000000000000E-002  0.240260989431333     
 -1.100000000000000E-002  0.275466581603634     
 -1.000000000000000E-002  0.369663772973979     
 -9.000000000000001E-003   1.05508532712995     
 -8.000000000000000E-003   1.09698443330779     
 -6.999999999999999E-003   2.33914828994028     
 -6.000000000000002E-003   8.50313097833640     
 -5.000000000000001E-003   9.52443159389408     
 -4.000000000000000E-003   8.89863613083067     
 -3.000000000000003E-003   8.01069470471065     
 -2.000000000000002E-003   7.39980831569225     
 -1.000000000000001E-003   11.5341728501478     
  0.000000000000000E+000   10.7921089246099     
  1.000000000000001E-003   7.52556400923620     
  1.999999999999998E-003   5.33596062230590     
  2.999999999999999E-003   6.50222921474592     
  4.000000000000000E-003   4.96637791047015     
  4.999999999999998E-003   3.83395906138903     
  5.999999999999998E-003   1.54921833236475     
  6.999999999999999E-003   1.54772403621033     
  8.000000000000000E-003   4.32929804416660     
  9.000000000000001E-003   5.01922142926390     
  1.000000000000000E-002   1.08018847991651     
  1.100000000000000E-002   5.78797007078426     
  1.200000000000000E-002   4.34203740453635     
  1.300000000000000E-002  0.400279481432681     
  1.400000000000000E-002  0.000000000000000E+000
  1.500000000000000E-002  0.000000000000000E+000
  1.600000000000000E-002  0.000000000000000E+000
  1.700000000000000E-002  0.000000000000000E+000
  1.800000000000000E-002  0.000000000000000E+000
  1.900000000000000E-002  0.000000000000000E+000
  2.000000000000000E-002  0.000000000000000E+000
  2.100000000000000E-002  0.000000000000000E+000
  2.200000000000000E-002  0.000000000000000E+000
  2.300000000000000E-002  0.000000000000000E+000
  2.400000000000000E-002  0.000000000000000E+000
  2.500000000000000E-002  0.000000000000000E+000
