 -2.500000000000000E-002  0.000000000000000E+000
 -2.400000000000000E-002  0.000000000000000E+000
 -2.300000000000000E-002  0.000000000000000E+000
 -2.200000000000000E-002  0.000000000000000E+000
 -2.100000000000000E-002  0.000000000000000E+000
 -2.000000000000000E-002  0.000000000000000E+000
 -1.900000000000000E-002  0.000000000000000E+000
 -1.800000000000000E-002  0.000000000000000E+000
 -1.700000000000000E-002  0.000000000000000E+000
 -1.600000000000000E-002  0.000000000000000E+000
 -1.500000000000000E-002  0.000000000000000E+000
 -1.400000000000000E-002  0.000000000000000E+000
 -1.300000000000000E-002  0.000000000000000E+000
 -1.200000000000000E-002  0.000000000000000E+000
 -1.100000000000000E-002  0.000000000000000E+000
 -1.000000000000000E-002  0.000000000000000E+000
 -9.000000000000001E-003   1.27679592588847     
 -8.000000000000000E-003   9.62230150441428     
 -6.999999999999999E-003   10.9535727562182     
 -6.000000000000002E-003   6.46063165665682     
 -5.000000000000001E-003   4.10383922802948     
 -4.000000000000000E-003   4.65488168767209     
 -3.000000000000003E-003   5.37099253322654     
 -2.000000000000002E-003   4.50120663346719     
 -1.000000000000001E-003   7.35630853291121     
  0.000000000000000E+000   12.5068452501936     
  1.000000000000001E-003   11.7950680580449     
  1.999999999999998E-003   3.82455514072977     
  2.999999999999999E-003   4.36690291762009     
  4.000000000000000E-003   2.30104154844076     
  4.999999999999998E-003  0.881481498619822     
  5.999999999999998E-003   3.40959809806662     
  6.999999999999999E-003   3.23764840818159     
  8.000000000000000E-003  0.917957147325829     
  9.000000000000001E-003   2.23660396781385     
  1.000000000000000E-002   3.52733888851487     
  1.100000000000000E-002   1.65772129345771     
  1.200000000000000E-002   1.66249250560178     
  1.300000000000000E-002   1.84461470129391     
  1.400000000000000E-002   2.29801787166191     
  1.500000000000000E-002   1.37670539049263     
  1.600000000000000E-002  0.472926855456068     
  1.700000000000000E-002  0.000000000000000E+000
  1.800000000000000E-002  0.000000000000000E+000
  1.900000000000000E-002  0.000000000000000E+000
  2.000000000000000E-002  0.000000000000000E+000
  2.100000000000000E-002  0.000000000000000E+000
  2.200000000000000E-002  0.000000000000000E+000
  2.300000000000000E-002  0.000000000000000E+000
  2.400000000000000E-002  0.000000000000000E+000
  2.500000000000000E-002  0.000000000000000E+000
