 -2.500000000000000E-002  0.000000000000000E+000
 -2.400000000000000E-002  0.000000000000000E+000
 -2.300000000000000E-002  0.000000000000000E+000
 -2.200000000000000E-002  0.000000000000000E+000
 -2.100000000000000E-002  0.000000000000000E+000
 -2.000000000000000E-002  0.000000000000000E+000
 -1.900000000000000E-002  0.000000000000000E+000
 -1.800000000000000E-002  0.000000000000000E+000
 -1.700000000000000E-002  0.000000000000000E+000
 -1.600000000000000E-002  0.000000000000000E+000
 -1.500000000000000E-002  0.000000000000000E+000
 -1.400000000000000E-002  0.000000000000000E+000
 -1.300000000000000E-002  0.000000000000000E+000
 -1.200000000000000E-002  0.000000000000000E+000
 -1.100000000000000E-002  0.000000000000000E+000
 -1.000000000000000E-002   1.03446719440570     
 -9.000000000000001E-003   3.04965138475447     
 -8.000000000000000E-003   1.65877902261633     
 -6.999999999999999E-003   2.65305247516822     
 -6.000000000000002E-003   3.05564773792161     
 -5.000000000000001E-003   2.36235138959537     
 -4.000000000000000E-003   5.92426592107884     
 -3.000000000000003E-003   13.2920769588162     
 -2.000000000000002E-003   11.1756228206577     
 -1.000000000000001E-003   9.45232557662368     
  0.000000000000000E+000   8.62944431007567     
  1.000000000000001E-003   6.44597102150663     
  1.999999999999998E-003   8.53805402607911     
  2.999999999999999E-003   2.21417111692993     
  4.000000000000000E-003  0.896056788530992     
  4.999999999999998E-003   1.39399262311151     
  5.999999999999998E-003  0.439807707486285     
  6.999999999999999E-003   1.09767995399065     
  8.000000000000000E-003  0.695758529359515     
  9.000000000000001E-003  0.672101434721920     
  1.000000000000000E-002   1.07438441689045     
  1.100000000000000E-002  0.609912799618097     
  1.200000000000000E-002  0.250700551059698     
  1.300000000000000E-002  6.602423900143248E-002
  1.400000000000000E-002   1.06312241124849     
  1.500000000000000E-002   1.12352288653019     
  1.600000000000000E-002  0.378912845091203     
  1.700000000000000E-002  0.715805931670057     
  1.800000000000000E-002  0.758007981961192     
  1.900000000000000E-002  0.853722037757040     
  2.000000000000000E-002  0.589316305126768     
  2.100000000000000E-002  0.680996472024262     
  2.200000000000000E-002  0.127723128590793     
  2.300000000000000E-002  0.000000000000000E+000
  2.400000000000000E-002  0.000000000000000E+000
  2.500000000000000E-002  0.000000000000000E+000
