 -2.500000000000000E-002  0.000000000000000E+000
 -2.400000000000000E-002  0.000000000000000E+000
 -2.300000000000000E-002  0.000000000000000E+000
 -2.200000000000000E-002  0.000000000000000E+000
 -2.100000000000000E-002  0.000000000000000E+000
 -2.000000000000000E-002  0.000000000000000E+000
 -1.900000000000000E-002  0.000000000000000E+000
 -1.800000000000000E-002  0.000000000000000E+000
 -1.700000000000000E-002  0.000000000000000E+000
 -1.600000000000000E-002  0.000000000000000E+000
 -1.500000000000000E-002  0.000000000000000E+000
 -1.400000000000000E-002  0.000000000000000E+000
 -1.300000000000000E-002  0.000000000000000E+000
 -1.200000000000000E-002  0.000000000000000E+000
 -1.100000000000000E-002  0.000000000000000E+000
 -1.000000000000000E-002  0.000000000000000E+000
 -9.000000000000001E-003  0.936481147490612     
 -8.000000000000000E-003   4.04761234144853     
 -6.999999999999999E-003   4.26664356495312     
 -6.000000000000002E-003   6.90481540764251     
 -5.000000000000001E-003   8.41984532550914     
 -4.000000000000000E-003   2.65019640904563     
 -3.000000000000003E-003   3.20788041320700     
 -2.000000000000002E-003   1.11670967538324     
 -1.000000000000001E-003   2.34600624696087     
  0.000000000000000E+000   2.46786433605185     
  1.000000000000001E-003   1.79629297352414     
  1.999999999999998E-003   4.47469984185684     
  2.999999999999999E-003   3.38867656979772     
  4.000000000000000E-003   7.99639756155401     
  4.999999999999998E-003   13.1949053008129     
  5.999999999999998E-003   6.65433534643880     
  6.999999999999999E-003   2.53750197870238     
  8.000000000000000E-003  0.123785559620681     
  9.000000000000001E-003  0.000000000000000E+000
  1.000000000000000E-002  0.000000000000000E+000
  1.100000000000000E-002  0.000000000000000E+000
  1.200000000000000E-002  0.000000000000000E+000
  1.300000000000000E-002  0.000000000000000E+000
  1.400000000000000E-002  0.000000000000000E+000
  1.500000000000000E-002  0.000000000000000E+000
  1.600000000000000E-002  0.000000000000000E+000
  1.700000000000000E-002  0.000000000000000E+000
  1.800000000000000E-002  0.000000000000000E+000
  1.900000000000000E-002  0.000000000000000E+000
  2.000000000000000E-002  0.000000000000000E+000
  2.100000000000000E-002  0.000000000000000E+000
  2.200000000000000E-002  0.000000000000000E+000
  2.300000000000000E-002  0.000000000000000E+000
  2.400000000000000E-002  0.000000000000000E+000
  2.500000000000000E-002  0.000000000000000E+000
