 -2.500000000000000E-002  0.000000000000000E+000
 -2.400000000000000E-002  0.000000000000000E+000
 -2.300000000000000E-002  0.000000000000000E+000
 -2.200000000000000E-002  0.000000000000000E+000
 -2.100000000000000E-002  0.000000000000000E+000
 -2.000000000000000E-002  0.000000000000000E+000
 -1.900000000000000E-002  0.000000000000000E+000
 -1.800000000000000E-002  0.475340419720845     
 -1.700000000000000E-002   1.38078783568388     
 -1.600000000000000E-002  0.821171668003304     
 -1.500000000000000E-002  0.447931332787451     
 -1.400000000000000E-002  0.821723050599162     
 -1.300000000000000E-002   1.22772776541232     
 -1.200000000000000E-002  0.974084890684183     
 -1.100000000000000E-002  0.922471306968082     
 -1.000000000000000E-002  0.743831672712456     
 -9.000000000000001E-003  0.849886302243911     
 -8.000000000000000E-003   1.40739683097027     
 -6.999999999999999E-003   1.62253055501179     
 -6.000000000000002E-003   5.24329067341405     
 -5.000000000000001E-003   8.11196650163864     
 -4.000000000000000E-003   11.7742078456946     
 -3.000000000000003E-003   11.6336550265440     
 -2.000000000000002E-003   14.7185688052740     
 -1.000000000000001E-003   11.7269116583622     
  0.000000000000000E+000   13.2757742357968     
  1.000000000000001E-003   13.9693532197217     
  1.999999999999998E-003   11.6917721556644     
  2.999999999999999E-003   9.75042822096580     
  4.000000000000000E-003   8.83073804114786     
  4.999999999999998E-003   8.44705253906860     
  5.999999999999998E-003   9.11468912724912     
  6.999999999999999E-003   8.72382292755417     
  8.000000000000000E-003   5.64404871795135     
  9.000000000000001E-003   1.52267741377516     
  1.000000000000000E-002   1.04396040494255     
  1.100000000000000E-002  0.129068854437341     
  1.200000000000000E-002  0.000000000000000E+000
  1.300000000000000E-002  0.000000000000000E+000
  1.400000000000000E-002  0.000000000000000E+000
  1.500000000000000E-002  0.000000000000000E+000
  1.600000000000000E-002  0.000000000000000E+000
  1.700000000000000E-002  0.000000000000000E+000
  1.800000000000000E-002  0.000000000000000E+000
  1.900000000000000E-002  0.000000000000000E+000
  2.000000000000000E-002  0.000000000000000E+000
  2.100000000000000E-002  0.000000000000000E+000
  2.200000000000000E-002  0.000000000000000E+000
  2.300000000000000E-002  0.000000000000000E+000
  2.400000000000000E-002  0.000000000000000E+000
  2.500000000000000E-002  0.000000000000000E+000
