 -2.500000000000000E-002  0.000000000000000E+000
 -2.400000000000000E-002  0.000000000000000E+000
 -2.300000000000000E-002  0.000000000000000E+000
 -2.200000000000000E-002  0.000000000000000E+000
 -2.100000000000000E-002  0.000000000000000E+000
 -2.000000000000000E-002  0.000000000000000E+000
 -1.900000000000000E-002  0.000000000000000E+000
 -1.800000000000000E-002  0.000000000000000E+000
 -1.700000000000000E-002  0.000000000000000E+000
 -1.600000000000000E-002  0.000000000000000E+000
 -1.500000000000000E-002  0.000000000000000E+000
 -1.400000000000000E-002  0.000000000000000E+000
 -1.300000000000000E-002  0.000000000000000E+000
 -1.200000000000000E-002  0.000000000000000E+000
 -1.100000000000000E-002  0.000000000000000E+000
 -1.000000000000000E-002  0.000000000000000E+000
 -9.000000000000001E-003  0.537953973196362     
 -8.000000000000000E-003   4.38848258484914     
 -6.999999999999999E-003   8.69536385203545     
 -6.000000000000002E-003   9.18563309162200     
 -5.000000000000001E-003   5.85400364335967     
 -4.000000000000000E-003   5.94910628660046     
 -3.000000000000003E-003   5.85410765962743     
 -2.000000000000002E-003   7.71187006661901     
 -1.000000000000001E-003   6.17717732005468     
  0.000000000000000E+000   4.91545652790476     
  1.000000000000001E-003   7.99508725487435     
  1.999999999999998E-003   3.99644255236493     
  2.999999999999999E-003   3.77835306902786     
  4.000000000000000E-003   1.32209700130933     
  4.999999999999998E-003   1.06582914168813     
  5.999999999999998E-003  0.926623370266918     
  6.999999999999999E-003   1.64737456184863     
  8.000000000000000E-003   2.28473285042415     
  9.000000000000001E-003   2.09804473739028     
  1.000000000000000E-002   4.16690852572214     
  1.100000000000000E-002   4.40013083991293     
  1.200000000000000E-002   3.11590233946056     
  1.300000000000000E-002   1.87446644269154     
  1.400000000000000E-002  0.220172307149281     
  1.500000000000000E-002  0.000000000000000E+000
  1.600000000000000E-002  0.000000000000000E+000
  1.700000000000000E-002  0.000000000000000E+000
  1.800000000000000E-002  0.000000000000000E+000
  1.900000000000000E-002  0.000000000000000E+000
  2.000000000000000E-002  0.000000000000000E+000
  2.100000000000000E-002  0.000000000000000E+000
  2.200000000000000E-002  0.000000000000000E+000
  2.300000000000000E-002  0.000000000000000E+000
  2.400000000000000E-002  0.000000000000000E+000
  2.500000000000000E-002  0.000000000000000E+000
