 -2.500000000000000E-002  0.000000000000000E+000
 -2.400000000000000E-002  0.000000000000000E+000
 -2.300000000000000E-002  0.000000000000000E+000
 -2.200000000000000E-002  0.000000000000000E+000
 -2.100000000000000E-002  0.000000000000000E+000
 -2.000000000000000E-002  0.000000000000000E+000
 -1.900000000000000E-002  5.421545837562353E-003
 -1.800000000000000E-002   1.28255612238608     
 -1.700000000000000E-002  0.702897911465271     
 -1.600000000000000E-002   1.02723819738275     
 -1.500000000000000E-002   3.47583539947764     
 -1.400000000000000E-002   1.60099007067679     
 -1.300000000000000E-002   1.01780231262259     
 -1.200000000000000E-002   1.48003968919037     
 -1.100000000000000E-002   1.45649918211113     
 -1.000000000000000E-002   1.70296819801249     
 -9.000000000000001E-003   1.99722926077805     
 -8.000000000000000E-003   1.94669790468864     
 -6.999999999999999E-003   1.79582074046746     
 -6.000000000000002E-003   6.23926731552262     
 -5.000000000000001E-003   7.82534301072717     
 -4.000000000000000E-003   5.45488936469315     
 -3.000000000000003E-003   7.93066687562020     
 -2.000000000000002E-003   7.27779358099472     
 -1.000000000000001E-003   5.67145138500124     
  0.000000000000000E+000   7.06729325875418     
  1.000000000000001E-003   3.99789170623513     
  1.999999999999998E-003   5.19112477922254     
  2.999999999999999E-003   3.95945097136233     
  4.000000000000000E-003   4.10666837678018     
  4.999999999999998E-003   1.76940764332555     
  5.999999999999998E-003   2.06299530233220     
  6.999999999999999E-003   6.33762727438597     
  8.000000000000000E-003   4.42729616702198     
  9.000000000000001E-003   5.22316944849902     
  1.000000000000000E-002   8.68160800276321     
  1.100000000000000E-002   5.15481906694910     
  1.200000000000000E-002   2.59095700814857     
  1.300000000000000E-002  0.932012926564154     
  1.400000000000000E-002  0.000000000000000E+000
  1.500000000000000E-002  0.000000000000000E+000
  1.600000000000000E-002  0.000000000000000E+000
  1.700000000000000E-002  0.000000000000000E+000
  1.800000000000000E-002  0.000000000000000E+000
  1.900000000000000E-002  0.000000000000000E+000
  2.000000000000000E-002  0.000000000000000E+000
  2.100000000000000E-002  0.000000000000000E+000
  2.200000000000000E-002  0.000000000000000E+000
  2.300000000000000E-002  0.000000000000000E+000
  2.400000000000000E-002  0.000000000000000E+000
  2.500000000000000E-002  0.000000000000000E+000
