 -2.500000000000000E-002  0.000000000000000E+000
 -2.400000000000000E-002  0.000000000000000E+000
 -2.300000000000000E-002  0.000000000000000E+000
 -2.200000000000000E-002  0.000000000000000E+000
 -2.100000000000000E-002  0.000000000000000E+000
 -2.000000000000000E-002  0.000000000000000E+000
 -1.900000000000000E-002  0.000000000000000E+000
 -1.800000000000000E-002  0.000000000000000E+000
 -1.700000000000000E-002  0.000000000000000E+000
 -1.600000000000000E-002  0.000000000000000E+000
 -1.500000000000000E-002  0.000000000000000E+000
 -1.400000000000000E-002  0.000000000000000E+000
 -1.300000000000000E-002  0.000000000000000E+000
 -1.200000000000000E-002  0.000000000000000E+000
 -1.100000000000000E-002  0.000000000000000E+000
 -1.000000000000000E-002  0.000000000000000E+000
 -9.000000000000001E-003  0.000000000000000E+000
 -8.000000000000000E-003  8.393984399798640E-002
 -6.999999999999999E-003   3.36212516301477     
 -6.000000000000002E-003   7.33654148599113     
 -5.000000000000001E-003   14.2101061478665     
 -4.000000000000000E-003   13.5127239200221     
 -3.000000000000003E-003   16.0275188015628     
 -2.000000000000002E-003   11.1305647895396     
 -1.000000000000001E-003   11.2229227685166     
  0.000000000000000E+000   17.9473475978903     
  1.000000000000001E-003   12.2438195170355     
  1.999999999999998E-003   8.36213096580467     
  2.999999999999999E-003   9.25761199541335     
  4.000000000000000E-003   10.9187540393660     
  4.999999999999998E-003   8.25181646984850     
  5.999999999999998E-003   1.24758030319135     
  6.999999999999999E-003   1.55556317554149     
  8.000000000000000E-003  0.552793763377172     
  9.000000000000001E-003   1.25999056382673     
  1.000000000000000E-002   1.04301440529556     
  1.100000000000000E-002   1.09116541132915     
  1.200000000000000E-002   1.26278015805327     
  1.300000000000000E-002   1.05825249580904     
  1.400000000000000E-002   1.32801684016465     
  1.500000000000000E-002  0.531829902005876     
  1.600000000000000E-002  0.472019310564565     
  1.700000000000000E-002  0.645244740327591     
  1.800000000000000E-002  3.532542464362681E-002
  1.900000000000000E-002  0.000000000000000E+000
  2.000000000000000E-002  0.000000000000000E+000
  2.100000000000000E-002  0.000000000000000E+000
  2.200000000000000E-002  0.000000000000000E+000
  2.300000000000000E-002  0.000000000000000E+000
  2.400000000000000E-002  0.000000000000000E+000
  2.500000000000000E-002  0.000000000000000E+000
