 -2.500000000000000E-002  0.000000000000000E+000
 -2.400000000000000E-002  0.000000000000000E+000
 -2.300000000000000E-002  0.000000000000000E+000
 -2.200000000000000E-002  0.000000000000000E+000
 -2.100000000000000E-002  0.000000000000000E+000
 -2.000000000000000E-002  0.000000000000000E+000
 -1.900000000000000E-002  0.000000000000000E+000
 -1.800000000000000E-002  0.000000000000000E+000
 -1.700000000000000E-002  0.000000000000000E+000
 -1.600000000000000E-002  0.000000000000000E+000
 -1.500000000000000E-002  0.000000000000000E+000
 -1.400000000000000E-002  0.000000000000000E+000
 -1.300000000000000E-002  0.000000000000000E+000
 -1.200000000000000E-002  0.000000000000000E+000
 -1.100000000000000E-002  0.000000000000000E+000
 -1.000000000000000E-002  0.000000000000000E+000
 -9.000000000000001E-003  0.000000000000000E+000
 -8.000000000000000E-003  0.000000000000000E+000
 -6.999999999999999E-003  0.183687840457689     
 -6.000000000000002E-003   6.65976594833503     
 -5.000000000000001E-003   14.2720430649541     
 -4.000000000000000E-003   24.7131140102001     
 -3.000000000000003E-003   22.9845595561306     
 -2.000000000000002E-003   20.2764120896528     
 -1.000000000000001E-003   17.0933176688254     
  0.000000000000000E+000   16.4329327040004     
  1.000000000000001E-003   16.7597177939180     
  1.999999999999998E-003   13.4932987338996     
  2.999999999999999E-003   5.46336620646035     
  4.000000000000000E-003   2.20709373186339     
  4.999999999999998E-003   1.88624280998512     
  5.999999999999998E-003  0.895036124511239     
  6.999999999999999E-003  0.276307220311453     
  8.000000000000000E-003   1.02703148896767     
  9.000000000000001E-003   1.33656161301663     
  1.000000000000000E-002   2.27374307689623     
  1.100000000000000E-002   2.34495423238096     
  1.200000000000000E-002   4.89497943408570     
  1.300000000000000E-002   3.88851347811081     
  1.400000000000000E-002   2.59957403002878     
  1.500000000000000E-002   2.24650389117576     
  1.600000000000000E-002  0.100093251832122     
  1.700000000000000E-002  0.000000000000000E+000
  1.800000000000000E-002  0.000000000000000E+000
  1.900000000000000E-002  0.000000000000000E+000
  2.000000000000000E-002  0.000000000000000E+000
  2.100000000000000E-002  0.000000000000000E+000
  2.200000000000000E-002  0.000000000000000E+000
  2.300000000000000E-002  0.000000000000000E+000
  2.400000000000000E-002  0.000000000000000E+000
  2.500000000000000E-002  0.000000000000000E+000
