 -2.500000000000000E-002  0.000000000000000E+000
 -2.400000000000000E-002  0.000000000000000E+000
 -2.300000000000000E-002  0.000000000000000E+000
 -2.200000000000000E-002  0.000000000000000E+000
 -2.100000000000000E-002  0.000000000000000E+000
 -2.000000000000000E-002  0.000000000000000E+000
 -1.900000000000000E-002  0.000000000000000E+000
 -1.800000000000000E-002  0.000000000000000E+000
 -1.700000000000000E-002  0.000000000000000E+000
 -1.600000000000000E-002  0.000000000000000E+000
 -1.500000000000000E-002  0.000000000000000E+000
 -1.400000000000000E-002  0.000000000000000E+000
 -1.300000000000000E-002  0.000000000000000E+000
 -1.200000000000000E-002  0.000000000000000E+000
 -1.100000000000000E-002  0.000000000000000E+000
 -1.000000000000000E-002  0.000000000000000E+000
 -9.000000000000001E-003  0.000000000000000E+000
 -8.000000000000000E-003  4.300297548379611E-002
 -6.999999999999999E-003   2.20361296798291     
 -6.000000000000002E-003   4.92243991219915     
 -5.000000000000001E-003   4.82892019633807     
 -4.000000000000000E-003   9.21685371186853     
 -3.000000000000003E-003   16.3450112263726     
 -2.000000000000002E-003   19.3195448193787     
 -1.000000000000001E-003   16.1784062310198     
  0.000000000000000E+000   14.5669303458427     
  1.000000000000001E-003   13.7912566181696     
  1.999999999999998E-003   14.5904200519626     
  2.999999999999999E-003   5.84670091153197     
  4.000000000000000E-003   6.91493585818005     
  4.999999999999998E-003   8.09698002492752     
  5.999999999999998E-003   7.59031395461592     
  6.999999999999999E-003   3.85468191297585     
  8.000000000000000E-003  0.845798281150329     
  9.000000000000001E-003  0.000000000000000E+000
  1.000000000000000E-002  0.000000000000000E+000
  1.100000000000000E-002  0.000000000000000E+000
  1.200000000000000E-002  0.000000000000000E+000
  1.300000000000000E-002  0.000000000000000E+000
  1.400000000000000E-002  0.000000000000000E+000
  1.500000000000000E-002  0.000000000000000E+000
  1.600000000000000E-002  0.000000000000000E+000
  1.700000000000000E-002  0.000000000000000E+000
  1.800000000000000E-002  0.000000000000000E+000
  1.900000000000000E-002  0.000000000000000E+000
  2.000000000000000E-002  0.000000000000000E+000
  2.100000000000000E-002  0.000000000000000E+000
  2.200000000000000E-002  0.000000000000000E+000
  2.300000000000000E-002  0.000000000000000E+000
  2.400000000000000E-002  0.000000000000000E+000
  2.500000000000000E-002  0.000000000000000E+000
