 -2.500000000000000E-002  0.000000000000000E+000
 -2.400000000000000E-002  0.000000000000000E+000
 -2.300000000000000E-002  0.000000000000000E+000
 -2.200000000000000E-002  0.000000000000000E+000
 -2.100000000000000E-002  0.000000000000000E+000
 -2.000000000000000E-002  0.000000000000000E+000
 -1.900000000000000E-002  0.000000000000000E+000
 -1.800000000000000E-002  0.000000000000000E+000
 -1.700000000000000E-002  0.000000000000000E+000
 -1.600000000000000E-002  0.000000000000000E+000
 -1.500000000000000E-002  0.000000000000000E+000
 -1.400000000000000E-002  0.000000000000000E+000
 -1.300000000000000E-002  0.000000000000000E+000
 -1.200000000000000E-002  0.000000000000000E+000
 -1.100000000000000E-002  0.000000000000000E+000
 -1.000000000000000E-002  0.000000000000000E+000
 -9.000000000000001E-003  0.000000000000000E+000
 -8.000000000000000E-003  0.000000000000000E+000
 -6.999999999999999E-003  0.000000000000000E+000
 -6.000000000000002E-003  0.686603676974037     
 -5.000000000000001E-003   2.72346344025563     
 -4.000000000000000E-003   11.8783090199048     
 -3.000000000000003E-003   19.0236357554125     
 -2.000000000000002E-003   16.8660026372196     
 -1.000000000000001E-003   15.6803580126554     
  0.000000000000000E+000   11.3558114639668     
  1.000000000000001E-003   9.28379856560415     
  1.999999999999998E-003   5.11935575996300     
  2.999999999999999E-003   1.80120734068118     
  4.000000000000000E-003   1.40206051425197     
  4.999999999999998E-003   1.27465026266764     
  5.999999999999998E-003   1.45781243119870     
  6.999999999999999E-003   1.06654228504559     
  8.000000000000000E-003  0.722532692977647     
  9.000000000000001E-003  0.809307523759104     
  1.000000000000000E-002   1.74440839742761     
  1.100000000000000E-002   1.92721404861169     
  1.200000000000000E-002   1.50305441743129     
  1.300000000000000E-002   1.67390224086898     
  1.400000000000000E-002   1.73460405136268     
  1.500000000000000E-002  5.505461760049482E-003
  1.600000000000000E-002  0.000000000000000E+000
  1.700000000000000E-002  0.000000000000000E+000
  1.800000000000000E-002  0.000000000000000E+000
  1.900000000000000E-002  0.000000000000000E+000
  2.000000000000000E-002  0.000000000000000E+000
  2.100000000000000E-002  0.000000000000000E+000
  2.200000000000000E-002  0.000000000000000E+000
  2.300000000000000E-002  0.000000000000000E+000
  2.400000000000000E-002  0.000000000000000E+000
  2.500000000000000E-002  0.000000000000000E+000
