 -2.500000000000000E-002  0.000000000000000E+000
 -2.400000000000000E-002  0.000000000000000E+000
 -2.300000000000000E-002  0.000000000000000E+000
 -2.200000000000000E-002  0.000000000000000E+000
 -2.100000000000000E-002  0.000000000000000E+000
 -2.000000000000000E-002  0.000000000000000E+000
 -1.900000000000000E-002  0.000000000000000E+000
 -1.800000000000000E-002  0.000000000000000E+000
 -1.700000000000000E-002  0.000000000000000E+000
 -1.600000000000000E-002  0.000000000000000E+000
 -1.500000000000000E-002  0.000000000000000E+000
 -1.400000000000000E-002  0.000000000000000E+000
 -1.300000000000000E-002  0.000000000000000E+000
 -1.200000000000000E-002  0.000000000000000E+000
 -1.100000000000000E-002  0.000000000000000E+000
 -1.000000000000000E-002  0.000000000000000E+000
 -9.000000000000001E-003  0.000000000000000E+000
 -8.000000000000000E-003  0.000000000000000E+000
 -6.999999999999999E-003  0.000000000000000E+000
 -6.000000000000002E-003  0.426029632797333     
 -5.000000000000001E-003   3.22591098720822     
 -4.000000000000000E-003   13.9657426446347     
 -3.000000000000003E-003   19.2286409231270     
 -2.000000000000002E-003   19.8573093070869     
 -1.000000000000001E-003   16.4096390924643     
  0.000000000000000E+000   12.1292461600868     
  1.000000000000001E-003   13.0803185047974     
  1.999999999999998E-003   10.1821582777423     
  2.999999999999999E-003   2.96668042083956     
  4.000000000000000E-003   1.96828840063522     
  4.999999999999998E-003  0.830722466027509     
  5.999999999999998E-003  0.483780266238946     
  6.999999999999999E-003   1.97187226756898     
  8.000000000000000E-003  0.625660648744801     
  9.000000000000001E-003  0.752807075075313     
  1.000000000000000E-002   1.00566927926854     
  1.100000000000000E-002   2.29335394333498     
  1.200000000000000E-002   1.20496599219418     
  1.300000000000000E-002   1.63174989557982     
  1.400000000000000E-002   1.90980718713396     
  1.500000000000000E-002  0.327766627413195     
  1.600000000000000E-002  0.000000000000000E+000
  1.700000000000000E-002  0.000000000000000E+000
  1.800000000000000E-002  0.000000000000000E+000
  1.900000000000000E-002  0.000000000000000E+000
  2.000000000000000E-002  0.000000000000000E+000
  2.100000000000000E-002  0.000000000000000E+000
  2.200000000000000E-002  0.000000000000000E+000
  2.300000000000000E-002  0.000000000000000E+000
  2.400000000000000E-002  0.000000000000000E+000
  2.500000000000000E-002  0.000000000000000E+000
