 -2.500000000000000E-002  0.000000000000000E+000
 -2.400000000000000E-002  0.000000000000000E+000
 -2.300000000000000E-002  0.000000000000000E+000
 -2.200000000000000E-002  0.000000000000000E+000
 -2.100000000000000E-002  0.000000000000000E+000
 -2.000000000000000E-002  0.000000000000000E+000
 -1.900000000000000E-002  0.000000000000000E+000
 -1.800000000000000E-002  0.000000000000000E+000
 -1.700000000000000E-002  0.000000000000000E+000
 -1.600000000000000E-002  0.000000000000000E+000
 -1.500000000000000E-002  0.000000000000000E+000
 -1.400000000000000E-002  0.000000000000000E+000
 -1.300000000000000E-002  0.000000000000000E+000
 -1.200000000000000E-002  0.000000000000000E+000
 -1.100000000000000E-002  7.311898725738994E-002
 -1.000000000000000E-002   1.26524321115353     
 -9.000000000000001E-003   3.21327888860214     
 -8.000000000000000E-003   1.31495458207897     
 -6.999999999999999E-003   2.77480365990159     
 -6.000000000000002E-003   2.70769639562274     
 -5.000000000000001E-003   2.30832055856686     
 -4.000000000000000E-003   3.10186616247475     
 -3.000000000000003E-003   14.6434680140886     
 -2.000000000000002E-003   43.7176069287275     
 -1.000000000000001E-003   58.8171969266085     
  0.000000000000000E+000   45.5717630501115     
  1.000000000000001E-003   37.2066432890527     
  1.999999999999998E-003   23.7371940906967     
  2.999999999999999E-003   17.6856521281782     
  4.000000000000000E-003   1.99035066349383     
  4.999999999999998E-003   1.20192488502514     
  5.999999999999998E-003  0.504270599170124     
  6.999999999999999E-003  0.889379940941666     
  8.000000000000000E-003  0.675207643157419     
  9.000000000000001E-003  0.543478230899936     
  1.000000000000000E-002   1.00754295671370     
  1.100000000000000E-002  0.516599855415387     
  1.200000000000000E-002  0.315098352061204     
  1.300000000000000E-002  0.233795506031109     
  1.400000000000000E-002  0.755227285409065     
  1.500000000000000E-002   1.51391257569720     
  1.600000000000000E-002  0.348655663988740     
  1.700000000000000E-002  0.551428968873894     
  1.800000000000000E-002  0.444628450756104     
  1.900000000000000E-002  0.644411549243889     
  2.000000000000000E-002  0.672816746923127     
  2.100000000000000E-002  0.694493822927288     
  2.200000000000000E-002  0.188459430149586     
  2.300000000000000E-002  0.000000000000000E+000
  2.400000000000000E-002  0.000000000000000E+000
  2.500000000000000E-002  0.000000000000000E+000
