 -2.500000000000000E-002  0.000000000000000E+000
 -2.400000000000000E-002  0.000000000000000E+000
 -2.300000000000000E-002  0.000000000000000E+000
 -2.200000000000000E-002  0.000000000000000E+000
 -2.100000000000000E-002  0.000000000000000E+000
 -2.000000000000000E-002  0.000000000000000E+000
 -1.900000000000000E-002  0.000000000000000E+000
 -1.800000000000000E-002  0.000000000000000E+000
 -1.700000000000000E-002  0.000000000000000E+000
 -1.600000000000000E-002  0.000000000000000E+000
 -1.500000000000000E-002  0.000000000000000E+000
 -1.400000000000000E-002  0.000000000000000E+000
 -1.300000000000000E-002  0.000000000000000E+000
 -1.200000000000000E-002  0.000000000000000E+000
 -1.100000000000000E-002  0.000000000000000E+000
 -1.000000000000000E-002  0.000000000000000E+000
 -9.000000000000001E-003  0.000000000000000E+000
 -8.000000000000000E-003   1.36984669776866     
 -6.999999999999999E-003   9.59304319080048     
 -6.000000000000002E-003   12.7778361895812     
 -5.000000000000001E-003   10.3610381460675     
 -4.000000000000000E-003   7.05090242919356     
 -3.000000000000003E-003   5.26272265736204     
 -2.000000000000002E-003   5.15988585691086     
 -1.000000000000001E-003   6.78531317787835     
  0.000000000000000E+000   4.27806587327065     
  1.000000000000001E-003   8.23659111840173     
  1.999999999999998E-003   7.01781312552190     
  2.999999999999999E-003   11.7017355669571     
  4.000000000000000E-003   12.4010060653300     
  4.999999999999998E-003   2.29646838459008     
  5.999999999999998E-003   1.33910012653073     
  6.999999999999999E-003  0.830150021400273     
  8.000000000000000E-003   1.80869382716153     
  9.000000000000001E-003   1.63793754527331     
  1.000000000000000E-002  0.596589630380046     
  1.100000000000000E-002   1.50442499636228     
  1.200000000000000E-002   1.34941991783748     
  1.300000000000000E-002   1.02181816783856     
  1.400000000000000E-002  0.679751222299750     
  1.500000000000000E-002   1.23882241523065     
  1.600000000000000E-002  0.943239831055690     
  1.700000000000000E-002  0.489156058170639     
  1.800000000000000E-002  3.341776082489549E-002
  1.900000000000000E-002  0.000000000000000E+000
  2.000000000000000E-002  0.000000000000000E+000
  2.100000000000000E-002  0.000000000000000E+000
  2.200000000000000E-002  0.000000000000000E+000
  2.300000000000000E-002  0.000000000000000E+000
  2.400000000000000E-002  0.000000000000000E+000
  2.500000000000000E-002  0.000000000000000E+000
