 -2.500000000000000E-002  0.000000000000000E+000
 -2.400000000000000E-002  0.000000000000000E+000
 -2.300000000000000E-002  0.000000000000000E+000
 -2.200000000000000E-002  0.000000000000000E+000
 -2.100000000000000E-002  0.000000000000000E+000
 -2.000000000000000E-002  0.000000000000000E+000
 -1.900000000000000E-002  0.000000000000000E+000
 -1.800000000000000E-002  0.000000000000000E+000
 -1.700000000000000E-002  0.000000000000000E+000
 -1.600000000000000E-002  0.000000000000000E+000
 -1.500000000000000E-002  0.000000000000000E+000
 -1.400000000000000E-002  0.000000000000000E+000
 -1.300000000000000E-002  0.000000000000000E+000
 -1.200000000000000E-002  0.000000000000000E+000
 -1.100000000000000E-002  0.000000000000000E+000
 -1.000000000000000E-002  0.000000000000000E+000
 -9.000000000000001E-003   1.00045787259098     
 -8.000000000000000E-003   3.20166030581387     
 -6.999999999999999E-003   5.24557763222393     
 -6.000000000000002E-003   4.81438777876292     
 -5.000000000000001E-003   8.59376057532664     
 -4.000000000000000E-003   9.23126796210784     
 -3.000000000000003E-003   11.8078656709669     
 -2.000000000000002E-003   8.18879955783974     
 -1.000000000000001E-003   9.02803086356424     
  0.000000000000000E+000   12.4476634318785     
  1.000000000000001E-003   11.2065415993131     
  1.999999999999998E-003   10.0074822175209     
  2.999999999999999E-003   6.09835436636864     
  4.000000000000000E-003   6.95870668143059     
  4.999999999999998E-003   8.03113491914014     
  5.999999999999998E-003   7.96834908071557     
  6.999999999999999E-003   7.70749349929500     
  8.000000000000000E-003   2.46371741921071     
  9.000000000000001E-003  9.328565929837740E-003
  1.000000000000000E-002  0.000000000000000E+000
  1.100000000000000E-002  0.000000000000000E+000
  1.200000000000000E-002  0.000000000000000E+000
  1.300000000000000E-002  0.000000000000000E+000
  1.400000000000000E-002  0.000000000000000E+000
  1.500000000000000E-002  0.000000000000000E+000
  1.600000000000000E-002  0.000000000000000E+000
  1.700000000000000E-002  0.000000000000000E+000
  1.800000000000000E-002  0.000000000000000E+000
  1.900000000000000E-002  0.000000000000000E+000
  2.000000000000000E-002  0.000000000000000E+000
  2.100000000000000E-002  0.000000000000000E+000
  2.200000000000000E-002  0.000000000000000E+000
  2.300000000000000E-002  0.000000000000000E+000
  2.400000000000000E-002  0.000000000000000E+000
  2.500000000000000E-002  0.000000000000000E+000
