 -2.500000000000000E-002  0.000000000000000E+000
 -2.400000000000000E-002  0.000000000000000E+000
 -2.300000000000000E-002  0.000000000000000E+000
 -2.200000000000000E-002  0.000000000000000E+000
 -2.100000000000000E-002  0.000000000000000E+000
 -2.000000000000000E-002  0.000000000000000E+000
 -1.900000000000000E-002  0.000000000000000E+000
 -1.800000000000000E-002  0.000000000000000E+000
 -1.700000000000000E-002  0.000000000000000E+000
 -1.600000000000000E-002  0.315319340375038     
 -1.500000000000000E-002  0.826180781601590     
 -1.400000000000000E-002   1.34166328090643     
 -1.300000000000000E-002  0.504227927187526     
 -1.200000000000000E-002  0.823033914952572     
 -1.100000000000000E-002  0.726295373142076     
 -1.000000000000000E-002   1.37173357786992     
 -9.000000000000001E-003  0.516830638612667     
 -8.000000000000000E-003   1.17346312654192     
 -6.999999999999999E-003   3.88873834713966     
 -6.000000000000002E-003   11.1993241156034     
 -5.000000000000001E-003   19.2186100924546     
 -4.000000000000000E-003   16.2113843405893     
 -3.000000000000003E-003   11.7969882682521     
 -2.000000000000002E-003   6.85543931835150     
 -1.000000000000001E-003   4.50468911907439     
  0.000000000000000E+000   4.83413348860484     
  1.000000000000001E-003   3.97672632976298     
  1.999999999999998E-003   1.71989322331858     
  2.999999999999999E-003   1.95849136104010     
  4.000000000000000E-003   2.34693932938407     
  4.999999999999998E-003   2.27101947229405     
  5.999999999999998E-003   2.79051141551168     
  6.999999999999999E-003   2.89350538558784     
  8.000000000000000E-003   2.12048957056246     
  9.000000000000001E-003   3.59142535870455     
  1.000000000000000E-002   6.26169487546737     
  1.100000000000000E-002   5.26819200356168     
  1.200000000000000E-002   4.22401780468210     
  1.300000000000000E-002   3.84330475608427     
  1.400000000000000E-002   2.28454626508413     
  1.500000000000000E-002   1.43647362038734     
  1.600000000000000E-002  3.804417730721485E-002
  1.700000000000000E-002  0.000000000000000E+000
  1.800000000000000E-002  0.000000000000000E+000
  1.900000000000000E-002  0.000000000000000E+000
  2.000000000000000E-002  0.000000000000000E+000
  2.100000000000000E-002  0.000000000000000E+000
  2.200000000000000E-002  0.000000000000000E+000
  2.300000000000000E-002  0.000000000000000E+000
  2.400000000000000E-002  0.000000000000000E+000
  2.500000000000000E-002  0.000000000000000E+000
