 -2.500000000000000E-002  0.000000000000000E+000
 -2.400000000000000E-002  0.000000000000000E+000
 -2.300000000000000E-002  0.000000000000000E+000
 -2.200000000000000E-002  0.000000000000000E+000
 -2.100000000000000E-002  0.000000000000000E+000
 -2.000000000000000E-002  0.000000000000000E+000
 -1.900000000000000E-002  0.000000000000000E+000
 -1.800000000000000E-002  0.000000000000000E+000
 -1.700000000000000E-002  0.000000000000000E+000
 -1.600000000000000E-002  0.000000000000000E+000
 -1.500000000000000E-002  0.000000000000000E+000
 -1.400000000000000E-002  0.000000000000000E+000
 -1.300000000000000E-002  0.000000000000000E+000
 -1.200000000000000E-002  0.000000000000000E+000
 -1.100000000000000E-002  0.000000000000000E+000
 -1.000000000000000E-002  0.000000000000000E+000
 -9.000000000000001E-003  0.000000000000000E+000
 -8.000000000000000E-003  0.228040250290682     
 -6.999999999999999E-003   5.58352070972779     
 -6.000000000000002E-003   10.7089573892079     
 -5.000000000000001E-003   13.5035644511950     
 -4.000000000000000E-003   24.9673922872678     
 -3.000000000000003E-003   43.2536439037889     
 -2.000000000000002E-003   41.2542365769414     
 -1.000000000000001E-003   32.0972214008585     
  0.000000000000000E+000   31.8736911344862     
  1.000000000000001E-003   34.0155083584080     
  1.999999999999998E-003   33.5481582643939     
  2.999999999999999E-003   18.0148630560472     
  4.000000000000000E-003   7.50108022197206     
  4.999999999999998E-003   2.70656855455539     
  5.999999999999998E-003   2.26132395769596     
  6.999999999999999E-003   1.83730471759876     
  8.000000000000000E-003   3.46181850125777     
  9.000000000000001E-003   5.34646218345723     
  1.000000000000000E-002   7.06283828819430     
  1.100000000000000E-002   9.26807479747102     
  1.200000000000000E-002   2.52141977036803     
  1.300000000000000E-002  0.260981224816137     
  1.400000000000000E-002  0.000000000000000E+000
  1.500000000000000E-002  0.000000000000000E+000
  1.600000000000000E-002  0.000000000000000E+000
  1.700000000000000E-002  0.000000000000000E+000
  1.800000000000000E-002  0.000000000000000E+000
  1.900000000000000E-002  0.000000000000000E+000
  2.000000000000000E-002  0.000000000000000E+000
  2.100000000000000E-002  0.000000000000000E+000
  2.200000000000000E-002  0.000000000000000E+000
  2.300000000000000E-002  0.000000000000000E+000
  2.400000000000000E-002  0.000000000000000E+000
  2.500000000000000E-002  0.000000000000000E+000
