 -2.500000000000000E-002  0.000000000000000E+000
 -2.400000000000000E-002  0.000000000000000E+000
 -2.300000000000000E-002  0.000000000000000E+000
 -2.200000000000000E-002  0.000000000000000E+000
 -2.100000000000000E-002  0.000000000000000E+000
 -2.000000000000000E-002  0.000000000000000E+000
 -1.900000000000000E-002  0.000000000000000E+000
 -1.800000000000000E-002  0.000000000000000E+000
 -1.700000000000000E-002  0.000000000000000E+000
 -1.600000000000000E-002  0.000000000000000E+000
 -1.500000000000000E-002  0.000000000000000E+000
 -1.400000000000000E-002  0.000000000000000E+000
 -1.300000000000000E-002  0.000000000000000E+000
 -1.200000000000000E-002  0.000000000000000E+000
 -1.100000000000000E-002  0.807662026258701     
 -1.000000000000000E-002   2.67486776880271     
 -9.000000000000001E-003   1.67626268523666     
 -8.000000000000000E-003   2.71933055919931     
 -6.999999999999999E-003   10.1528657307715     
 -6.000000000000002E-003   11.7714302027819     
 -5.000000000000001E-003   9.01232528467902     
 -4.000000000000000E-003   9.63610967083979     
 -3.000000000000003E-003   12.3268855533145     
 -2.000000000000002E-003   12.2048564241966     
 -1.000000000000001E-003   4.99640748247909     
  0.000000000000000E+000   2.13274564547235     
  1.000000000000001E-003   2.34528583732809     
  1.999999999999998E-003   2.73735795076232     
  2.999999999999999E-003   3.00387889871884     
  4.000000000000000E-003   4.11487657103421     
  4.999999999999998E-003   5.19254929138038     
  5.999999999999998E-003   6.98699264644729     
  6.999999999999999E-003   8.52847702841932     
  8.000000000000000E-003   10.7922128576796     
  9.000000000000001E-003   8.21375144487159     
  1.000000000000000E-002   3.92609898642601     
  1.100000000000000E-002  0.407719452900182     
  1.200000000000000E-002  0.000000000000000E+000
  1.300000000000000E-002  0.000000000000000E+000
  1.400000000000000E-002  0.000000000000000E+000
  1.500000000000000E-002  0.000000000000000E+000
  1.600000000000000E-002  0.000000000000000E+000
  1.700000000000000E-002  0.000000000000000E+000
  1.800000000000000E-002  0.000000000000000E+000
  1.900000000000000E-002  0.000000000000000E+000
  2.000000000000000E-002  0.000000000000000E+000
  2.100000000000000E-002  0.000000000000000E+000
  2.200000000000000E-002  0.000000000000000E+000
  2.300000000000000E-002  0.000000000000000E+000
  2.400000000000000E-002  0.000000000000000E+000
  2.500000000000000E-002  0.000000000000000E+000
