 -2.500000000000000E-002  0.000000000000000E+000
 -2.400000000000000E-002  0.000000000000000E+000
 -2.300000000000000E-002  0.000000000000000E+000
 -2.200000000000000E-002  0.000000000000000E+000
 -2.100000000000000E-002  0.000000000000000E+000
 -2.000000000000000E-002  0.000000000000000E+000
 -1.900000000000000E-002  0.000000000000000E+000
 -1.800000000000000E-002  0.000000000000000E+000
 -1.700000000000000E-002  0.000000000000000E+000
 -1.600000000000000E-002  9.038344040814979E-002
 -1.500000000000000E-002  0.790835613171491     
 -1.400000000000000E-002  0.872340744981427     
 -1.300000000000000E-002  0.558084528195673     
 -1.200000000000000E-002  0.717702577825264     
 -1.100000000000000E-002  0.998003043485865     
 -1.000000000000000E-002   1.08673076472656     
 -9.000000000000001E-003  0.731026760050745     
 -8.000000000000000E-003   1.34823787109005     
 -6.999999999999999E-003   1.66742799656248     
 -6.000000000000002E-003   1.61948808845789     
 -5.000000000000001E-003   4.04406867279186     
 -4.000000000000000E-003   13.3112848703544     
 -3.000000000000003E-003   20.3516054449360     
 -2.000000000000002E-003   23.6034853333595     
 -1.000000000000001E-003   15.4375889658508     
  0.000000000000000E+000   15.0762962417642     
  1.000000000000001E-003   22.7699968606509     
  1.999999999999998E-003   11.6114398642851     
  2.999999999999999E-003   3.37353417790172     
  4.000000000000000E-003   2.90215575723420     
  4.999999999999998E-003   1.47449836845090     
  5.999999999999998E-003   1.28064828031405     
  6.999999999999999E-003   2.00687067584281     
  8.000000000000000E-003   1.58701203609300     
  9.000000000000001E-003   1.40638088633287     
  1.000000000000000E-002   2.32050248832612     
  1.100000000000000E-002   3.32962893993211     
  1.200000000000000E-002   1.84189501090664     
  1.300000000000000E-002   1.97836534682332     
  1.400000000000000E-002   2.42929704487861     
  1.500000000000000E-002   1.87219939653798     
  1.600000000000000E-002  0.264353907477464     
  1.700000000000000E-002  0.000000000000000E+000
  1.800000000000000E-002  0.000000000000000E+000
  1.900000000000000E-002  0.000000000000000E+000
  2.000000000000000E-002  0.000000000000000E+000
  2.100000000000000E-002  0.000000000000000E+000
  2.200000000000000E-002  0.000000000000000E+000
  2.300000000000000E-002  0.000000000000000E+000
  2.400000000000000E-002  0.000000000000000E+000
  2.500000000000000E-002  0.000000000000000E+000
