 -2.500000000000000E-002  0.000000000000000E+000
 -2.400000000000000E-002  0.000000000000000E+000
 -2.300000000000000E-002  0.000000000000000E+000
 -2.200000000000000E-002  0.000000000000000E+000
 -2.100000000000000E-002  0.000000000000000E+000
 -2.000000000000000E-002  0.000000000000000E+000
 -1.900000000000000E-002  0.000000000000000E+000
 -1.800000000000000E-002  0.182290822715911     
 -1.700000000000000E-002   1.27505659797061     
 -1.600000000000000E-002  0.309142579313486     
 -1.500000000000000E-002  0.759018832025885     
 -1.400000000000000E-002   1.46885089430111     
 -1.300000000000000E-002   1.22286601054955     
 -1.200000000000000E-002  0.386562854690377     
 -1.100000000000000E-002  0.198146823768500     
 -1.000000000000000E-002  0.356559958065198     
 -9.000000000000001E-003  0.949609896900533     
 -8.000000000000000E-003  0.903695560301481     
 -6.999999999999999E-003   1.13920199889611     
 -6.000000000000002E-003   4.65656576031237     
 -5.000000000000001E-003   4.24341463811140     
 -4.000000000000000E-003   5.36088669679158     
 -3.000000000000003E-003   16.3313112640045     
 -2.000000000000002E-003   39.0672030545738     
 -1.000000000000001E-003   46.7138063936775     
  0.000000000000000E+000   35.7612320596802     
  1.000000000000001E-003   26.1539625720732     
  1.999999999999998E-003   21.6997728382591     
  2.999999999999999E-003   11.5537470561501     
  4.000000000000000E-003   2.72131223193851     
  4.999999999999998E-003   3.61797767941160     
  5.999999999999998E-003   1.89147119056968     
  6.999999999999999E-003   1.90947490539506     
  8.000000000000000E-003   5.19619791976273     
  9.000000000000001E-003   2.51354125208963     
  1.000000000000000E-002   4.71415226079205     
  1.100000000000000E-002   5.38803865617944     
  1.200000000000000E-002   1.91163779572475     
  1.300000000000000E-002  7.409094500419533E-002
  1.400000000000000E-002  0.000000000000000E+000
  1.500000000000000E-002  0.000000000000000E+000
  1.600000000000000E-002  0.000000000000000E+000
  1.700000000000000E-002  0.000000000000000E+000
  1.800000000000000E-002  0.000000000000000E+000
  1.900000000000000E-002  0.000000000000000E+000
  2.000000000000000E-002  0.000000000000000E+000
  2.100000000000000E-002  0.000000000000000E+000
  2.200000000000000E-002  0.000000000000000E+000
  2.300000000000000E-002  0.000000000000000E+000
  2.400000000000000E-002  0.000000000000000E+000
  2.500000000000000E-002  0.000000000000000E+000
