 -2.500000000000000E-002  0.000000000000000E+000
 -2.400000000000000E-002  0.000000000000000E+000
 -2.300000000000000E-002  0.000000000000000E+000
 -2.200000000000000E-002  0.000000000000000E+000
 -2.100000000000000E-002  0.000000000000000E+000
 -2.000000000000000E-002  0.000000000000000E+000
 -1.900000000000000E-002  0.000000000000000E+000
 -1.800000000000000E-002  0.000000000000000E+000
 -1.700000000000000E-002  0.000000000000000E+000
 -1.600000000000000E-002  0.000000000000000E+000
 -1.500000000000000E-002  0.000000000000000E+000
 -1.400000000000000E-002  0.000000000000000E+000
 -1.300000000000000E-002  0.000000000000000E+000
 -1.200000000000000E-002  0.000000000000000E+000
 -1.100000000000000E-002  0.000000000000000E+000
 -1.000000000000000E-002  0.000000000000000E+000
 -9.000000000000001E-003  0.000000000000000E+000
 -8.000000000000000E-003  0.000000000000000E+000
 -6.999999999999999E-003  0.000000000000000E+000
 -6.000000000000002E-003  0.615714436386472     
 -5.000000000000001E-003   1.79657540738510     
 -4.000000000000000E-003   8.64321630567087     
 -3.000000000000003E-003   23.3304504243873     
 -2.000000000000002E-003   24.9398486539647     
 -1.000000000000001E-003   22.8845983679974     
  0.000000000000000E+000   16.5754907382111     
  1.000000000000001E-003   12.0150661197929     
  1.999999999999998E-003   14.4447026536312     
  2.999999999999999E-003   6.74826142441148     
  4.000000000000000E-003   2.27498040807612     
  4.999999999999998E-003   1.46391720004599     
  5.999999999999998E-003   1.31724359212677     
  6.999999999999999E-003  0.930980974580300     
  8.000000000000000E-003   1.07980709542025     
  9.000000000000001E-003  0.590339009850783     
  1.000000000000000E-002   2.66165211474100     
  1.100000000000000E-002   2.37239714666064     
  1.200000000000000E-002  0.560096947877491     
  1.300000000000000E-002   1.05885261312236     
  1.400000000000000E-002  0.544318365659795     
  1.500000000000000E-002  0.000000000000000E+000
  1.600000000000000E-002  0.000000000000000E+000
  1.700000000000000E-002  0.000000000000000E+000
  1.800000000000000E-002  0.000000000000000E+000
  1.900000000000000E-002  0.000000000000000E+000
  2.000000000000000E-002  0.000000000000000E+000
  2.100000000000000E-002  0.000000000000000E+000
  2.200000000000000E-002  0.000000000000000E+000
  2.300000000000000E-002  0.000000000000000E+000
  2.400000000000000E-002  0.000000000000000E+000
  2.500000000000000E-002  0.000000000000000E+000
