 -2.500000000000000E-002  0.000000000000000E+000
 -2.400000000000000E-002  0.000000000000000E+000
 -2.300000000000000E-002  0.000000000000000E+000
 -2.200000000000000E-002  0.000000000000000E+000
 -2.100000000000000E-002  0.000000000000000E+000
 -2.000000000000000E-002  0.000000000000000E+000
 -1.900000000000000E-002  0.000000000000000E+000
 -1.800000000000000E-002  0.000000000000000E+000
 -1.700000000000000E-002  0.000000000000000E+000
 -1.600000000000000E-002  0.000000000000000E+000
 -1.500000000000000E-002  0.000000000000000E+000
 -1.400000000000000E-002  0.000000000000000E+000
 -1.300000000000000E-002  0.000000000000000E+000
 -1.200000000000000E-002  0.000000000000000E+000
 -1.100000000000000E-002  0.000000000000000E+000
 -1.000000000000000E-002  8.893355320943007E-002
 -9.000000000000001E-003   3.59402484052214     
 -8.000000000000000E-003   5.10033631737996     
 -6.999999999999999E-003   4.74652695302046     
 -6.000000000000002E-003   4.00771827127911     
 -5.000000000000001E-003   7.82652531949518     
 -4.000000000000000E-003   14.0006618650993     
 -3.000000000000003E-003   11.3806584017639     
 -2.000000000000002E-003   9.86160665970460     
 -1.000000000000001E-003   8.67343072182566     
  0.000000000000000E+000   6.79960519477437     
  1.000000000000001E-003   8.77110367981482     
  1.999999999999998E-003   3.93724457988238     
  2.999999999999999E-003   1.30385792128881     
  4.000000000000000E-003   2.24085672781928     
  4.999999999999998E-003   3.64064863507032     
  5.999999999999998E-003   8.34790731940347     
  6.999999999999999E-003   9.27361060676589     
  8.000000000000000E-003   4.82066485630073     
  9.000000000000001E-003   3.40406725178961     
  1.000000000000000E-002   2.48800784154311     
  1.100000000000000E-002   2.55131794353156     
  1.200000000000000E-002  0.304924538715915     
  1.300000000000000E-002  0.000000000000000E+000
  1.400000000000000E-002  0.000000000000000E+000
  1.500000000000000E-002  0.000000000000000E+000
  1.600000000000000E-002  0.000000000000000E+000
  1.700000000000000E-002  0.000000000000000E+000
  1.800000000000000E-002  0.000000000000000E+000
  1.900000000000000E-002  0.000000000000000E+000
  2.000000000000000E-002  0.000000000000000E+000
  2.100000000000000E-002  0.000000000000000E+000
  2.200000000000000E-002  0.000000000000000E+000
  2.300000000000000E-002  0.000000000000000E+000
  2.400000000000000E-002  0.000000000000000E+000
  2.500000000000000E-002  0.000000000000000E+000
