 -2.500000000000000E-002  0.000000000000000E+000
 -2.400000000000000E-002  0.000000000000000E+000
 -2.300000000000000E-002  0.000000000000000E+000
 -2.200000000000000E-002  0.000000000000000E+000
 -2.100000000000000E-002  0.000000000000000E+000
 -2.000000000000000E-002  0.000000000000000E+000
 -1.900000000000000E-002  0.000000000000000E+000
 -1.800000000000000E-002  0.000000000000000E+000
 -1.700000000000000E-002  0.000000000000000E+000
 -1.600000000000000E-002  0.000000000000000E+000
 -1.500000000000000E-002  0.000000000000000E+000
 -1.400000000000000E-002  0.000000000000000E+000
 -1.300000000000000E-002  0.000000000000000E+000
 -1.200000000000000E-002  0.000000000000000E+000
 -1.100000000000000E-002  0.000000000000000E+000
 -1.000000000000000E-002  0.000000000000000E+000
 -9.000000000000001E-003  0.000000000000000E+000
 -8.000000000000000E-003  0.254340025503232     
 -6.999999999999999E-003   2.51593586975007     
 -6.000000000000002E-003   4.97404695669342     
 -5.000000000000001E-003   9.24275606434455     
 -4.000000000000000E-003   11.9398810227395     
 -3.000000000000003E-003   25.4055557387813     
 -2.000000000000002E-003   40.1478219360902     
 -1.000000000000001E-003   38.4381916216972     
  0.000000000000000E+000   26.4609846108475     
  1.000000000000001E-003   20.0181326116920     
  1.999999999999998E-003   16.7184716204563     
  2.999999999999999E-003   8.03012887001484     
  4.000000000000000E-003   3.33281911418168     
  4.999999999999998E-003   1.55253411595731     
  5.999999999999998E-003   2.32270502679229     
  6.999999999999999E-003   3.51103590694048     
  8.000000000000000E-003   2.47129757237935     
  9.000000000000001E-003   3.22545926601277     
  1.000000000000000E-002   2.14321536775575     
  1.100000000000000E-002   4.07515775387181     
  1.200000000000000E-002   4.49622672526180     
  1.300000000000000E-002   1.96318384783193     
  1.400000000000000E-002  0.193008354404906     
  1.500000000000000E-002  0.000000000000000E+000
  1.600000000000000E-002  0.000000000000000E+000
  1.700000000000000E-002  0.000000000000000E+000
  1.800000000000000E-002  0.000000000000000E+000
  1.900000000000000E-002  0.000000000000000E+000
  2.000000000000000E-002  0.000000000000000E+000
  2.100000000000000E-002  0.000000000000000E+000
  2.200000000000000E-002  0.000000000000000E+000
  2.300000000000000E-002  0.000000000000000E+000
  2.400000000000000E-002  0.000000000000000E+000
  2.500000000000000E-002  0.000000000000000E+000
