 -2.500000000000000E-002  0.000000000000000E+000
 -2.400000000000000E-002  0.000000000000000E+000
 -2.300000000000000E-002  0.000000000000000E+000
 -2.200000000000000E-002  0.000000000000000E+000
 -2.100000000000000E-002  0.000000000000000E+000
 -2.000000000000000E-002  0.000000000000000E+000
 -1.900000000000000E-002  0.000000000000000E+000
 -1.800000000000000E-002  0.000000000000000E+000
 -1.700000000000000E-002  0.000000000000000E+000
 -1.600000000000000E-002  0.000000000000000E+000
 -1.500000000000000E-002  0.000000000000000E+000
 -1.400000000000000E-002  0.000000000000000E+000
 -1.300000000000000E-002  0.000000000000000E+000
 -1.200000000000000E-002  0.000000000000000E+000
 -1.100000000000000E-002  0.000000000000000E+000
 -1.000000000000000E-002  0.000000000000000E+000
 -9.000000000000001E-003  0.000000000000000E+000
 -8.000000000000000E-003  0.000000000000000E+000
 -6.999999999999999E-003  0.000000000000000E+000
 -6.000000000000002E-003  0.000000000000000E+000
 -5.000000000000001E-003   1.33621230639562     
 -4.000000000000000E-003   14.9557210994721     
 -3.000000000000003E-003   22.6628979114514     
 -2.000000000000002E-003   26.8214922954960     
 -1.000000000000001E-003   19.3175087633128     
  0.000000000000000E+000   17.8451113931086     
  1.000000000000001E-003   18.5844534637263     
  1.999999999999998E-003   19.2719911077576     
  2.999999999999999E-003   6.03774902236842     
  4.000000000000000E-003   2.29163485457215     
  4.999999999999998E-003  0.872412453558871     
  5.999999999999998E-003  0.355938379617555     
  6.999999999999999E-003  0.344877741137413     
  8.000000000000000E-003   1.76102644009046     
  9.000000000000001E-003  0.502301246708188     
  1.000000000000000E-002   1.00633056230310     
  1.100000000000000E-002  0.915142002060742     
  1.200000000000000E-002   2.57058008774919     
  1.300000000000000E-002   1.24157734316071     
  1.400000000000000E-002   1.02356061599868     
  1.500000000000000E-002  0.747120909954052     
  1.600000000000000E-002  0.000000000000000E+000
  1.700000000000000E-002  0.000000000000000E+000
  1.800000000000000E-002  0.000000000000000E+000
  1.900000000000000E-002  0.000000000000000E+000
  2.000000000000000E-002  0.000000000000000E+000
  2.100000000000000E-002  0.000000000000000E+000
  2.200000000000000E-002  0.000000000000000E+000
  2.300000000000000E-002  0.000000000000000E+000
  2.400000000000000E-002  0.000000000000000E+000
  2.500000000000000E-002  0.000000000000000E+000
