 -2.500000000000000E-002  0.000000000000000E+000
 -2.400000000000000E-002  0.000000000000000E+000
 -2.300000000000000E-002  0.000000000000000E+000
 -2.200000000000000E-002  0.000000000000000E+000
 -2.100000000000000E-002  0.000000000000000E+000
 -2.000000000000000E-002  0.000000000000000E+000
 -1.900000000000000E-002  0.000000000000000E+000
 -1.800000000000000E-002  0.000000000000000E+000
 -1.700000000000000E-002  0.000000000000000E+000
 -1.600000000000000E-002   1.03507058032072     
 -1.500000000000000E-002   2.40705320271941     
 -1.400000000000000E-002   2.13211621695987     
 -1.300000000000000E-002   1.15015967748566     
 -1.200000000000000E-002   1.28313898716609     
 -1.100000000000000E-002   1.98192393504156     
 -1.000000000000000E-002   2.18883183360142     
 -9.000000000000001E-003   1.88287183749097     
 -8.000000000000000E-003   2.21565302427168     
 -6.999999999999999E-003   2.06705374178497     
 -6.000000000000002E-003   4.19182039393013     
 -5.000000000000001E-003   8.68253901235428     
 -4.000000000000000E-003   7.54919360331722     
 -3.000000000000003E-003   6.82200461056851     
 -2.000000000000002E-003   4.22649165653047     
 -1.000000000000001E-003   5.89135430756898     
  0.000000000000000E+000   4.23216702889766     
  1.000000000000001E-003   2.64166618158283     
  1.999999999999998E-003   1.88156671417324     
  2.999999999999999E-003   2.46240434833481     
  4.000000000000000E-003   2.18157715214445     
  4.999999999999998E-003   2.32170060649911     
  5.999999999999998E-003   2.32660202234436     
  6.999999999999999E-003   1.00945246719369     
  8.000000000000000E-003   2.64081793696718     
  9.000000000000001E-003   2.37633495599848     
  1.000000000000000E-002   2.53636799227128     
  1.100000000000000E-002   3.02426630776999     
  1.200000000000000E-002   3.77647395842346     
  1.300000000000000E-002   4.53368784409592     
  1.400000000000000E-002   4.14513760118128     
  1.500000000000000E-002   1.16473026101033     
  1.600000000000000E-002  0.000000000000000E+000
  1.700000000000000E-002  0.000000000000000E+000
  1.800000000000000E-002  0.000000000000000E+000
  1.900000000000000E-002  0.000000000000000E+000
  2.000000000000000E-002  0.000000000000000E+000
  2.100000000000000E-002  0.000000000000000E+000
  2.200000000000000E-002  0.000000000000000E+000
  2.300000000000000E-002  0.000000000000000E+000
  2.400000000000000E-002  0.000000000000000E+000
  2.500000000000000E-002  0.000000000000000E+000
