 -2.500000000000000E-002  0.000000000000000E+000
 -2.400000000000000E-002  0.000000000000000E+000
 -2.300000000000000E-002  0.000000000000000E+000
 -2.200000000000000E-002  0.000000000000000E+000
 -2.100000000000000E-002  0.000000000000000E+000
 -2.000000000000000E-002  9.625676140952567E-002
 -1.900000000000000E-002  0.699335567163595     
 -1.800000000000000E-002   1.29948159892827     
 -1.700000000000000E-002  0.265369448528683     
 -1.600000000000000E-002  0.597674623043671     
 -1.500000000000000E-002   1.51912264513983     
 -1.400000000000000E-002   1.19164552371369     
 -1.300000000000000E-002  0.449640902601968     
 -1.200000000000000E-002  0.339354011280797     
 -1.100000000000000E-002   1.06706252422652     
 -1.000000000000000E-002   1.35762624142119     
 -9.000000000000001E-003  0.891434831946427     
 -8.000000000000000E-003   2.60247778199501     
 -6.999999999999999E-003   4.37571422273646     
 -6.000000000000002E-003   3.37107036882522     
 -5.000000000000001E-003   4.51136523904663     
 -4.000000000000000E-003   4.89498103302900     
 -3.000000000000003E-003   20.4617875556809     
 -2.000000000000002E-003   54.0030181247999     
 -1.000000000000001E-003   67.6399670431142     
  0.000000000000000E+000   52.5773380710786     
  1.000000000000001E-003   42.1473375813443     
  1.999999999999998E-003   27.5600883810400     
  2.999999999999999E-003   22.7547924784139     
  4.000000000000000E-003   2.15394660232766     
  4.999999999999998E-003   2.39035098260325     
  5.999999999999998E-003   2.67350051096046     
  6.999999999999999E-003  0.708990630336892     
  8.000000000000000E-003   3.33811778118857     
  9.000000000000001E-003   3.96790143665633     
  1.000000000000000E-002   6.68696802500387     
  1.100000000000000E-002   6.57461398206520     
  1.200000000000000E-002   3.16201259394376     
  1.300000000000000E-002   1.92588766825928     
  1.400000000000000E-002  0.421517226146600     
  1.500000000000000E-002  0.000000000000000E+000
  1.600000000000000E-002  0.000000000000000E+000
  1.700000000000000E-002  0.000000000000000E+000
  1.800000000000000E-002  0.000000000000000E+000
  1.900000000000000E-002  0.000000000000000E+000
  2.000000000000000E-002  0.000000000000000E+000
  2.100000000000000E-002  0.000000000000000E+000
  2.200000000000000E-002  0.000000000000000E+000
  2.300000000000000E-002  0.000000000000000E+000
  2.400000000000000E-002  0.000000000000000E+000
  2.500000000000000E-002  0.000000000000000E+000
