 -2.500000000000000E-002  0.000000000000000E+000
 -2.400000000000000E-002  0.000000000000000E+000
 -2.300000000000000E-002  0.000000000000000E+000
 -2.200000000000000E-002  0.000000000000000E+000
 -2.100000000000000E-002  0.000000000000000E+000
 -2.000000000000000E-002  0.242087013277179     
 -1.900000000000000E-002  0.682662470157357     
 -1.800000000000000E-002   1.19254095715123     
 -1.700000000000000E-002  0.300601170475602     
 -1.600000000000000E-002  0.416170857947373     
 -1.500000000000000E-002   1.79037593042199     
 -1.400000000000000E-002   1.14673265051346     
 -1.300000000000000E-002  0.146698950055811     
 -1.200000000000000E-002  0.505266338565358     
 -1.100000000000000E-002  0.659562317902069     
 -1.000000000000000E-002   1.84658041905360     
 -9.000000000000001E-003   1.16580013621761     
 -8.000000000000000E-003   2.50845625079197     
 -6.999999999999999E-003   4.09167951369012     
 -6.000000000000002E-003   3.74351393860320     
 -5.000000000000001E-003   4.35120743580204     
 -4.000000000000000E-003   4.52136622094358     
 -3.000000000000003E-003   19.4326380931114     
 -2.000000000000002E-003   40.1827552293505     
 -1.000000000000001E-003   46.6785632639979     
  0.000000000000000E+000   36.0347723111591     
  1.000000000000001E-003   28.6893831522989     
  1.999999999999998E-003   21.0341210644777     
  2.999999999999999E-003   14.9861469616521     
  4.000000000000000E-003   2.03904993289562     
  4.999999999999998E-003   2.28288761419957     
  5.999999999999998E-003   2.81558515690475     
  6.999999999999999E-003  0.958358653099282     
  8.000000000000000E-003   2.82464315308367     
  9.000000000000001E-003   4.26465729124078     
  1.000000000000000E-002   6.68330304891040     
  1.100000000000000E-002   6.42389786221414     
  1.200000000000000E-002   3.16741178469676     
  1.300000000000000E-002   2.01935922984962     
  1.400000000000000E-002  0.428183625288212     
  1.500000000000000E-002  0.000000000000000E+000
  1.600000000000000E-002  0.000000000000000E+000
  1.700000000000000E-002  0.000000000000000E+000
  1.800000000000000E-002  0.000000000000000E+000
  1.900000000000000E-002  0.000000000000000E+000
  2.000000000000000E-002  0.000000000000000E+000
  2.100000000000000E-002  0.000000000000000E+000
  2.200000000000000E-002  0.000000000000000E+000
  2.300000000000000E-002  0.000000000000000E+000
  2.400000000000000E-002  0.000000000000000E+000
  2.500000000000000E-002  0.000000000000000E+000
